2.963997629544425408e-16
2.706574464937646170e-15
2.386015043803624463e-23
1.443372838046993095e-29
1.483478070553140972e-20
1.218734076439156157e-25
2.636625414556420704e-13
1.585305756119198442e-13
8.161742291850294112e-17
1.811171290929466258e-16
1.038847246838559667e-18
1.763844787516595131e-12
1.667111738464392373e-12
7.608937461452176268e-13
5.296501894352769685e-13
2.504009845679162485e-14
5.520891438761613411e-22
6.165740428538387870e-28
9.125786466987241981e-21
1.564363124471796543e-23
6.400266322146833993e-12
1.157542781503151218e-13
1.929186804349235389e-13
6.324948697446893793e-13
1.324350402315646267e-13
8.813604025814346215e-13
3.443715200769286159e-26
1.520459238460685443e-13
1.514830078415372531e-14
2.780737454058938575e-25
9.953984505519366357e-16
6.119231776427725585e-14
1.282906744269570623e-13
3.187680482513105986e-13
3.576172280751236043e-13
2.347472393678776802e-13
3.497926479322995732e-14
6.556467961535375447e-22
1.400242307424793993e-12
2.771086366185597685e-14
1.876607355488691779e-13
2.102999836231921703e-13
7.935161444747707967e-14
3.136461432465678859e-15
5.789123757127415196e-14
1.706576883798717801e-13
7.513114427611066007e-15
2.573197161261781639e-15
5.071890508063616918e-13
3.048594393390950729e-14
6.480196755746344689e-13
2.130781165596880000e-12
1.134730068182148642e-14
4.354346071257277709e-13
1.452676046812211890e-19
1.310063903631020172e-13
2.748707516031249722e-14
4.972159239303858550e-14
1.414539282719930986e-13
3.336452707108497322e-15
5.757790970317174790e-15
1.361379261958437148e-13
4.764201889089940915e-15
1.312205014632376267e-13
3.869275513469830476e-13
2.079908542997254699e-14
1.207667784961765824e-13
1.148538217836112419e-14
1.723337101563389632e-14
8.500605423460612815e-15
5.317707444567614146e-16
2.391773093850446691e-13
1.373706760389430043e-15
5.176339093528184522e-15
1.094270640014394505e-12
2.548486909516847827e-16
1.981897307085136144e-13
2.444948176575993591e-13
1.622148781086106499e-14
1.213627442279964229e-12
1.490120250122055446e-12
2.124986167817206160e-13
2.842951194281870849e-14
1.653399265629724666e-12
