5.881377083102507441e+01
5.895716755415227084e+01
5.774854729949186805e+01
5.968437550142034098e+01
5.857670457158898358e+01
5.858326346288833975e+01
5.829941537891394887e+01
5.886728417985698059e+01
5.771194224594859890e+01
5.791007411373023217e+01
5.715566977571079832e+01
5.745231915295283898e+01
5.736697235675755735e+01
5.693114719576523441e+01
5.605610567527620702e+01
5.584046299342911368e+01
5.558608956831500336e+01
5.607874237217068725e+01
5.665905653828614419e+01
5.594654483511995835e+01
5.592992986768009445e+01
5.609620559358609881e+01
5.562780235577775301e+01
5.489947500897919497e+01
5.533025690356404169e+01
5.551907951553467058e+01
5.565448504565500087e+01
5.503144289795804411e+01
5.518573191529358724e+01
5.572719002323525928e+01
5.525174120851131221e+01
5.553086096213110778e+01
5.585832428367733371e+01
5.512013758629058202e+01
5.447098419703984007e+01
5.574483967431062581e+01
5.510211035545547986e+01
5.495459528632164137e+01
5.508527115305380306e+01
5.612434968307612593e+01
5.469036633343983311e+01
5.442521915221313122e+01
5.379142098745231237e+01
5.452971853440454453e+01
5.440259778028328697e+01
5.482870105689743667e+01
5.613013865537008940e+01
5.337095190678039103e+01
5.409690899066522007e+01
5.458352557598467314e+01
5.389705930549617818e+01
5.444848912728949131e+01
5.444529479212823730e+01
5.421443979202295793e+01
5.372169451898984960e+01
5.449870683093963208e+01
5.540171906137549485e+01
5.443939843235336440e+01
5.469384675166648435e+01
5.503833757834768647e+01
5.456367649153233401e+01
5.366332475629572230e+01
5.465501617656894950e+01
5.408090901406875872e+01
5.446441667290429223e+01
5.472778640270755801e+01
5.491606987703456610e+01
5.532199800071285978e+01
5.420270878295257688e+01
5.667766141700671056e+01
5.410723555764084125e+01
5.392919066476714107e+01
5.536200488210057102e+01
5.337762436885807205e+01
5.424153205450915038e+01
5.359133133145310524e+01
5.535271379748641607e+01
5.383632365721589963e+01
5.648881203273705154e+01
5.563923755278315042e+01
5.474002102617581755e+01
5.302125094523423599e+01
5.654551544260559837e+01
5.620897219940464140e+01
