1.587243308230879961e+02
1.594986424808006973e+02
1.584208792315382084e+02
1.624489427519558831e+02
1.636295648841078787e+02
1.644398842750711651e+02
1.639660091512935765e+02
1.647742981218473801e+02
1.653771736248780542e+02
1.653927048681480585e+02
1.648833596067129861e+02
1.652154491159714382e+02
1.653650111535664848e+02
1.653997650425989718e+02
1.664835214834218107e+02
1.663683923857861657e+02
1.658845412998915663e+02
1.668554130996076594e+02
1.658596051064137669e+02
1.664147066319031865e+02
1.666360131846965089e+02
1.664919684458632503e+02
1.662684578768392782e+02
1.675164719550033965e+02
1.668807010784032911e+02
1.667530851640084961e+02
1.649906564179444501e+02
1.669306894578964204e+02
1.658546436234671830e+02
1.643374884374057388e+02
1.650438618057978886e+02
1.638972129623875844e+02
1.653592843128345180e+02
1.659364900566588119e+02
1.676051374749666820e+02
1.654070546971698263e+02
1.649210714720901478e+02
1.657916901731794610e+02
1.643575083778928274e+02
1.644456401680373858e+02
1.657779768322410519e+02
1.650610790338395191e+02
1.670136976723365478e+02
1.659565097959605851e+02
1.651567536133704834e+02
1.638516228415971909e+02
1.640361218007453488e+02
1.661355005795267914e+02
1.652982013990017549e+02
1.631016374850303237e+02
1.647765025215438754e+02
1.642298737804696600e+02
1.639059653956371676e+02
1.644978804235453538e+02
1.641850853851650811e+02
1.624226496791593490e+02
1.613943390696632889e+02
1.625152864486332192e+02
1.636234352585265412e+02
1.608625237875433811e+02
1.618829173411606348e+02
1.615065653500282394e+02
1.611907307388478898e+02
1.612773359829734545e+02
1.617047870755478982e+02
1.611127614862738824e+02
1.608388909796952930e+02
1.584452259039237561e+02
1.616121647310577885e+02
1.590741805903859927e+02
1.598625048746652055e+02
1.619174912795658656e+02
1.577668176489833058e+02
1.595212639326786359e+02
1.597844732182260827e+02
1.591721279648550933e+02
1.564905887439390710e+02
1.583544566478882700e+02
1.531888599641235373e+02
1.562329872091993934e+02
1.563380672320966198e+02
1.581895536159874212e+02
1.547756636377481811e+02
1.548136776292362526e+02
