5.881418997006466043e+01
5.911098098798611034e+01
5.810869961854771759e+01
6.773279512419092896e+01
6.780980575896705886e+01
6.792286682799986863e+01
6.848506568529029437e+01
6.862396822015239195e+01
6.893664089556891383e+01
6.883189509537314166e+01
6.888078005836065643e+01
6.919977927592923095e+01
6.963413687582203693e+01
6.948314440934171898e+01
6.905111589710173803e+01
6.964188135138999769e+01
6.895307205385483940e+01
6.935086729151313989e+01
6.953828617872349582e+01
6.994793975004749598e+01
7.039836600477966044e+01
7.006360534000538109e+01
6.980519911458222282e+01
7.042753669864808330e+01
7.086499527610789073e+01
7.010980301560252315e+01
7.036187251134970211e+01
7.044005249910020439e+01
7.092724133365896932e+01
7.038306477866845512e+01
7.101627195182996388e+01
7.144704599727319305e+01
7.099769183992384569e+01
7.220301690817731810e+01
7.101842746010582630e+01
7.234496234803752657e+01
7.093259442523657299e+01
7.084529507046833885e+01
7.091036734465554048e+01
7.117327318799449642e+01
7.093681169629803662e+01
7.038831236740580266e+01
7.077086638135114072e+01
7.129690625980937568e+01
7.055797869622362839e+01
7.117583686210871008e+01
7.053743868258257521e+01
7.106815940889258343e+01
7.122733771290225491e+01
7.033027631074409669e+01
7.001013345403667643e+01
7.031117457168976159e+01
7.037291050444464702e+01
7.045855064609551732e+01
7.013713990105809160e+01
7.013845440776462681e+01
6.980236677874088969e+01
7.019643181339478133e+01
6.880922848787075452e+01
6.810595429650599897e+01
6.827549752539638916e+01
6.857323636094938024e+01
6.838603927023090989e+01
6.826876155898135323e+01
6.758767691543192768e+01
6.814262921970622244e+01
6.755926776906348152e+01
6.732506775956107958e+01
6.662927391430280011e+01
6.657850839712341440e+01
6.648501906856377275e+01
6.571489538135669761e+01
6.562771496585980913e+01
6.574657959430766141e+01
6.509804674998341056e+01
6.662539137791148391e+01
6.583436599352826590e+01
6.601616165070640818e+01
6.548366303378551834e+01
6.461194160079931237e+01
6.359897504095656018e+01
6.341368006178399952e+01
6.253237906205847452e+01
6.269926120022588378e+01
