1.587248633886103448e+02
1.579045906110369231e+02
1.571320677809328288e+02
1.689572593844702055e+02
1.700506449316470423e+02
1.714907598537896831e+02
1.722681245952294091e+02
1.729503784849143528e+02
1.740508958164568014e+02
1.745341130176837510e+02
1.751957557409405979e+02
1.758557884565667280e+02
1.756365276893148746e+02
1.760071929806169919e+02
1.771431403816181387e+02
1.773642494708569473e+02
1.771783126712728063e+02
1.782280590672459084e+02
1.787978618411361253e+02
1.795147513462552524e+02
1.801967542881301938e+02
1.804842934825576037e+02
1.810906802274298002e+02
1.808613292560040691e+02
1.817740119874646041e+02
1.829417105979945859e+02
1.827109888108720952e+02
1.820639185087551368e+02
1.829088890007801638e+02
1.833822884212872850e+02
1.841131787468144978e+02
1.840955803399467925e+02
1.845866408811158692e+02
1.841063177877354917e+02
1.852536690916204805e+02
1.846639300541764044e+02
1.853582832498459538e+02
1.856060426405203145e+02
1.847864652111317127e+02
1.852312929922853186e+02
1.859598861814557438e+02
1.852188038192207955e+02
1.853555085967964260e+02
1.855601867726736600e+02
1.868566420607138525e+02
1.863107821003796403e+02
1.858047273147658984e+02
1.861413060190833733e+02
1.882641624205543849e+02
1.864766744865127350e+02
1.851011939948752172e+02
1.854831612034867874e+02
1.866239275477584272e+02
1.853053015678447935e+02
1.848818673179476946e+02
1.852173952876618443e+02
1.848168263032019922e+02
1.845960783193915802e+02
1.845883475989162434e+02
1.852726191044649511e+02
1.846488404751048051e+02
1.842403857084856611e+02
1.848432218572661156e+02
1.837178229854424956e+02
1.846184957041160715e+02
1.834473823812953697e+02
1.842570641283077748e+02
1.825536565675540999e+02
1.829033750798076881e+02
1.815503285812998513e+02
1.821999143707519693e+02
1.816952194045750275e+02
1.820059292742003265e+02
1.805325871861861629e+02
1.799424144284531906e+02
1.784558039444594044e+02
1.787812457079881199e+02
1.769966096436059502e+02
1.768809770085183573e+02
1.776965599988570830e+02
1.753193037842092110e+02
1.746738796326510226e+02
1.743827921186020262e+02
1.756077970707252121e+02
