2.044391878892747311e-14
4.862621858770956858e-15
1.058654428377214527e-12
1.926600168313296027e-16
3.400091227215425460e-14
5.892820900510473629e-24
3.505078253008022812e-24
1.781298092643490294e-25
1.713341349670057690e-25
3.378934209024149736e-13
4.654324485310787616e-13
3.853025921181433275e-14
3.961104777389025830e-13
1.714905346688798181e-12
1.913468835548899352e-13
1.224884353363166135e-21
3.280326622193429990e-12
3.978128386642356178e-23
1.164596144765863520e-12
1.892750570024529444e-31
7.875145915543784661e-26
9.180110803383958427e-19
1.169491683327908051e-12
3.574469706131898005e-23
6.071929894496185244e-21
2.919811313885398083e-20
5.016943104654060623e-28
4.731168873746066116e-14
4.916944809854395390e-14
1.038967004894405392e-18
3.840909832362101235e-14
1.041196735469458455e-15
2.594995182899599320e-20
9.032874690163317902e-22
4.832446294634865464e-19
7.158986961239996361e-13
5.766951358874351010e-13
7.071711735616451937e-31
5.047897486700198402e-26
1.163837742275722445e-24
7.113843519566313487e-13
5.320661699255396873e-21
6.065955756693875606e-13
5.127064699479254057e-26
9.013090422034471089e-25
9.493800999004996203e-13
4.696451128048991867e-13
5.376307853432874703e-14
2.630533615639515642e-15
2.356410939116739601e-20
4.380982570909263193e-21
2.274672201413132051e-21
7.218252526986160522e-12
4.090465621347358251e-20
6.174824004726025368e-12
9.591720421310168109e-17
1.524862777050027414e-15
6.646346283003816955e-17
3.335196303620630909e-14
8.382643273172110566e-13
1.429417457982190952e-13
9.305498074679664683e-15
1.966964870149071412e-13
1.913132337409165131e-21
2.830307202363219046e-13
1.147951584671313915e-23
3.057344793352343325e-17
1.822289420849072809e-13
1.820055512245507823e-13
3.040292463099395520e-13
2.406598894366165578e-13
1.051515629249846406e-20
1.916281133863254604e-24
1.720536433167901470e-13
5.951142459758321605e-13
2.940552438317553020e-14
7.824860942479465706e-13
1.938128085789884205e-14
3.722198498077977563e-13
1.143166300689864743e-12
1.820284556004667776e-22
9.494834315010949269e-14
1.236738505185380166e-12
7.254997174730071465e-22
