4.799945282378354250e+02
4.798490819596246411e+02
4.623465879264853129e+02
4.798057776907732546e+02
4.550640711756394126e+02
4.754373304714321193e+02
4.787634030430243115e+02
4.551132545104065343e+02
4.798861988917845451e+02
4.773052295633739845e+02
4.799561088025308209e+02
4.799875929316654037e+02
4.550018099501095321e+02
4.711027848771039430e+02
4.570498906375915453e+02
4.797565840246435300e+02
4.670325870650140700e+02
4.798766141202553968e+02
4.550019175039315087e+02
4.703075895053009390e+02
4.637742532767099419e+02
4.550867642300923421e+02
4.799995114572162151e+02
4.551250000017283810e+02
4.736800152418722405e+02
4.656679332026088218e+02
4.795139137759456958e+02
4.756666915069815786e+02
4.789222487031339597e+02
4.706139382549415018e+02
4.799775132374762165e+02
4.551249635078260667e+02
4.709902569529680250e+02
4.683871686348946923e+02
4.728570464099027504e+02
4.798616327796651717e+02
4.783525792056848900e+02
4.707903667439555875e+02
4.723423335225798496e+02
4.787475017470958960e+02
4.635239158425070514e+02
4.563259997410164033e+02
4.799996655316546139e+02
4.799999983310053153e+02
4.799970226790978813e+02
4.555208334743354044e+02
4.798971136824442851e+02
4.799358734498711101e+02
4.796864455001185661e+02
4.737600043408216379e+02
4.667102246635800498e+02
4.550055484344428578e+02
4.799993749999999864e+02
4.799846344162252763e+02
4.731142600312431341e+02
4.703524284572697525e+02
4.721497882912113937e+02
4.761181048621054970e+02
4.550114361834599777e+02
4.551082790586911528e+02
4.799993749999999864e+02
4.678205169505920367e+02
4.711509616595278089e+02
4.555103602544986643e+02
4.550003678727617853e+02
4.550221893621359754e+02
4.682361733655648663e+02
4.799446332701177766e+02
4.551073196073227223e+02
4.799732552844366182e+02
4.550093512683509971e+02
4.587750125390817857e+02
4.654651480753268515e+02
4.604790793724253604e+02
4.799546612140924253e+02
4.550009833819552227e+02
4.799979165519978892e+02
4.799817283204834553e+02
4.562251740053936260e+02
4.787335648854274268e+02
4.787251292138181498e+02
4.776073633224276591e+02
4.792147205300459518e+02
4.733839845431266440e+02
