5.159924261824471614e+02
5.168369353882247879e+02
5.171415618608115210e+02
5.166941115030746232e+02
5.169641032795902902e+02
5.171612567088814103e+02
5.173656026938573405e+02
5.175432922108758476e+02
5.177063513688009380e+02
5.178189157710910422e+02
5.178968583033160940e+02
5.180079506931942888e+02
5.181573376780844455e+02
5.182234564591461776e+02
5.182133681310467637e+02
5.184387202612072088e+02
5.184707263067683698e+02
5.186123905687456954e+02
5.187186881202409268e+02
5.188948563839868484e+02
5.190260637032458817e+02
5.191084596974847045e+02
5.191196458071781308e+02
5.193427149040309132e+02
5.194877430514400203e+02
5.193774869174698097e+02
5.195514852821718250e+02
5.196180757513561730e+02
5.197450970729507844e+02
5.197671838546822300e+02
5.199043663960088679e+02
5.200112186256158111e+02
5.200073188260701045e+02
5.202220957651085200e+02
5.201477093040161890e+02
5.203921290632844148e+02
5.202992787230642762e+02
5.202724712299885823e+02
5.204315495436273977e+02
5.205161280169322708e+02
5.204974710282320984e+02
5.205638060291307738e+02
5.206227252790680495e+02
5.207472935846460587e+02
5.206794342100383801e+02
5.208302846142859153e+02
5.209007145504256187e+02
5.209883303898725444e+02
5.210325726190012574e+02
5.210548321153725055e+02
5.210933751884766707e+02
5.211804674499788916e+02
5.212445910137076908e+02
5.213508105164618200e+02
5.214324668883891718e+02
5.214635845337470528e+02
5.214907603146583597e+02
5.215824997453868264e+02
5.215466370529857159e+02
5.214782829559517268e+02
5.215730949903036162e+02
5.217321021748116436e+02
5.217217915633042367e+02
5.218334774826413422e+02
5.218431714022290180e+02
5.219132720579179932e+02
5.219090212946487100e+02
5.219786471032392683e+02
5.219488520918762333e+02
5.220349790927535878e+02
5.221243817196268537e+02
5.220685270650519669e+02
5.220934636363193704e+02
5.221939177980675595e+02
5.221759654858255999e+02
5.225382642735748959e+02
5.224858886358815653e+02
5.226304242772250745e+02
5.225608544673273173e+02
5.225549606417393989e+02
5.225113258009587298e+02
5.226176769795885093e+02
5.225709374374481513e+02
5.224635437256027899e+02
