5.540961884198983398e+02
5.552656870538431804e+02
5.556744302084733818e+02
5.571456330905260756e+02
5.575745408251227673e+02
5.579078509252199183e+02
5.582836484178155843e+02
5.585375861692729131e+02
5.588294775776662391e+02
5.590532635391392660e+02
5.591592514857769629e+02
5.593626611456305682e+02
5.596667070998224744e+02
5.597599551860085967e+02
5.597911357266438017e+02
5.601034359736635224e+02
5.601505842858977076e+02
5.603962233942966122e+02
5.606638835840910815e+02
5.609345570853942036e+02
5.612106751848842805e+02
5.613096126732666562e+02
5.613392457929342072e+02
5.617164789741926825e+02
5.618961542753017966e+02
5.618641257548783869e+02
5.621457046777661617e+02
5.622580062572701536e+02
5.624007237654211622e+02
5.624557867637466870e+02
5.626600522645765068e+02
5.628646946594166138e+02
5.628960663509051301e+02
5.632069672447016728e+02
5.630785234356554838e+02
5.633865625026710404e+02
5.632794271963014126e+02
5.633213249330175358e+02
5.634615866211172488e+02
5.635445793962469452e+02
5.635368380023494410e+02
5.635380321753439148e+02
5.637014234042362659e+02
5.638177218645292896e+02
5.638108181058363471e+02
5.640109205066254390e+02
5.640069955181010073e+02
5.641507869206636769e+02
5.642945691865089657e+02
5.641511120677346298e+02
5.641889292188125182e+02
5.642571931074093072e+02
5.642774209811204855e+02
5.644531332491483226e+02
5.644265352198934806e+02
5.645075043643220170e+02
5.645636462697847264e+02
5.646442367747898743e+02
5.644469968809852389e+02
5.643742043799077237e+02
5.644657199555005036e+02
5.645756466146709727e+02
5.645478931918506760e+02
5.646662218457043991e+02
5.645398359022015029e+02
5.647328560667223201e+02
5.645948290217788781e+02
5.647095876778608954e+02
5.645921366349488153e+02
5.646569772640049223e+02
5.645817484093865914e+02
5.645471117191974599e+02
5.645123176056150669e+02
5.646325735369455288e+02
5.645867089320281593e+02
5.649016150553037505e+02
5.647116269487381714e+02
5.648493180462559167e+02
5.647808447627280657e+02
5.646107095581687645e+02
5.646075874585860674e+02
5.646437837449027484e+02
5.644930252445423093e+02
5.644407952648251694e+02
