1.162176290627151474e+02
1.158167837841668870e+02
1.150089633695601066e+02
1.277027872123806276e+02
1.282118671528542677e+02
1.286828322616244975e+02
1.291961469008225549e+02
1.296561191626584844e+02
1.302085465442951886e+02
1.305171725640083764e+02
1.303962390292697364e+02
1.306704772796867928e+02
1.312539454373223009e+02
1.313168368918367435e+02
1.310622140938814653e+02
1.314216502535463178e+02
1.311491988230679340e+02
1.315296787353721015e+02
1.318953991764676914e+02
1.324288921464505790e+02
1.326733035755692924e+02
1.327034730357116814e+02
1.325329865469456081e+02
1.331347322303865326e+02
1.335630076404473243e+02
1.334709862355570351e+02
1.339438685827376219e+02
1.335992538632304729e+02
1.338387864618999572e+02
1.338781208197756598e+02
1.344672515701450095e+02
1.346960917325814933e+02
1.347491115903920047e+02
1.351009462691980616e+02
1.350125126451369795e+02
1.353369887900975641e+02
1.350993454602611621e+02
1.348742098539406982e+02
1.347953015526560989e+02
1.350759973683262558e+02
1.348522772801723022e+02
1.346579425616917263e+02
1.347500663277831165e+02
1.349857332770790492e+02
1.350614342264369725e+02
1.350640219146057461e+02
1.349852775005019794e+02
1.350124912739577496e+02
1.356248562839544149e+02
1.347195559168269483e+02
1.343173588979696262e+02
1.344504622468617185e+02
1.345638850541396039e+02
1.342330020423784731e+02
1.342875925495185641e+02
1.339839874996215485e+02
1.336732047194709878e+02
1.334301489097333047e+02
1.331665096605752012e+02
1.330028844910975181e+02
1.327706893344214052e+02
1.328046004398383673e+02
1.325106044676208796e+02
1.325457341584007338e+02
1.326890265643731084e+02
1.318730093863346724e+02
1.316151569376641248e+02
1.312677204518220151e+02
1.310009713717046793e+02
1.305095509903856339e+02
1.306000962540003627e+02
1.300337756082808198e+02
1.296665361440856543e+02
1.293319188321279398e+02
1.289370770268267279e+02
1.289740292350774666e+02
1.283151781381774299e+02
1.279024657490351302e+02
1.273875483825300563e+02
1.271382335554449128e+02
1.265522381467894917e+02
1.263783918021721462e+02
1.257970911829669802e+02
1.250862519937604986e+02
