6.184755831117011127e+01
6.209253812896894686e+01
6.182546115760206362e+01
6.726335003482567743e+01
6.757602595021008085e+01
6.786181953684786095e+01
6.829840763233146106e+01
6.866310220538757392e+01
6.896023023159048648e+01
6.915805822036551831e+01
6.914110423304867936e+01
6.942651052421015834e+01
6.976481631358662128e+01
6.986165580235535799e+01
6.956258077518813820e+01
7.005949598832299330e+01
6.992301535988639216e+01
7.014416077856751031e+01
7.030514332355797080e+01
7.077122487459004674e+01
7.102476726384109895e+01
7.100329580214800274e+01
7.085410490087156177e+01
7.136561583105303441e+01
7.172171096868231643e+01
7.138725507240279455e+01
7.182285171393742473e+01
7.177213332984911176e+01
7.204434376242214455e+01
7.196048792976908715e+01
7.237058003821179852e+01
7.269319709520037520e+01
7.246898342158982587e+01
7.313190949967159327e+01
7.276724050449344361e+01
7.343363225103043135e+01
7.286811357238866549e+01
7.281334942528849297e+01
7.294934761241248111e+01
7.324450869627399641e+01
7.303246791950033412e+01
7.301547861019290053e+01
7.317674078515932479e+01
7.337685581743423313e+01
7.305849000157228090e+01
7.348594868063131003e+01
7.337436892077209905e+01
7.354051041762835439e+01
7.384433266489843106e+01
7.341877528009115395e+01
7.325316450240133292e+01
7.353267634290050125e+01
7.362046798262205982e+01
7.358656947980485086e+01
7.381417742716207897e+01
7.355128790060820165e+01
7.336776542490420638e+01
7.357259320037128703e+01
7.313808212340424575e+01
7.280813406687518352e+01
7.305512365958837506e+01
7.323897805536245187e+01
7.302732436493660373e+01
7.335598704072086207e+01
7.311203948491956339e+01
7.307484057107002684e+01
7.287866790798267402e+01
7.290401972852957613e+01
7.264569766352211388e+01
7.252056735705927792e+01
7.267623731962562772e+01
7.232216885655401484e+01
7.218140033829106983e+01
7.224637771721590696e+01
7.187108219604095893e+01
7.279053609117984536e+01
7.251892199591051735e+01
7.249361064088938633e+01
7.225608739277198822e+01
7.174457801800639345e+01
7.156554665647702507e+01
7.148364375133706972e+01
7.118436830459528153e+01
7.084805794657434319e+01
