5.999820945898548530e+01
1.041389726427514262e+00
5.970499999999999119e+01
5.998273935454306383e+01
1.196062195037322873e+01
5.970499999998826013e+01
5.969873363941717770e+01
2.475104078624887904e+01
1.296694973708947263e+00
5.999852500000000077e+01
6.311500905763045566e+00
3.642402748135438628e+00
5.574299423472197645e+01
5.970499999999999829e+01
5.982659181908702806e+01
5.970499999999998408e+01
5.970499999999999829e+01
2.397211443475600490e+01
5.751600636572765524e+01
1.295000000000039675e+00
1.307230829100711533e+00
4.724202926349354925e+01
4.537181311530950722e+01
9.401419121131581846e+00
1.286974457827856799e+00
5.996144679422707924e+01
1.289198618879127567e+00
1.017193216074138817e+00
5.999300236973240885e+01
5.970499999999996277e+01
5.344363488529671002e+01
2.218038292586553695e+01
1.295000000000000817e+00
5.970499999999998408e+01
5.970499999999999829e+01
1.001592757652050913e+00
1.090161315589199376e+00
1.294999999999970397e+00
5.971171508233680214e+01
1.293263774152863199e+00
5.987088790247988612e+01
1.295000000000007701e+00
5.850876160737693965e+01
5.962720801475875021e+01
5.960027587037627228e+01
5.984269625245455870e+01
3.925135232539018659e+01
1.001594188162025167e+00
5.988170172434922733e+01
5.971255743310206299e+01
1.293488500784234052e+00
4.277240222767240851e+01
5.268188154979896609e+01
5.264518574276812046e+01
5.970499999999999829e+01
1.295000000000010587e+00
1.295000000000009477e+00
1.196432363211862970e+00
4.962297080142844763e+00
5.970499999999999829e+01
5.578443091344929172e+01
5.989254596980497780e+01
1.294999999999994600e+00
5.893406740475035832e+01
1.001204288905630069e+00
1.010112488805873898e+00
1.265754701123670056e+00
1.792417255887239946e+01
4.193490940341813200e+01
5.511667295072532369e+01
4.247208846945849103e+00
1.294999999999987494e+00
1.294999999999995488e+00
5.970499999999999829e+01
6.346435819727908267e+00
3.405209365380256425e+00
5.692127621523125214e+01
3.842856877602989130e+01
1.294999999999994600e+00
1.051701290544112766e+00
1.306402296328988522e+00
1.108031790778461811e+00
1.294999999999994600e+00
1.292010188386986336e+00
