-2.532278304354448895e-01
-2.489054011075442774e-01
-2.398821918128246911e-01
-2.761827582244132939e-01
-2.758275161887244753e-01
-2.776559238497766091e-01
-2.792244642204287919e-01
-2.782322108747969369e-01
-2.801844409486679011e-01
-2.778361616099975784e-01
-2.810774387522081974e-01
-2.826595042253730594e-01
-2.798645730741704529e-01
-2.788706753760920032e-01
-2.822314948627946407e-01
-2.825950463230584297e-01
-2.777695734511426151e-01
-2.815323109541140179e-01
-2.817078228944704943e-01
-2.820161049174125245e-01
-2.846145911221186209e-01
-2.828540203400952135e-01
-2.844953839798597950e-01
-2.819500523897878752e-01
-2.849136856711683152e-01
-2.851496156508920299e-01
-2.808943616067295923e-01
-2.801548583942131132e-01
-2.846093341035967894e-01
-2.821287487761929280e-01
-2.848488930622725124e-01
-2.845501717180495271e-01
-2.838144880994543651e-01
-2.853127880969104080e-01
-2.833015611822486401e-01
-2.857479062040312323e-01
-2.816103624962055796e-01
-2.824094639730846956e-01
-2.793080563407031591e-01
-2.802527936190205016e-01
-2.831854864337743360e-01
-2.771732162971841662e-01
-2.786116247442083083e-01
-2.815806257016389980e-01
-2.819464100540524654e-01
-2.817573151244351370e-01
-2.761606489105222217e-01
-2.800981313396536110e-01
-2.846550345825076822e-01
-2.777560643730488943e-01
-2.723075784557981716e-01
-2.741086179817910362e-01
-2.785320583952186624e-01
-2.747577832966728861e-01
-2.698570762208680196e-01
-2.734167828592380389e-01
-2.711591916365571064e-01
-2.730518286361420799e-01
-2.669518091995206066e-01
-2.665650051978867840e-01
-2.649052079354164979e-01
-2.648320893740492843e-01
-2.681538885624103474e-01
-2.606373144457453939e-01
-2.609390109258618584e-01
-2.627108971595273346e-01
-2.645111995685700546e-01
-2.566049171441427412e-01
-2.556786408842063874e-01
-2.525697005712913001e-01
-2.546068113870887384e-01
-2.503579615392679814e-01
-2.535656465846562457e-01
-2.492427711525491418e-01
-2.455150736300470427e-01
-2.467236133430521228e-01
-2.466694809351668849e-01
-2.427187857408823479e-01
-2.411245683392672645e-01
-2.428715867070325996e-01
-2.278554473232389244e-01
-2.254278160644933304e-01
-2.218860832319514698e-01
-2.323357505430818370e-01
