5.540961525670937817e+02
5.551914293669940434e+02
5.554726004490156583e+02
5.540933114114246791e+02
5.541653879280130468e+02
5.543864941599513259e+02
5.545871028321414542e+02
5.548147679269156924e+02
5.547566844533031372e+02
5.549591105619562086e+02
5.549126489789417747e+02
5.550843406193309875e+02
5.551774112374469041e+02
5.551756509335712053e+02
5.550189578880367662e+02
5.551869046879012330e+02
5.552807421080158292e+02
5.555064626270805093e+02
5.558286861929841507e+02
5.558972323315410904e+02
5.560393328921815055e+02
5.562101750767048998e+02
5.562260532320386801e+02
5.562516847658570214e+02
5.564795496456346200e+02
5.566069872625540711e+02
5.568843494305532431e+02
5.566832988293809876e+02
5.569247725233612982e+02
5.572225120437707346e+02
5.572273590994175265e+02
5.574070340154503356e+02
5.574691749723165231e+02
5.574373667227198439e+02
5.573693984406445452e+02
5.577030018158567373e+02
5.576790003237798601e+02
5.576895606992525245e+02
5.578456120062110131e+02
5.580970106834597573e+02
5.578698841928733145e+02
5.578737636337959884e+02
5.578072751624570174e+02
5.580371226577052539e+02
5.581222864138218256e+02
5.583558731185148645e+02
5.586137723485891229e+02
5.582032029522960102e+02
5.584063217597424682e+02
5.585998927938667293e+02
5.585257542894347580e+02
5.587229069143392053e+02
5.587901988761516350e+02
5.588314848362592784e+02
5.588810970968967240e+02
5.591131770801019911e+02
5.593689586393251147e+02
5.592178618301544475e+02
5.592735481319195969e+02
5.596229764770284874e+02
5.594741874108559614e+02
5.594531771850389532e+02
5.596520200917804004e+02
5.596578681739836156e+02
5.597986034065943386e+02
5.598602743357157578e+02
5.599922430847283294e+02
5.602989528316745691e+02
5.599610713431674185e+02
5.605258835054944484e+02
5.602227809883239615e+02
5.601574312247071248e+02
5.606194752160250800e+02
5.602793332536783737e+02
5.605000470271625090e+02
5.605084118687237833e+02
5.609786472925022736e+02
5.606834362416257136e+02
5.614455924675203278e+02
5.612209656809982334e+02
5.611206837434983754e+02
5.607868886744616930e+02
5.616617199014051494e+02
5.616598120896313731e+02
