4.799947638091473436e+02
4.691833499376577947e+02
4.659594849688973568e+02
4.671978018533827139e+02
4.560092552435552307e+02
4.798355957823902713e+02
4.799748229129711490e+02
4.615416085318022397e+02
4.572484481508837462e+02
4.550122774554706666e+02
4.799909248704100833e+02
4.550261317573060751e+02
4.550345631904577317e+02
4.550388376015255290e+02
4.799524729294086001e+02
4.752898217212455734e+02
4.602723623740797052e+02
4.693489604093430785e+02
4.711479208289707685e+02
4.798351020017522615e+02
4.555279609028043524e+02
4.654946385697130609e+02
4.551250000000000000e+02
4.799456342934865347e+02
4.798234007551795912e+02
4.799809677113986481e+02
4.721693169681535664e+02
4.799132050919232029e+02
4.780560272944057374e+02
4.595564106663909456e+02
4.585122521206063766e+02
4.786782719648051625e+02
4.743737133250560873e+02
4.796750842517293449e+02
4.799350031729342732e+02
4.792311465874894338e+02
4.613132374625018883e+02
4.560771624737113825e+02
4.550149014813895292e+02
4.702336323585915352e+02
4.793981007664847880e+02
4.612295624846015016e+02
4.645239526315267540e+02
4.670010858908422051e+02
4.799822847318708909e+02
4.797573699633118167e+02
4.799900613202135560e+02
4.799997545586123238e+02
4.550598919223264147e+02
4.550861447322782851e+02
4.550049661773091429e+02
4.556496570636497836e+02
4.577520710693749493e+02
4.740617464738465401e+02
4.603084583795155140e+02
4.620664557343775414e+02
4.629511881846878509e+02
4.648853325053780736e+02
4.550451996413827374e+02
4.799221722676466584e+02
4.550271802479710459e+02
4.791126307309739332e+02
4.701835901166866165e+02
4.578749795540258560e+02
4.715992699822120926e+02
4.746015938236366765e+02
4.649931133596993504e+02
4.624235207051420957e+02
4.623190910146538499e+02
4.733902188871124395e+02
4.702903362744712581e+02
4.711525881098959303e+02
4.792618544667361675e+02
4.550044368397364565e+02
4.555953344125751983e+02
4.550009185107146550e+02
4.775677871640826311e+02
4.758979238960606040e+02
4.799975822179807210e+02
4.799332647878496232e+02
4.592109982729040212e+02
4.798224555605528963e+02
4.550168331444242540e+02
4.787410126445177525e+02
