5.159924193482625014e+02
5.167999348540644178e+02
5.170954332978330967e+02
5.155789307135941044e+02
5.156410326655284280e+02
5.158403048592883806e+02
5.160080481320786703e+02
5.162263055822597835e+02
5.162055634612568156e+02
5.163983048992442946e+02
5.164253018020606305e+02
5.165474076708630946e+02
5.166005581458989582e+02
5.166509233686116431e+02
5.165895090009399837e+02
5.166982569191841321e+02
5.168062689974776731e+02
5.169610953792863484e+02
5.172426517057759838e+02
5.172914696829853938e+02
5.173252914235473554e+02
5.175200509498776000e+02
5.175615681975477855e+02
5.176268863342261284e+02
5.177931307943003958e+02
5.178893367527002738e+02
5.181161368145399138e+02
5.180776232174689540e+02
5.181630767713626255e+02
5.184039600305530939e+02
5.184061280722796710e+02
5.185910171810661495e+02
5.185919568145446874e+02
5.186002837006907384e+02
5.185177513497968675e+02
5.188734735979514880e+02
5.188970384543110868e+02
5.189173087375708064e+02
5.190307516553261848e+02
5.192240730431243492e+02
5.191244106381245729e+02
5.190774374385998726e+02
5.189967230802325275e+02
5.191976663503837699e+02
5.193451206675404137e+02
5.194863882272425144e+02
5.197568482978177826e+02
5.192740411248696546e+02
5.195717319833336205e+02
5.197392766989351003e+02
5.196484581460861136e+02
5.198136804351673845e+02
5.199239328444800776e+02
5.199594492401007528e+02
5.199676128653227352e+02
5.201124703987582052e+02
5.203390867214440050e+02
5.203019972555387085e+02
5.203627365358529460e+02
5.205945133000004716e+02
5.205384303744177714e+02
5.205470691036543940e+02
5.208163042493927151e+02
5.207695620676964836e+02
5.207951646285496281e+02
5.209574007192804856e+02
5.209490869027088138e+02
5.211832630188481517e+02
5.210218718322830682e+02
5.215168487439465252e+02
5.211464232223205499e+02
5.211948437523409439e+02
5.216506012532165641e+02
5.213788295149158785e+02
5.215358022911835860e+02
5.214939682830947731e+02
5.218410875669358120e+02
5.217290671244720670e+02
5.223360026196352237e+02
5.220861573587293378e+02
5.220727640411157608e+02
5.219896185171745628e+02
5.224975621416015201e+02
5.226208289888785430e+02
