1.950497468226291531e+01
1.886906745604905922e+01
1.920226259725367157e+01
2.008122806630720447e+01
1.984786717474615614e+01
1.910831776713591168e+01
1.901251367890074917e+01
1.868584879714392954e+01
1.849819814512985872e+01
1.803345672288234525e+01
1.811927303347826168e+01
1.798607853029470505e+01
1.784740361957189236e+01
1.780057056440523766e+01
1.825696059599224697e+01
1.660212002388004038e+01
1.768624736893927007e+01
1.702585750516748675e+01
1.660064473211668457e+01
1.686520719706583549e+01
1.635946318615366479e+01
1.572900324250694304e+01
1.667949987417784286e+01
1.646993868100249969e+01
1.678789371566233157e+01
1.662867106351816915e+01
1.560796528982752029e+01
1.535704526469038100e+01
1.593883157287593733e+01
1.522075352071216869e+01
1.513505489423073591e+01
1.439843844165872788e+01
1.508528657409443774e+01
1.483942545923527412e+01
1.684534006316163968e+01
1.451406073383164852e+01
1.490443183182245335e+01
1.473944548293762935e+01
1.539857555526045729e+01
1.494245927146810082e+01
1.541255523860670706e+01
1.389845071442231550e+01
1.470869981006274330e+01
1.412391198377905077e+01
1.501211776798968067e+01
1.382092510425615473e+01
1.430011238645947991e+01
1.456891348177299506e+01
1.399782848780626665e+01
1.361067180891873640e+01
1.426852221840692181e+01
1.447839801352387212e+01
1.368664557694898321e+01
1.309559561435792041e+01
1.387533558708490666e+01
1.394525804841037520e+01
1.344699436431913497e+01
1.447282447828232144e+01
1.381254528700595863e+01
1.297881480400085508e+01
1.260437068172898378e+01
1.242227729250752155e+01
1.321420200526478084e+01
1.352070149491167328e+01
1.238491225151408237e+01
1.314098908075258976e+01
1.332424477145307762e+01
1.254520066152397106e+01
1.253452623917537956e+01
1.294878128688061558e+01
1.282842195691847564e+01
1.293925455679969438e+01
1.181710839180980166e+01
1.322611507950237097e+01
1.225631441128254373e+01
1.261317874498683977e+01
1.202027619669988567e+01
1.207593572762682044e+01
1.222969512637265588e+01
1.265543522602070858e+01
1.214535019521240322e+01
1.145915880043074075e+01
1.114289664183110240e+01
1.152316839697291506e+01
