1.260381994122489857e+02
1.262695490464076613e+02
1.245938802558939216e+02
1.289932884334531877e+02
1.299120506998052065e+02
1.314501810786325677e+02
1.295935072624561144e+02
1.306075955369455244e+02
1.313473741876629504e+02
1.310391742128222461e+02
1.287476533810341550e+02
1.307499072515089438e+02
1.310413760853474514e+02
1.279433944328237516e+02
1.271479513597021906e+02
1.304938991710165510e+02
1.258232419923245402e+02
1.268884236290919176e+02
1.292864592921935127e+02
1.282563508278227573e+02
1.291334044642630658e+02
1.281395885349137700e+02
1.281235319578762244e+02
1.260776658973439623e+02
1.246119719029943269e+02
1.260229786511305008e+02
1.284558187063320247e+02
1.285345975579241440e+02
1.268379358807723207e+02
1.266897431967632741e+02
1.294258520618886337e+02
1.300416859060663910e+02
1.268748609468783712e+02
1.294917595322048953e+02
1.206222622953357160e+02
1.306255020935665812e+02
1.293857705062672778e+02
1.286842383237010949e+02
1.221412140339552792e+02
1.243940369767350802e+02
1.225612960061168764e+02
1.270630180885476932e+02
1.239186239096510889e+02
1.283758372440382800e+02
1.220918707221116222e+02
1.259205475674265386e+02
1.241116125198309277e+02
1.268521586089824496e+02
1.255280662750303975e+02
1.256265894942139738e+02
1.225165242078844727e+02
1.226095293518713305e+02
1.231780033126379550e+02
1.274059497375826453e+02
1.254759000474142283e+02
1.273031139491154988e+02
1.252099967807537269e+02
1.220489462199814454e+02
1.261687610252849367e+02
1.270870772930047679e+02
1.271064670369177492e+02
1.288094120687470934e+02
1.215850506911986031e+02
1.213290095868239575e+02
1.288974561496382591e+02
1.214241168674490154e+02
1.230683913210507825e+02
1.254693060884175395e+02
1.276014625261588122e+02
1.198873756791112157e+02
1.250958812376766076e+02
1.193933494685146428e+02
1.281892400692362060e+02
1.215846207338240106e+02
1.294065930964118820e+02
1.227761347521031610e+02
1.257186877574052204e+02
1.214761009410261465e+02
1.209408776548827262e+02
1.210787067956707972e+02
1.236352915646026389e+02
1.321338864831770650e+02
1.267246925409165357e+02
1.260634073641565465e+02
