6.213407963115186305e+01
6.153836361757765872e+01
6.132425814450128598e+01
6.213211900905604068e+01
6.109447296183774512e+01
6.011887471925445681e+01
6.132058607280263374e+01
6.045939371774600346e+01
6.021897914326942214e+01
6.109402083868025102e+01
6.143128544396494561e+01
6.025606694903716232e+01
6.062798355103691961e+01
6.162541264437920319e+01
6.203447304472387458e+01
6.078668129761180694e+01
6.340826858868822313e+01
6.365080295891202411e+01
6.218484687215954665e+01
6.205821784574983013e+01
6.214065179274676609e+01
6.292772055993438585e+01
6.226193723159959603e+01
6.416184345203714656e+01
6.385310049239880925e+01
6.280819357675890302e+01
6.217389443189696152e+01
6.315643413120085370e+01
6.207594949342252022e+01
6.270764556565244163e+01
6.180175803571116688e+01
6.296874061941428380e+01
6.241215446066750161e+01
6.127900773272269674e+01
6.470379479122982502e+01
6.139724452095584439e+01
6.058119025817801884e+01
6.257255800879675434e+01
6.526804288398349740e+01
6.377319650606744261e+01
6.355270864915561191e+01
6.243523576078418102e+01
6.405052905234227012e+01
6.227104583278036642e+01
6.423507752414555227e+01
6.376976819944809449e+01
6.372471106421666320e+01
6.077492196734741725e+01
6.112127283186806892e+01
6.201779176166255780e+01
6.294835541502322940e+01
6.310660619338079158e+01
6.226216646789278286e+01
6.006887257691155924e+01
6.178898864538854241e+01
6.016250872580037168e+01
6.248974921769434587e+01
6.167585078589579695e+01
6.239686569140881289e+01
5.927441763562196542e+01
6.027001805624709618e+01
5.897027437492288016e+01
6.252159642542687124e+01
6.438593112563077625e+01
5.931777727875334705e+01
6.300594287069996113e+01
6.212974257202455419e+01
5.812695208603540209e+01
5.984405874713644380e+01
6.359237321610726923e+01
5.930283606236260852e+01
6.294021261004427714e+01
5.911613831439888145e+01
6.172808312480043469e+01
5.754390152334520536e+01
6.238798452801476913e+01
5.859031501701242206e+01
6.217480437552254102e+01
6.166540638858459999e+01
5.993909639904230602e+01
6.054263032250654675e+01
5.566510730334838541e+01
6.003899693062371057e+01
5.908769809550604890e+01
