1.260379555673272165e+02
1.283865960328733422e+02
1.278050801899865832e+02
1.421904960991722930e+02
1.432913585628430724e+02
1.448166041866467708e+02
1.464662527839360848e+02
1.481807014965258986e+02
1.486935843848260959e+02
1.499188558321023947e+02
1.499071946200445211e+02
1.499627239831775682e+02
1.499646140243288812e+02
1.499660947718579393e+02
1.499675161306676898e+02
1.499680985903514170e+02
1.499681533330782202e+02
1.499682778614112237e+02
1.499683598464507099e+02
1.499683974978936760e+02
1.499683999968343358e+02
1.499683999935897418e+02
1.499683999886093773e+02
1.499683999999998605e+02
1.499683999992068379e+02
1.499683999999998889e+02
1.499683999999999742e+02
1.499683999928785738e+02
1.499683999985461753e+02
1.499683999932287009e+02
1.499683999999999742e+02
1.499683999999973025e+02
1.499683999999608091e+02
1.499683999999051309e+02
1.499683999988945118e+02
1.499683999739219473e+02
1.499683999987511811e+02
1.499683999999921298e+02
1.499683999999999742e+02
1.499683999999999173e+02
1.499683999999996900e+02
1.499683999963406791e+02
1.499683999999971320e+02
1.499683999999989226e+02
1.499683999995102965e+02
1.499683999568792103e+02
1.499683999999660671e+02
1.499683999999999742e+02
1.499683999999999742e+02
1.499683999518830149e+02
1.499683999999998889e+02
1.499683999999646176e+02
1.499683999994744852e+02
1.499683999999884065e+02
1.499683999999999742e+02
1.499683999999999457e+02
1.499683999995751549e+02
1.499683999997645856e+02
1.499683999999998036e+02
1.499683999999999742e+02
1.499683999999761284e+02
1.499683999999999742e+02
1.499683999999990363e+02
1.499683999940654360e+02
1.499683999999999742e+02
1.499683999999999742e+02
1.499683999993284829e+02
1.499683999999999742e+02
1.499683999999999742e+02
1.499683999162907924e+02
1.499683999999971888e+02
1.499683999742420895e+02
1.499683999996316572e+02
1.499683999999463140e+02
1.499683999999476782e+02
1.499683995644208778e+02
1.499683999958546110e+02
1.499683999996765351e+02
1.499683999999999742e+02
1.499683999905539906e+02
1.499683999999999742e+02
1.499683999999660102e+02
1.499683999999088257e+02
1.499683999999969046e+02
