6.213568865130641683e+01
6.049766296374372843e+01
6.061889494518852928e+01
6.505660575435929616e+01
6.508140207163611990e+01
6.524072785397392238e+01
6.512733823052982984e+01
6.483225650401321616e+01
6.518915711937418678e+01
6.564110020455544259e+01
6.538176945009657004e+01
6.671961530255285311e+01
6.674737272830273582e+01
6.712714698370318445e+01
6.750979900587739735e+01
6.794132972434609030e+01
6.825567964648210761e+01
6.859304624483522161e+01
6.990130035995798607e+01
6.962493538044620323e+01
7.002451029003377414e+01
7.099089458719252832e+01
7.035037603064697009e+01
7.209065191059440281e+01
7.119689432092272341e+01
7.186226674362997358e+01
7.109092381958502926e+01
7.100693275242765878e+01
7.008609331310225343e+01
6.899176648490072239e+01
6.857690869664645561e+01
6.764519032259437381e+01
6.643112143870592945e+01
6.642142400030554938e+01
6.582623470389333420e+01
6.560169103052633943e+01
6.491592520185619719e+01
6.450264498705119820e+01
6.353156441606091676e+01
6.352959740801411925e+01
6.333600290337989236e+01
6.271333221148233861e+01
6.292851469890347005e+01
6.250877249221554166e+01
6.138358770165042699e+01
6.148296525539644364e+01
6.101936112958511416e+01
6.068196595985709507e+01
6.030923861033103606e+01
5.998428723941696461e+01
5.979562464729310989e+01
5.997429059763009462e+01
5.936179345656102413e+01
5.930259012005918606e+01
5.912425086054443568e+01
5.895799106851178095e+01
5.874840849076402094e+01
5.826995481097835494e+01
5.839868274565850470e+01
5.752789347562541167e+01
5.774776735909875214e+01
5.764071868118676178e+01
5.756859498057342961e+01
5.725860488344101640e+01
5.736422177555984092e+01
5.676415051890214158e+01
5.678399977954131117e+01
5.669439421469634510e+01
5.671299498202032652e+01
5.698719240134046515e+01
5.640592422505123693e+01
5.659001620216094608e+01
5.629975103583991825e+01
5.638920618648159433e+01
5.638709929692228684e+01
5.634454554609867927e+01
5.649876427912335686e+01
5.643742703293773388e+01
5.646105898492116637e+01
5.608040032204437608e+01
5.639891501589205802e+01
5.620712338506793770e+01
5.650539398906359168e+01
5.632759671667198376e+01
