3.929012362301013894e+01
3.845964622116913034e+01
3.855790332751282534e+01
4.101398918013152439e+01
4.107735089096065195e+01
4.090506830245330150e+01
4.100480283443771867e+01
4.090935516650674941e+01
4.107129307603791801e+01
4.095649906000299723e+01
4.100386235608352337e+01
4.108378738815282105e+01
4.092124129754792250e+01
4.126638676120201410e+01
4.131038587426090203e+01
4.160484131629846871e+01
4.143085214462536214e+01
4.176727751610098238e+01
4.130341216593501485e+01
4.148952978606294550e+01
4.164677696352889313e+01
4.202991289250525853e+01
4.196741615823597726e+01
4.146187533230655475e+01
4.177136884752238899e+01
4.205593202463773395e+01
4.192367967913270377e+01
4.141808882072229636e+01
4.166624554388560142e+01
4.181347631166670453e+01
4.149944923062406588e+01
4.148359038686107425e+01
4.182001298511141840e+01
4.119345083876947200e+01
4.125448503325042537e+01
4.095078529511405918e+01
4.094663024661213058e+01
4.068852422267249835e+01
4.114876998747081416e+01
4.123180272762161991e+01
4.089762299670390888e+01
4.081760521100243011e+01
4.026785511558955477e+01
4.054524905076546304e+01
4.055879461310337319e+01
3.994665710171476292e+01
4.043044237274366282e+01
4.001082779347314755e+01
3.950724656669018486e+01
3.997379036171251698e+01
4.001226574730637964e+01
3.983423712644931669e+01
3.973322742111943029e+01
3.951412999829435080e+01
3.960470319875563661e+01
3.921828165487617213e+01
3.886617696615078188e+01
3.903527016363481295e+01
3.933182642193711587e+01
3.969124687870775858e+01
3.898330157967217957e+01
3.908940011213050525e+01
3.919402298608945046e+01
3.892816985113321238e+01
3.892371147658126063e+01
3.896212550836967381e+01
3.868637641104006519e+01
3.849918697013653457e+01
3.867652865504103232e+01
3.836100361276286463e+01
3.922734863274985173e+01
3.876071155185068307e+01
3.878210653430267740e+01
3.868235874293161913e+01
3.834903808193551100e+01
3.831367725010995429e+01
3.845454419940860191e+01
3.838667573350695505e+01
3.810563182247156533e+01
3.848363701599530629e+01
3.858073626577342452e+01
3.873897082802468361e+01
3.808630343099488158e+01
3.800904333573159022e+01
