1.172960335295131955e+02
1.169299322879427052e+02
1.159486187850138066e+02
1.288297713885851579e+02
1.292166304134598249e+02
1.295456679623895866e+02
1.300580286972199815e+02
1.304437216429142552e+02
1.307311583207624892e+02
1.313758703500822378e+02
1.312677134144340982e+02
1.314030100675494168e+02
1.321889855325765950e+02
1.318570225600009280e+02
1.320516627857114145e+02
1.323620642912089806e+02
1.319540944327956140e+02
1.325836068215549801e+02
1.323793835604988089e+02
1.324558328681080752e+02
1.325854533789254504e+02
1.327326837214349382e+02
1.325887335655200161e+02
1.325531193189168278e+02
1.328043232742341218e+02
1.328880491905446206e+02
1.321701564236365414e+02
1.319766710598984218e+02
1.319693049385965935e+02
1.308543526632034002e+02
1.306433710209419417e+02
1.301281058237836135e+02
1.297238172445212285e+02
1.294206645749447091e+02
1.290341383580326067e+02
1.288620642713015627e+02
1.283176432624507868e+02
1.277362096786502121e+02
1.274075279138474031e+02
1.276161254950831818e+02
1.276050288171973648e+02
1.271305842892629840e+02
1.265857103724600563e+02
1.266825330126418550e+02
1.264234828766640248e+02
1.258449289359250542e+02
1.258971866256987369e+02
1.255717376431732788e+02
1.246416992350173842e+02
1.248421795782289081e+02
1.249211109395680239e+02
1.246720337761191644e+02
1.247780573827343318e+02
1.242583530534074470e+02
1.243407468971145562e+02
1.237532367256210222e+02
1.232566729689345237e+02
1.236062852956399354e+02
1.234953413746457613e+02
1.231314874803378530e+02
1.230937546273191714e+02
1.232769871234148980e+02
1.230458369250501676e+02
1.223039985585696172e+02
1.225756605506691841e+02
1.219439380908833357e+02
1.224679970413217944e+02
1.219457616344914612e+02
1.221510298404678423e+02
1.215155595650589788e+02
1.226206896901441468e+02
1.216870889564348772e+02
1.214643372944069597e+02
1.212976690088438829e+02
1.213088104144349160e+02
1.213146100212969145e+02
1.213298742927198504e+02
1.218662490228927311e+02
1.213228092889927865e+02
1.214964784789755328e+02
1.211896704484344696e+02
1.216847130959815928e+02
1.209867856907677179e+02
1.202284789266419835e+02
