5.615058073308630355e+02
5.619843778911025538e+02
5.626338530636302266e+02
5.629163249178717479e+02
5.633201431222186102e+02
5.635073566924309034e+02
5.636851042595593526e+02
5.636921287026412983e+02
5.640459580428065465e+02
5.642350723822644341e+02
5.643568288795460148e+02
5.647786025057177994e+02
5.649712753737369439e+02
5.652066708570941955e+02
5.654520981531845791e+02
5.658498781995331228e+02
5.659839093844775562e+02
5.663607492901386422e+02
5.667117808566365511e+02
5.669427923130215277e+02
5.673066498747524520e+02
5.676396865957738100e+02
5.676595290270576015e+02
5.680466065817267918e+02
5.680985621501559990e+02
5.684464515651834517e+02
5.685010599982437043e+02
5.685010599920764207e+02
5.685010599997389136e+02
5.685010599999999386e+02
5.685010599999999386e+02
5.685010599999999386e+02
5.685010599999989154e+02
5.685010599999994838e+02
5.685010599999855003e+02
5.685010599999999386e+02
5.685010599999932310e+02
5.685010599999999386e+02
5.685010599999999386e+02
5.685010599999999386e+02
5.685010599999999386e+02
5.685010599999999386e+02
5.685010599999999386e+02
5.685010599999999386e+02
5.685010599999984606e+02
5.685010599999999386e+02
5.685010599999999386e+02
5.685010599999999386e+02
5.685010599999999386e+02
5.685010599999999386e+02
5.685010599999999386e+02
5.685010599999999386e+02
5.685010599999959595e+02
5.685010599999999386e+02
5.685010599999999386e+02
5.685010599999999386e+02
5.685010599999994838e+02
5.685010599999993701e+02
5.685010599999999386e+02
5.685010599999999386e+02
5.685010599999999386e+02
5.685010599999999386e+02
5.685010599999997112e+02
5.685010599999999386e+02
5.685010599999999386e+02
5.685010599999999386e+02
5.685010599999951637e+02
5.685010599999999386e+02
5.685010599999999386e+02
5.685010599999999386e+02
5.685010599999999386e+02
5.685010599999999386e+02
5.685010599999999386e+02
5.685010599999999386e+02
5.685010599999995975e+02
5.685010599999997112e+02
5.685010599999999386e+02
5.685010599999992564e+02
5.685010599999999386e+02
5.685010599999999386e+02
5.685010599999999386e+02
5.685010599999999386e+02
5.685010599999999386e+02
5.685010599999999386e+02
