-2.455783905852321203e-01
-2.370026768617449764e-01
-2.364414421840390634e-01
-2.692303739037997801e-01
-2.697543082072986764e-01
-2.701550454086644182e-01
-2.714477253454363193e-01
-2.721975899266750876e-01
-2.739749593468105981e-01
-2.743797863820880423e-01
-2.727287000008227213e-01
-2.776822645997806260e-01
-2.704581903257705089e-01
-2.743310704314974036e-01
-2.729716528197215775e-01
-2.740375414665694453e-01
-2.744589913570001927e-01
-2.728638364738789068e-01
-2.755296845576477027e-01
-2.720728982566316123e-01
-2.719434844824777375e-01
-2.754242831146143655e-01
-2.720067929966463738e-01
-2.757245228567419826e-01
-2.688430675878100695e-01
-2.723774268821649303e-01
-2.697650018870751953e-01
-2.673273450427373632e-01
-2.621666499108478154e-01
-2.630466427515236183e-01
-2.597281770948836610e-01
-2.563793007562972237e-01
-2.549240368847779381e-01
-2.527024147127470699e-01
-2.512695885506840421e-01
-2.505307159761849811e-01
-2.485536964159420492e-01
-2.478412005380408734e-01
-2.462778987092580640e-01
-2.432321116060505994e-01
-2.396412044307291433e-01
-2.420054090180540629e-01
-2.399393358010830923e-01
-2.391189152690699482e-01
-2.344591067204775670e-01
-2.347672826107154997e-01
-2.331170620620321154e-01
-2.314609129893203943e-01
-2.293077081338575907e-01
-2.310998323236705954e-01
-2.293192465942759106e-01
-2.288687982347554772e-01
-2.254522268069527879e-01
-2.262323489119442144e-01
-2.259612789661824273e-01
-2.257845104022465077e-01
-2.258456686343336406e-01
-2.206419028732794219e-01
-2.226823636492872849e-01
-2.214355583894092039e-01
-2.187328156621744790e-01
-2.174150646409724053e-01
-2.166970503949481042e-01
-2.191506418158576108e-01
-2.187532573066457986e-01
-2.177068174556242852e-01
-2.134296839913205623e-01
-2.138144647117113106e-01
-2.108844712212122885e-01
-2.159491707626290391e-01
-2.088909351238362189e-01
-2.124591700568672359e-01
-2.142282328978696027e-01
-2.125509938076674266e-01
-2.118869302760248707e-01
-2.118077445272655568e-01
-2.116334202414484056e-01
-2.072857870235202959e-01
-2.087997053017231486e-01
-2.091350142827567704e-01
-2.085867634093973022e-01
-2.047362955343239310e-01
-2.097637098732533512e-01
-2.125873163817300626e-01
