1.950421487052759772e+01
1.808683860502736351e+01
1.808918007727716315e+01
2.003514684611167951e+01
1.998302777934297936e+01
1.947293630803983788e+01
1.930061726742235706e+01
1.894133517172729952e+01
1.904712474605859995e+01
1.866315039775907891e+01
1.870360826384939301e+01
1.866412207817279167e+01
1.829635399977629362e+01
1.856866747842769882e+01
1.849990071291005478e+01
1.874088138548052029e+01
1.846590733893677694e+01
1.869649247917445223e+01
1.809328379483308424e+01
1.815841955758590487e+01
1.820457446507411703e+01
1.835735520020588041e+01
1.834932362523509397e+01
1.761776563566369447e+01
1.770952811268115212e+01
1.814438482793427809e+01
1.799486306885089348e+01
1.746933351319301764e+01
1.757254329132581105e+01
1.794871792007207389e+01
1.764475153129829010e+01
1.760560709717170624e+01
1.818669591384356465e+01
1.751573032333187641e+01
1.768321712699138715e+01
1.746185691425899122e+01
1.751585271939476485e+01
1.738961536567674671e+01
1.773678061101833237e+01
1.757750942679523831e+01
1.725055800847585274e+01
1.762144200026050456e+01
1.682643676442744507e+01
1.705647382896061615e+01
1.726306106853985511e+01
1.669198373905401667e+01
1.699614257975590093e+01
1.669997214881106729e+01
1.621104331450796465e+01
1.676543928675856421e+01
1.669682705075602769e+01
1.636335496501324727e+01
1.638417494747134384e+01
1.614683972260722555e+01
1.630098351276849300e+01
1.594933442970435067e+01
1.573203232455739276e+01
1.567270587245172919e+01
1.587606623346006529e+01
1.629691416530989301e+01
1.561709744548772427e+01
1.557413240697778356e+01
1.548982374519379945e+01
1.546741026022935195e+01
1.550499620113399502e+01
1.544182059297716947e+01
1.513491021589366170e+01
1.490330665109959618e+01
1.478695608111931037e+01
1.460780349983540205e+01
1.501367295988679906e+01
1.472048034236560987e+01
1.494698111195679679e+01
1.454623429617054242e+01
1.435941974442007663e+01
1.420226808076054148e+01
1.420586798016013752e+01
1.391752315769162252e+01
1.378045370866905017e+01
1.416236955927096552e+01
1.386729473300940008e+01
1.377500138195516222e+01
1.358244601875286861e+01
1.362398197677157086e+01
