5.290940860270503663e+02
5.291963465555551238e+02
5.295775633559700282e+02
5.292131016014808438e+02
5.295026389168990590e+02
5.295080440529077350e+02
5.295651163013340010e+02
5.295709014698512647e+02
5.297725581535585206e+02
5.297943860858651988e+02
5.299226636105262287e+02
5.300256194368000706e+02
5.300608578806372861e+02
5.301944055493161159e+02
5.302912635534898982e+02
5.306211885443050278e+02
5.305885288888802052e+02
5.308921065098982126e+02
5.307257435652890081e+02
5.309114817977171015e+02
5.310542305425766472e+02
5.312237378114547255e+02
5.312999233010693843e+02
5.311403744662101190e+02
5.313056236910366579e+02
5.315324861093164373e+02
5.314923859301408129e+02
5.313422104048838719e+02
5.314613956186966561e+02
5.315478088468820488e+02
5.314824001557051361e+02
5.314360961505412888e+02
5.316520980679860031e+02
5.314444531198300865e+02
5.315706192696846983e+02
5.315839081244455429e+02
5.315904383510817297e+02
5.314931272347139384e+02
5.316544411826587293e+02
5.316806247154908078e+02
5.316169765033025669e+02
5.319064834054465791e+02
5.314723069024163351e+02
5.316199735654840879e+02
5.317373667222199174e+02
5.315376649709388630e+02
5.317476133152274542e+02
5.316467134095829579e+02
5.313848969210524729e+02
5.317795222769087786e+02
5.317787308093165848e+02
5.316606029842441785e+02
5.318325975565593353e+02
5.317062118737653691e+02
5.319466646585239005e+02
5.317356812664260133e+02
5.316500829663425520e+02
5.317327265872560247e+02
5.319168669952786104e+02
5.320522494793077612e+02
5.319042905792630336e+02
5.320120013946509516e+02
5.319434293475258073e+02
5.319706075483160248e+02
5.321453431846522335e+02
5.320035877940026694e+02
5.321099111825110413e+02
5.319666154268687706e+02
5.319766295317846243e+02
5.318873778343121330e+02
5.323275735488958844e+02
5.321241188431891942e+02
5.323258145021809469e+02
5.320984657621208953e+02
5.321031147728361930e+02
5.322112094906116226e+02
5.323455766069490664e+02
5.323502991411885432e+02
5.322649800634089843e+02
5.325939177050282751e+02
5.323807083698558245e+02
5.324982267890039793e+02
5.324961977280862584e+02
5.323879301793965624e+02
