5.025241972485133033e+02
5.027922913513833691e+02
5.031109803851293236e+02
5.022846694450208815e+02
5.024803688803243062e+02
5.025013155214107883e+02
5.025470184266192177e+02
5.025591253354694459e+02
5.026640671113045755e+02
5.026324552761558380e+02
5.027290663997504794e+02
5.026732765227701520e+02
5.026832927096393746e+02
5.027656061739789379e+02
5.028415798851771115e+02
5.029509122656882596e+02
5.029141222635204826e+02
5.030956993047270771e+02
5.029790370361529881e+02
5.030230301902365682e+02
5.030759155498109862e+02
5.032287350171690150e+02
5.032823781298405379e+02
5.031294461864848131e+02
5.032144156821041747e+02
5.033469585635405679e+02
5.033078749229281925e+02
5.031816762433830945e+02
5.032437403023691900e+02
5.033521161410100149e+02
5.032562607238368173e+02
5.031862691890722203e+02
5.034588816825897197e+02
5.031635289958951489e+02
5.033217391158329974e+02
5.031879292560970498e+02
5.033620989836227295e+02
5.032392506010982061e+02
5.034086501146811656e+02
5.034269606110493669e+02
5.033700669982032991e+02
5.035045014268926593e+02
5.031533911499179794e+02
5.033363808942507944e+02
5.034988265425880059e+02
5.032099585210025339e+02
5.035009256311170702e+02
5.033434579117373460e+02
5.031636119263249611e+02
5.034998915408270932e+02
5.035290367201085928e+02
5.033800950127043734e+02
5.034623591891480032e+02
5.034412612789704440e+02
5.035443229880880267e+02
5.034752822375008918e+02
5.034171067182487036e+02
5.034098648190405356e+02
5.036791923878726607e+02
5.038649133843004506e+02
5.036045237535324759e+02
5.037113203228812495e+02
5.037566229000011049e+02
5.037108445933110943e+02
5.038368861309306794e+02
5.037798809707948067e+02
5.038111562711002875e+02
5.037017334596230853e+02
5.037535399197068955e+02
5.037324786294281012e+02
5.040590078134180771e+02
5.039356723103358036e+02
5.041354965809741770e+02
5.039569016319227330e+02
5.040198029698878486e+02
5.039102069530813424e+02
5.039703201814531894e+02
5.040383359573741018e+02
5.039289917363500990e+02
5.043018665026393137e+02
5.042199850284826539e+02
5.043972894320259002e+02
5.042666397678718226e+02
5.042145555520884272e+02
