6.514635313024547258e+01
6.445759189414377488e+01
6.442698613408130370e+01
6.884351247225426107e+01
6.902859263291561831e+01
6.929726991767803668e+01
6.943042995496472258e+01
6.948138587727451920e+01
6.970368536562286010e+01
7.010183844799138342e+01
7.006766058681623122e+01
7.053836759520044097e+01
7.080149810788719833e+01
7.093754052443068758e+01
7.127943320660993720e+01
7.151207811305815198e+01
7.161719920450974541e+01
7.200742933774209575e+01
7.234476756115054741e+01
7.239628000267136088e+01
7.260637578831976668e+01
7.313532669574189526e+01
7.294811972413930334e+01
7.341390673619309837e+01
7.337546126839215788e+01
7.374247089040133574e+01
7.328372229170791741e+01
7.310433644832163225e+01
7.291140505459540577e+01
7.227955557054288249e+01
7.202481639316376061e+01
7.151748825777467289e+01
7.105825701352857493e+01
7.075857688286087921e+01
7.063581884682221812e+01
7.033115480143550258e+01
7.010813577083452230e+01
6.973928248613484016e+01
6.934392945982067147e+01
6.960362872122604472e+01
6.956191973535197803e+01
6.912232933106017185e+01
6.893960885028702990e+01
6.885690319964655259e+01
6.848518071077813829e+01
6.816309691380818947e+01
6.827777291907862889e+01
6.788944657499881430e+01
6.749724426034278224e+01
6.752677842949279352e+01
6.749592753515179311e+01
6.751317281727401109e+01
6.735847335656592350e+01
6.712962302788416480e+01
6.719669729061693886e+01
6.684021129828886387e+01
6.653699488858264033e+01
6.657007191464435891e+01
6.685683478006163227e+01
6.651932639118653867e+01
6.650934084287104042e+01
6.660944734505231679e+01
6.662939922208781240e+01
6.617950466814967569e+01
6.644133454317362464e+01
6.592931740817839170e+01
6.623567135395011007e+01
6.599065570654954627e+01
6.629880368676040803e+01
6.602424405586884859e+01
6.656119705305461309e+01
6.629966762551083548e+01
6.611773652871194429e+01
6.606538878706065532e+01
6.603155051637307338e+01
6.595519021598418874e+01
6.631201301002259640e+01
6.646609866447198556e+01
6.630957610382300516e+01
6.634534413464773195e+01
6.661561931195814168e+01
6.681242255795449125e+01
6.659541059895859405e+01
6.622648564496708445e+01
