5.290942954673505483e+02
5.296222318513849814e+02
5.301293049813541529e+02
5.286843662991460633e+02
5.287739206986599356e+02
5.286435043854730793e+02
5.287948077691038407e+02
5.288267341084133477e+02
5.288282687159353372e+02
5.289068270586734570e+02
5.290907028746509013e+02
5.290537252633253047e+02
5.290397710170957453e+02
5.292459086899057183e+02
5.295857807955902672e+02
5.290068552688633190e+02
5.296925943804429835e+02
5.296029792816542567e+02
5.294487074578480588e+02
5.296902248155801090e+02
5.294879724990549903e+02
5.295136006228763108e+02
5.299508900119608370e+02
5.302210763593257070e+02
5.304489591699674520e+02
5.303421873258760115e+02
5.299742052622732444e+02
5.301269170471351799e+02
5.302488621660363606e+02
5.301758174243540225e+02
5.300666974339105764e+02
5.299439375840080402e+02
5.302804056484503690e+02
5.302399517926594399e+02
5.314670863420122942e+02
5.302461857957722486e+02
5.304992496467142473e+02
5.306192320620739338e+02
5.311912100948341049e+02
5.309627776670463390e+02
5.314495737450779416e+02
5.305836857485903693e+02
5.311966961875455127e+02
5.307779722484689273e+02
5.315728169011055115e+02
5.310032659542079045e+02
5.313164619250787837e+02
5.311885847840853785e+02
5.311926503895571159e+02
5.311291426776547269e+02
5.316777350800027762e+02
5.317192479094424016e+02
5.315071657175590190e+02
5.311376402133482770e+02
5.316315922088957677e+02
5.314416199433551355e+02
5.314292677446677544e+02
5.322055032067889897e+02
5.318046649240923216e+02
5.314038399490267466e+02
5.313769057511647134e+02
5.313490649777621684e+02
5.321466391702998635e+02
5.324061932600379805e+02
5.314264339354050435e+02
5.323200272258029599e+02
5.321918498514629619e+02
5.317651786278922827e+02
5.318421924098242926e+02
5.325223977210492876e+02
5.321655182489350864e+02
5.327803481329859778e+02
5.317849420297317238e+02
5.329607215098606048e+02
5.320227977401946191e+02
5.327049056236677416e+02
5.321055246129940315e+02
5.326837605955904564e+02
5.328114160785203239e+02
5.329101692737541498e+02
5.327050099695801464e+02
5.320856311246268433e+02
5.322964845452850113e+02
5.325901497396858986e+02
