5.025243446592413648e+02
5.030823202844708817e+02
5.035342323144447505e+02
5.025204036469927473e+02
5.026943541842467198e+02
5.026912455166710743e+02
5.027443554580476643e+02
5.027931392203824998e+02
5.029121901173476203e+02
5.028927249417056942e+02
5.029792429060937593e+02
5.030793554472403457e+02
5.030487010630595250e+02
5.031928206315001262e+02
5.033402183517025605e+02
5.030442830782569104e+02
5.034242169409237704e+02
5.033924735576816829e+02
5.033332630456321795e+02
5.035696724589626569e+02
5.033603304399631497e+02
5.034117907522336850e+02
5.037036564457810073e+02
5.039243923199151709e+02
5.040145244224578391e+02
5.040450436936833398e+02
5.037946077536149119e+02
5.038293552677130265e+02
5.040707578498171983e+02
5.038955770831864243e+02
5.039273081860157504e+02
5.038346868378318959e+02
5.040224026189210917e+02
5.040009134129901440e+02
5.046504828440880601e+02
5.039850191586810979e+02
5.041684654904842091e+02
5.042028605891542270e+02
5.044113333034584912e+02
5.042471654104583081e+02
5.046792701702664772e+02
5.040856537002902087e+02
5.044193005378879207e+02
5.042894597746939098e+02
5.047371338008402972e+02
5.043267083635690256e+02
5.044488785009848471e+02
5.046525029681770320e+02
5.045730554616674794e+02
5.043117222121295526e+02
5.046308766067297711e+02
5.047051459615781255e+02
5.046391886955858013e+02
5.043909955929024704e+02
5.047649567373841819e+02
5.046364197731792274e+02
5.045608255909231730e+02
5.050376253351428204e+02
5.048594888238309295e+02
5.047376323809514247e+02
5.045753420736768931e+02
5.045919514692487269e+02
5.049393538775649972e+02
5.050421953036973264e+02
5.045768657302235738e+02
5.049010967799802643e+02
5.050006564336860606e+02
5.047659434039570669e+02
5.047563775232528656e+02
5.051805601203176934e+02
5.050185338587234583e+02
5.053634857610945801e+02
5.048737238716698812e+02
5.054153718113844889e+02
5.050868290061749803e+02
5.051492981704176941e+02
5.050976981002613684e+02
5.052512580493559540e+02
5.052913730189840180e+02
5.055049996592176171e+02
5.053365451208186983e+02
5.051709582261676132e+02
5.049768916100529736e+02
5.051696336041675295e+02
