5.615057227804736613e+02
5.624826358990721928e+02
5.631215906834476073e+02
5.611305160173399145e+02
5.611192821997778992e+02
5.609731954132878400e+02
5.615027016197312832e+02
5.614315381412544639e+02
5.613932512106537160e+02
5.616380971679520826e+02
5.619515865753065782e+02
5.617342705383168777e+02
5.618623553727856006e+02
5.623070241565378637e+02
5.625591122836883642e+02
5.619617507908330936e+02
5.630864365186864688e+02
5.631033803740135681e+02
5.628016911003246605e+02
5.630980810345986356e+02
5.631227581897273922e+02
5.633196787298277286e+02
5.635087964301583270e+02
5.640442890644605995e+02
5.643948790834866713e+02
5.641582621249415297e+02
5.638447383726817179e+02
5.638838381011121328e+02
5.641716485168415147e+02
5.643210647960994493e+02
5.639985674196892660e+02
5.640401543958416823e+02
5.644930202320427952e+02
5.641593526227850361e+02
5.659357242415851488e+02
5.641899511545176438e+02
5.642973200771232314e+02
5.646433097394681226e+02
5.658228178137619580e+02
5.654545094861603047e+02
5.656965479397458694e+02
5.648443642158539433e+02
5.656246295221516220e+02
5.649506756340703078e+02
5.660171910876807715e+02
5.654957130158069276e+02
5.658536372857273591e+02
5.652846976104236774e+02
5.654126019684194944e+02
5.655248755988717448e+02
5.661591015917400682e+02
5.663074920604969975e+02
5.660048196548732449e+02
5.653275199415124916e+02
5.659704218019248856e+02
5.656961292504074663e+02
5.661464795556219087e+02
5.666089341265898156e+02
5.662266976338648874e+02
5.657466591771275262e+02
5.657580995711516607e+02
5.655025820487047667e+02
5.668109933088595653e+02
5.672430272024553233e+02
5.657745370414236277e+02
5.671172554568152009e+02
5.669399880851786975e+02
5.662056224645843940e+02
5.662106685090883502e+02
5.675591428149900821e+02
5.666096928367774126e+02
5.676326205059856420e+02
5.662160910659188175e+02
5.674673078814038263e+02
5.661246001136219093e+02
5.675119716093536226e+02
5.666755248426978824e+02
5.675383151240573625e+02
5.677433891082039281e+02
5.676346561646513464e+02
5.673978880669385489e+02
5.658734789386452348e+02
5.671041613068063043e+02
5.671628978213697110e+02
