1.172957833322195853e+02
1.166909406706563743e+02
1.151233096030072858e+02
1.190383491128639832e+02
1.185959092260844159e+02
1.183456665867643380e+02
1.173814772753553370e+02
1.176082757102921761e+02
1.171276304520517471e+02
1.171695945020601073e+02
1.162261478161284884e+02
1.166264712487695618e+02
1.164261333870779822e+02
1.157934377929811092e+02
1.152471779935485614e+02
1.155749352224524387e+02
1.143935859624738214e+02
1.147808196651726433e+02
1.147831621471831056e+02
1.143196431952258081e+02
1.137832004551660532e+02
1.140204101625601112e+02
1.137684153840730659e+02
1.134791443989692681e+02
1.129659969649116391e+02
1.129657394374320347e+02
1.130035489757755300e+02
1.134370621732861935e+02
1.123371707743004038e+02
1.124218804261033853e+02
1.127065624680649023e+02
1.131486816766535526e+02
1.118931215302852564e+02
1.128064831633872274e+02
1.104803245053417413e+02
1.128528370644144445e+02
1.123319888794673602e+02
1.122919391360976391e+02
1.104102014174028739e+02
1.106967799332754510e+02
1.109994917234664484e+02
1.107584560370111859e+02
1.102838812931689176e+02
1.112975762326391873e+02
1.099711620549606010e+02
1.106990976097141726e+02
1.102170299363407082e+02
1.100054867667057721e+02
1.106544723122917304e+02
1.100247468305383194e+02
1.094378303716061396e+02
1.088390089026237177e+02
1.094416351437075576e+02
1.101235382981382145e+02
1.099341486375191295e+02
1.088278671430388869e+02
1.086826584861797329e+02
1.082771823354562741e+02
1.092687470683788007e+02
1.089669738184272774e+02
1.092748324628390009e+02
1.092827758967937228e+02
1.082202613639075111e+02
1.077263137488361195e+02
1.089310758960064192e+02
1.074524446695744189e+02
1.072942227298725015e+02
1.080419785483940558e+02
1.082525515710567987e+02
1.072398152216544389e+02
1.077649653318434133e+02
1.066668293836324324e+02
1.082384993005244240e+02
1.073004099748369953e+02
1.083052716021495314e+02
1.072338271411772297e+02
1.066502369825412870e+02
1.064370526512286546e+02
1.065418825369952316e+02
1.063153355925107775e+02
1.064956766637582177e+02
1.087463279411396542e+02
1.071224688560615448e+02
1.070036096427353129e+02
