6.514568696793783431e+01
6.492548170539450325e+01
6.465859848424399559e+01
6.629420151492314517e+01
6.609685271452185873e+01
6.578099741793057831e+01
6.605587827898504827e+01
6.593293705635976210e+01
6.591853418210355642e+01
6.625557910440204523e+01
6.637823336120165152e+01
6.597878278454487599e+01
6.603964529799358729e+01
6.663375516769035301e+01
6.680636887278745917e+01
6.637274608909746121e+01
6.717170650157470391e+01
6.734303995368284745e+01
6.664212694724612618e+01
6.680168365758862592e+01
6.665203794480861177e+01
6.728059615643840630e+01
6.689761436389854055e+01
6.786812591908177694e+01
6.760246154791819606e+01
6.735125652348689584e+01
6.679589716654561471e+01
6.744269685126849367e+01
6.698007219448885508e+01
6.717828268598486829e+01
6.686112781414095707e+01
6.740342697037621633e+01
6.698688241576103053e+01
6.686915951844910921e+01
6.783905987433500684e+01
6.681169654701803040e+01
6.665001048715663501e+01
6.727473021127677555e+01
6.800208029514628549e+01
6.735588256633404569e+01
6.779635836769402601e+01
6.702928835345159087e+01
6.765422377869916204e+01
6.717069870466524151e+01
6.774784913169321499e+01
6.759986466798893900e+01
6.752034617856968168e+01
6.664191456446671680e+01
6.717592230055973346e+01
6.684184472368229990e+01
6.726424913235754843e+01
6.701063038557516904e+01
6.719700679968340751e+01
6.643597948418447174e+01
6.733480975074293440e+01
6.570851789058191628e+01
6.676868054625860793e+01
6.653302852834316639e+01
6.709731315450268596e+01
6.575157880178684877e+01
6.635974981883720147e+01
6.570170068769772342e+01
6.718861376546870190e+01
6.751631764492117327e+01
6.585003971469467388e+01
6.687225468605787171e+01
6.676852192137559427e+01
6.541401770247978220e+01
6.589966072663366958e+01
6.747364013361033130e+01
6.587661443112402537e+01
6.727196349693238631e+01
6.557621745940015501e+01
6.688691571603619934e+01
6.529139086450938123e+01
6.700296600326733198e+01
6.518766900134764342e+01
6.690749552901345965e+01
6.661572173840045252e+01
6.603580066268804671e+01
6.615785795647246914e+01
6.482557524610673738e+01
6.584179425165325483e+01
6.550402200143456355e+01
