3.929060256028310505e+01
3.899340885465403517e+01
3.932234969968411065e+01
4.020434251660885394e+01
4.010378418805849776e+01
3.974221974117864420e+01
3.970783615098672215e+01
3.974794603691253059e+01
3.961659496931237356e+01
3.929624176052993079e+01
3.950498772580628071e+01
3.940898264906746107e+01
3.931375002068016755e+01
3.953946691327143270e+01
3.989441639605678347e+01
3.849986967773364199e+01
3.951031289127728030e+01
3.897325877962265395e+01
3.865672006376344427e+01
3.909308495994984156e+01
3.868157089951793637e+01
3.845887232250431254e+01
3.916993441170341583e+01
3.914354524178432371e+01
3.948721946074751799e+01
3.954866849464234946e+01
3.843580970944587705e+01
3.829863639382573837e+01
3.910967102151882102e+01
3.851837878825077865e+01
3.832962315802896569e+01
3.777568863389069520e+01
3.837351177044158845e+01
3.820059745627884240e+01
3.985622650310227044e+01
3.804384568834234415e+01
3.859462208248903181e+01
3.818915369117282665e+01
3.900615345486422569e+01
3.849405795174708089e+01
3.906306803236631708e+01
3.730712673856545081e+01
3.802428042544869413e+01
3.774047019097470468e+01
3.858209672901369913e+01
3.741373668378511042e+01
3.822331734929078095e+01
3.814691988225632002e+01
3.815823775275300278e+01
3.722415683838030276e+01
3.771975672180909811e+01
3.805614138674100388e+01
3.756420517678113669e+01
3.683425330341141546e+01
3.808756955606024519e+01
3.741787716901180261e+01
3.738434757255789265e+01
3.819979436800498718e+01
3.798785977534196689e+01
3.688316652555332098e+01
3.651138139727821397e+01
3.590715807870504506e+01
3.748301766465311147e+01
3.743527464208747091e+01
3.618495596413016102e+01
3.691721859187152432e+01
3.765087975837133882e+01
3.670916562773106762e+01
3.641299131113152754e+01
3.766575978627504639e+01
3.687208958558184690e+01
3.693267945613509085e+01
3.581255712316942663e+01
3.744271430415480495e+01
3.650571070623429648e+01
3.671384723799221916e+01
3.598353492305422918e+01
3.618082460306222714e+01
3.677089708028357506e+01
3.719812585789877346e+01
3.653252833496812002e+01
3.578381724417088350e+01
3.513905922771389356e+01
3.570976275267479139e+01
