-2.455769175669210158e-01
-2.376908573525204071e-01
-2.357186496010345855e-01
-2.486264344822656236e-01
-2.454368665350644685e-01
-2.427020547334118317e-01
-2.426952597723245064e-01
-2.384936793825693513e-01
-2.406739087531661048e-01
-2.403237424808331302e-01
-2.344125983287369541e-01
-2.354605231787096076e-01
-2.383855384074401729e-01
-2.289098223006894861e-01
-2.318155723421308212e-01
-2.294518397591980563e-01
-2.316374010996740951e-01
-2.317411019583226206e-01
-2.337509821209557970e-01
-2.291919937578264510e-01
-2.320517122982706792e-01
-2.245830410004822641e-01
-2.288036069132136918e-01
-2.267261845132203801e-01
-2.213756270911524660e-01
-2.208881681158143262e-01
-2.246144272136092190e-01
-2.267116561390690177e-01
-2.185604121814978262e-01
-2.159314442559165659e-01
-2.231967122672160464e-01
-2.259362519589305229e-01
-2.159188516095123800e-01
-2.166179390606170208e-01
-2.112537936539393424e-01
-2.212823147767026821e-01
-2.142058300947561056e-01
-2.213631432908393648e-01
-2.135906680490049780e-01
-2.134947806494373879e-01
-2.031126730721924400e-01
-2.128105317054299062e-01
-2.115672842634239159e-01
-2.165558261624196956e-01
-2.065761169157715182e-01
-2.127355061803023195e-01
-2.079703933458805498e-01
-2.067415817527720745e-01
-1.939605972022219738e-01
-2.028537570272127832e-01
-1.973741264183926647e-01
-2.033961506851132695e-01
-1.923892957629529110e-01
-1.954060679760231956e-01
-1.985392363912085734e-01
-2.088555438376143714e-01
-2.064686036336707553e-01
-1.943421877133976738e-01
-2.099459618342867651e-01
-1.939561611246553297e-01
-1.951268657923378447e-01
-1.969488063902826158e-01
-1.868274833437720273e-01
-2.008394450533703968e-01
-1.987242968868485338e-01
-1.929423370931312720e-01
-1.960641980355700975e-01
-1.777272466123649419e-01
-1.994305181560437623e-01
-1.849009835693891934e-01
-1.851337323747052899e-01
-1.807568461238346913e-01
-1.945424719584922246e-01
-1.852351493428806006e-01
-1.926700966374598478e-01
-1.905363553726680537e-01
-1.856263826055654653e-01
-1.830739374020938226e-01
-1.780200870868382801e-01
-1.719799538721754339e-01
-1.859657404701172134e-01
-1.892347340003176503e-01
-1.905871003790365337e-01
-1.853721990177054357e-01
