3.599035333402403645e-09
3.558272107928218258e-09
3.546026189120863130e-09
3.550734957484992471e-09
3.507960456263757040e-09
3.598438557256890035e-09
3.598960573487580410e-09
3.529175780220154354e-09
3.512723616694806964e-09
3.504123612727612608e-09
3.599020941053959928e-09
3.504176959438313235e-09
3.504209424713227713e-09
3.504225883239222586e-09
3.598876779877766706e-09
3.581352898144093673e-09
3.524319796971013514e-09
3.558900044885461829e-09
3.565713948556155519e-09
3.598436705747998685e-09
3.506108731517251005e-09
3.544256970048413916e-09
3.504557633180589002e-09
3.598851140364394098e-09
3.598392829787593266e-09
3.598983610963128229e-09
3.569576891137760456e-09
3.598729553842714997e-09
3.591759586081759223e-09
3.521577697976290889e-09
3.517574732925514138e-09
3.594096369160778520e-09
3.577899752504874270e-09
3.597836643604616929e-09
3.598811281649716832e-09
3.596171365405111893e-09
3.528302553024568428e-09
3.508221642859691565e-09
3.504133716738407409e-09
3.562252536395911537e-09
3.596797726567005499e-09
3.527982549171504209e-09
3.540559660222768175e-09
3.549987351457225933e-09
3.598988548587911860e-09
3.598145225249474112e-09
3.599017703558751374e-09
3.599054043853359776e-09
3.504306951311221198e-09
3.504408033145961028e-09
3.504095459942917059e-09
3.506577035897257936e-09
3.514657577616211796e-09
3.576723075066034840e-09
3.524457988379968825e-09
3.531181830937940391e-09
3.534560843922584621e-09
3.541936594874104872e-09
3.504250379990896680e-09
3.598763174807095968e-09
3.504180996673164051e-09
3.595726663838544826e-09
3.562062983975767555e-09
3.515129396610487082e-09
3.567421476751432241e-09
3.578759028284951198e-09
3.542347159373823903e-09
3.532545939748348368e-09
3.532147037559773865e-09
3.574188891047107938e-09
3.562467310037349080e-09
3.565731609832737242e-09
3.596286580190141383e-09
3.504093421668544042e-09
3.506368002228917512e-09
3.504079873913384655e-09
3.589924979835990146e-09
3.583643218949118024e-09
3.599045899703173921e-09
3.598804763969741222e-09
3.520254002770862475e-09
3.598389285584416378e-09
3.504141154734793214e-09
3.594331901744838779e-09
