3.731552198672274491e-09
3.734470951099615155e-09
3.735538455736801566e-09
3.730056766181323726e-09
3.730281403784996190e-09
3.731002127610696882e-09
3.731608710336810515e-09
3.732397811689609066e-09
3.732322826529140000e-09
3.733019551033831691e-09
3.733117129441753034e-09
3.733558440670199680e-09
3.733750519168076433e-09
3.733932523029924746e-09
3.733710589893253443e-09
3.734103563308805475e-09
3.734493836746942812e-09
3.735053190324105685e-09
3.736070176626299906e-09
3.736246479841871844e-09
3.736368620164163140e-09
3.737071876817375340e-09
3.737221774224040677e-09
3.737457592217774881e-09
3.738057717284828433e-09
3.738404966698641780e-09
3.739223459772822646e-09
3.739084481644389126e-09
3.739392837833137606e-09
3.740261919897305877e-09
3.740269741052292056e-09
3.740936663619113412e-09
3.740940052713430470e-09
3.740970086207438873e-09
3.740672397071390211e-09
3.741955296501948648e-09
3.742040266771589133e-09
3.742113355910467949e-09
3.742522373929030597e-09
3.743219290497768099e-09
3.742860027359101370e-09
3.742690686364351783e-09
3.742399688721390413e-09
3.743124102982775920e-09
3.743655596729440064e-09
3.744164719767888528e-09
3.745139254720153471e-09
3.743399402512398087e-09
3.744472261952810608e-09
3.745075947578393196e-09
3.744748728477827455e-09
3.745344002816535352e-09
3.745741175228602834e-09
3.745869110244873975e-09
3.745898516145239584e-09
3.746420263864916103e-09
3.747236344590922512e-09
3.747102791803006652e-09
3.747321501020068692e-09
3.748155962538084393e-09
3.747954065276208718e-09
3.747985165214407561e-09
3.748954298407709260e-09
3.748786064201653646e-09
3.748878213734486448e-09
3.749462086270578040e-09
3.749432167831610023e-09
3.750274792221108729e-09
3.749694086540756243e-09
3.751474790480366228e-09
3.750142245944583608e-09
3.750316457691508771e-09
3.751955826711563091e-09
3.750978344467766120e-09
3.751542960002405447e-09
3.751392495523098532e-09
3.752640797648154525e-09
3.752237997777948075e-09
3.754419881663358707e-09
3.753521861800089453e-09
3.753473716075314086e-09
3.753174814287204219e-09
3.755000461388702598e-09
3.755443372327840853e-09
