3.866877621316182014e-09
3.870697545369733196e-09
3.871677559110154150e-09
3.866867707499502327e-09
3.867119200601518229e-09
3.867890593855322066e-09
3.868590342336683530e-09
3.869384313754263952e-09
3.869181765825500170e-09
3.869887617594012332e-09
3.869725619291068128e-09
3.870324225357085219e-09
3.870648679087521744e-09
3.870642542739811539e-09
3.870096278176401424e-09
3.870681772701951911e-09
3.871008869254723902e-09
3.871795568024384700e-09
3.872918329859181710e-09
3.873157131327013729e-09
3.873652135259287059e-09
3.874247176229036809e-09
3.874302474983179813e-09
3.874391740103309682e-09
3.875185218521956397e-09
3.875628915059850664e-09
3.876594424819495867e-09
3.875894582923619494e-09
3.876735119285746261e-09
3.877771258350612373e-09
3.877788123904134506e-09
3.878413259307242126e-09
3.878629440284238969e-09
3.878518784683199160e-09
3.878282323772346809e-09
3.879442788033941627e-09
3.879359308640014735e-09
3.879396038817165848e-09
3.879938762333375594e-09
3.880812930366339667e-09
3.880023170610034395e-09
3.880036661474953799e-09
3.879805439458248004e-09
3.880604704506356592e-09
3.880900808699993642e-09
3.881712845795264661e-09
3.882609205295201912e-09
3.881182124897259915e-09
3.881888202342033244e-09
3.882560970518027918e-09
3.882303311307039030e-09
3.882988453173659956e-09
3.883222277526002856e-09
3.883365729933660327e-09
3.883538105937951830e-09
3.884344357853904544e-09
3.885232755849350917e-09
3.884707980643438586e-09
3.884901393310094623e-09
3.886114826967340542e-09
3.885598184639944392e-09
3.885525225007858681e-09
3.886215667499532055e-09
3.886235971946310125e-09
3.886724570405515249e-09
3.886938657501074597e-09
3.887396739839772212e-09
3.888461164635555131e-09
3.887288543150997961e-09
3.889248531609863305e-09
3.888196840277469320e-09
3.887970055359560630e-09
3.889573214412466631e-09
3.888393084341474527e-09
3.889158896459807909e-09
3.889187917043099102e-09
3.890818981339281944e-09
3.889795088613678996e-09
3.892437956723838546e-09
3.891659222940306566e-09
3.891311516256166098e-09
3.890153927647089901e-09
3.893187078004143974e-09
3.893180465950848142e-09
