5.999976123656767868e+01
1.144058904418635336e+00
1.294999999999997042e+00
1.145295291173171082e+00
4.714139130936274569e+01
1.296861411872942682e+00
5.970499999999999829e+01
1.295000000000001705e+00
5.970499999999999119e+01
4.731177983090103112e+01
5.098968603944728173e+00
5.970499999999999119e+01
1.253791605947627907e+01
1.295000000000008811e+00
5.873888687081704774e+01
5.989014922379755745e+01
1.295000000000050999e+00
1.045888316921889993e+00
1.042306017195433254e+00
1.283534528500360539e+00
5.996060510597251181e+01
1.154328263327769832e+00
5.423208387519608209e+01
4.744906752450843257e+00
5.970499999999999829e+01
3.334594830767722584e+01
1.410207870481753334e+00
4.324933908848968400e+01
1.205453404761939851e+00
5.968033030536152239e+01
5.970499999916329870e+01
1.068902925652256641e+00
1.063074311742248312e+00
5.998888269325628642e+01
1.786747561325588052e+01
1.032499268466621878e+00
1.159956275047953511e+00
1.295000000000002593e+00
5.970499999999999119e+01
1.049788266461774811e+00
5.996853505809960438e+01
1.245934076625097475e+00
1.083276589698563441e+00
5.994817418481172666e+01
5.066718649378277917e+01
1.111916257888367454e+00
4.727616227037910335e+01
5.944966878436233060e+01
2.526660667027670115e+01
5.466444801344191262e+01
5.282854767497919113e+01
5.970500000000000540e+01
1.164621272623797665e+00
5.982959878067700998e+01
1.295000000000021245e+00
5.992519529894802588e+01
5.990596152975563626e+01
1.064894374212258299e+00
1.638826799253469346e+01
5.960629533150544290e+01
1.348468747624627895e+01
1.199256612591980797e+00
1.046117891866614968e+00
1.211676000875229420e+00
1.294999999999994600e+00
1.084420182858643500e+00
1.295000000000008811e+00
1.084621783734391443e+00
1.104797616584711761e+00
1.058475916983546483e+00
5.992413468106279595e+01
1.035591412967690417e+00
1.093079621692929493e+00
2.145945614092331866e+00
5.999852500000000077e+01
5.999999999916011717e+01
1.294999999999994600e+00
5.984948893406028958e+01
1.509374347224810720e+01
1.291454578227394734e+00
1.202766430296740907e+00
1.295000000000001705e+00
1.322244121032299091e+01
5.990500370252690487e+01
