6.184751544791726729e+01
6.197066009197640568e+01
6.150664413228752636e+01
6.284915933875160476e+01
6.261156887854287589e+01
6.264053691901285958e+01
6.288225921348769987e+01
6.325146734442331820e+01
6.281438612182604686e+01
6.312646941103179898e+01
6.296431622168577746e+01
6.296405646174092396e+01
6.307501887166260701e+01
6.291594545715296505e+01
6.252950608621787154e+01
6.252934903698977820e+01
6.244781857297550687e+01
6.258021085839275344e+01
6.311562250611707725e+01
6.296044884768507188e+01
6.303360177502008099e+01
6.320865801056752531e+01
6.310477022613753206e+01
6.279251760020758866e+01
6.307491049362464253e+01
6.331122567035679793e+01
6.359608837895120814e+01
6.331604678400331210e+01
6.325008190889511894e+01
6.383027605437533225e+01
6.380249312717113241e+01
6.411733719035727574e+01
6.391574180547442552e+01
6.384836978916114703e+01
6.347412446425915533e+01
6.413239994709064717e+01
6.411178267795328622e+01
6.406500798951974218e+01
6.421074821811417621e+01
6.469394754809022174e+01
6.397003145691411419e+01
6.378854214122461741e+01
6.348429423833164265e+01
6.386708509258270539e+01
6.399878789846228955e+01
6.437043192018978743e+01
6.496726982786236704e+01
6.353163381694962197e+01
6.407175392975535999e+01
6.450943379811741352e+01
6.409132785701402213e+01
6.441942787869493259e+01
6.455403469968304364e+01
6.460632306838104455e+01
6.439371770345849200e+01
6.462770197722797150e+01
6.516682783820320424e+01
6.463859168851602988e+01
6.479308970755441521e+01
6.492427419071356098e+01
6.495896052296912160e+01
6.461065857671933088e+01
6.529212859090458210e+01
6.503426253593050888e+01
6.509726237941308113e+01
6.531768220541658820e+01
6.526962993086374354e+01
6.571728328569811595e+01
6.513551519264788681e+01
6.612948195589170552e+01
6.519326423578232266e+01
6.498011141133187607e+01
6.574073650302759120e+01
6.520787024125215225e+01
6.536428737447856463e+01
6.549423201273319251e+01
6.574849249617713554e+01
6.521437896974221360e+01
6.689510792641075909e+01
6.588676122843719440e+01
6.569297374538363954e+01
6.509687721570553265e+01
6.653056560522128393e+01
6.665609824694351460e+01
