1.162176959672896857e+02
1.161154767296272610e+02
1.148803348704853420e+02
1.193125962689989592e+02
1.191539438325644653e+02
1.188099301404592723e+02
1.188880402003473051e+02
1.189533867486172483e+02
1.185038677219418588e+02
1.186321857553208048e+02
1.181091283254012012e+02
1.181058508278440229e+02
1.181621283561653541e+02
1.178258987143018857e+02
1.171741631869019784e+02
1.168949770307194598e+02
1.165984480320204995e+02
1.166683174890117556e+02
1.167859255873744928e+02
1.167431742438554210e+02
1.163677874565724437e+02
1.163341517323144245e+02
1.162639782788673983e+02
1.161343521028762780e+02
1.161159994961633259e+02
1.160771455668911756e+02
1.160321427865060997e+02
1.158611263586419255e+02
1.154564322565810670e+02
1.154963991989074827e+02
1.158149683850923282e+02
1.157968891133673424e+02
1.154391037036183718e+02
1.157312350870956976e+02
1.156313562673535813e+02
1.154126494481911749e+02
1.151883444000576162e+02
1.154684945347711960e+02
1.149180215835471728e+02
1.150337849368422525e+02
1.149110318023889050e+02
1.140239745809655716e+02
1.142482459541799642e+02
1.142285237303706964e+02
1.142425732438318846e+02
1.141555920762280465e+02
1.142139390354279556e+02
1.136711043590209727e+02
1.140182567174944381e+02
1.137275887689228284e+02
1.136963496170998553e+02
1.136520513653888287e+02
1.136377755816346280e+02
1.136938487499251664e+02
1.134819994509602736e+02
1.129842693177980806e+02
1.130345394291413044e+02
1.128046532543778397e+02
1.129573627087569463e+02
1.125166508432165529e+02
1.127422831615840551e+02
1.124822148951588900e+02
1.127550846423151967e+02
1.125323507041054825e+02
1.124188163696772449e+02
1.123303617880195020e+02
1.116939054744163116e+02
1.118521621039549672e+02
1.119519449607954442e+02
1.117771346287319005e+02
1.116323816023330693e+02
1.115833476807063676e+02
1.114921320046845636e+02
1.114725141369336541e+02
1.112993654705654762e+02
1.116225878669579714e+02
1.104971595221232263e+02
1.105689928404184457e+02
1.107121115171317314e+02
1.102326562562358561e+02
1.100770308238816853e+02
1.106161485117125096e+02
1.100817786446615258e+02
1.103162873715884018e+02
