-2.532268085484929432e-01
-2.546344792868759366e-01
-2.464563915617611067e-01
-2.550829992733269491e-01
-2.519987243022437928e-01
-2.563626427740554048e-01
-2.493805553313592771e-01
-2.551318007073548610e-01
-2.521299746235020067e-01
-2.512894268264281861e-01
-2.458980660125714979e-01
-2.497339068744730273e-01
-2.481667758336532636e-01
-2.471530926533475891e-01
-2.498381573192174909e-01
-2.479442667053427529e-01
-2.453042087052878240e-01
-2.522835097177085206e-01
-2.487971208467319728e-01
-2.457765221911557829e-01
-2.466294136735811826e-01
-2.467225056402147787e-01
-2.426927929922069183e-01
-2.445848879756435945e-01
-2.434147524880866109e-01
-2.428856764363047094e-01
-2.341250038669036304e-01
-2.413012893499137113e-01
-2.383740164588356858e-01
-2.321250664288737608e-01
-2.299607537567654458e-01
-2.255529791005428941e-01
-2.370337564697252153e-01
-2.327766770784754358e-01
-2.370056901100326685e-01
-2.356769340089342746e-01
-2.293376354130366446e-01
-2.311979358581719712e-01
-2.269358740603514835e-01
-2.325195398879363606e-01
-2.320237646590970759e-01
-2.307541718335698877e-01
-2.347972527457771186e-01
-2.340485414600279312e-01
-2.291574077410940824e-01
-2.242629166304606625e-01
-2.328949238976733005e-01
-2.282411772221420443e-01
-2.273587009476043252e-01
-2.199770320204835483e-01
-2.239364278165872912e-01
-2.244337955548212082e-01
-2.226631137540870942e-01
-2.228851294160880125e-01
-2.188700053788998900e-01
-2.173438973303620514e-01
-2.168768038270327547e-01
-2.189215287279561439e-01
-2.248339805259433333e-01
-2.149169681735007831e-01
-2.154604791193928670e-01
-2.093721044379447949e-01
-2.123088671697779262e-01
-2.096879659115550854e-01
-2.139609644807688726e-01
-2.136899002920167878e-01
-2.156642404398322332e-01
-2.040497092748540242e-01
-2.139953249946790759e-01
-2.175371793891894279e-01
-2.047077142990218479e-01
-2.154543816936556611e-01
-2.041315292518959545e-01
-1.995802362138799912e-01
-2.075077673333648731e-01
-1.965761270067951927e-01
-2.007113713851713388e-01
-2.013810897912424736e-01
-1.880633595002982328e-01
-2.022474791286395235e-01
-1.981406228648300849e-01
-1.959092439739774372e-01
-2.000737010285565387e-01
-1.972945740409184634e-01
