1.592349186456647026e+01
1.557568705813716115e+01
1.429074727013024848e+01
1.307637357462854588e+01
1.281339520290854850e+01
1.264957056434490212e+01
1.228555340117799233e+01
1.204321617816993140e+01
1.128521793462515532e+01
1.146385204918425771e+01
1.144599773000641463e+01
1.113589298802828154e+01
1.117426779439623630e+01
1.128023122607770468e+01
1.049979721190899440e+01
1.071327665679034169e+01
1.049924284851456946e+01
1.078506339634622080e+01
1.042807644242944320e+01
1.024641537675021397e+01
1.041957618376594574e+01
1.022696765253157736e+01
9.787476662567398122e+00
1.003134753516328459e+01
