1.102616119141301567e+02
1.103242474046775783e+02
1.166787985383370767e+02
1.238871026785836165e+02
1.203353199346764058e+02
1.218894238077990479e+02
1.243513071677281090e+02
1.260726358669882785e+02
1.280845776994577250e+02
1.270533521291382755e+02
1.276595456087024729e+02
1.287065157511367488e+02
1.286752375001569249e+02
1.287986560824242588e+02
1.306885368810007719e+02
1.305498460038949702e+02
1.309429467342549174e+02
1.308137781830535005e+02
1.318869365737245971e+02
1.324461857778102001e+02
1.321704789617929237e+02
1.332634479280140454e+02
1.340330843362632152e+02
1.341207499999930519e+02
