1.499683999999999742e+02
1.499683999999996047e+02
1.499683999999999742e+02
1.499683999999999742e+02
1.499683999999999742e+02
1.499683999999999742e+02
1.499683999999999742e+02
1.499683999999999742e+02
1.499683999999999742e+02
1.499683999999999742e+02
1.499683966981830281e+02
1.499683999999999742e+02
1.499683999999999742e+02
1.499683999999973594e+02
1.499683999999999742e+02
1.499683999999999742e+02
1.499683999999995763e+02
1.499683999999999742e+02
1.499683999999990647e+02
1.499683999999996615e+02
1.499683999999765263e+02
1.499683999966880776e+02
1.499683999999975299e+02
1.499683999999999742e+02
