1.592175087368498154e+01
1.557565447570458694e+01
1.429074361599091603e+01
1.307637365771296700e+01
1.281339764086643207e+01
1.264957322428698738e+01
1.228555647161307718e+01
1.204321715889236266e+01
1.128521750943730950e+01
1.146384878068520230e+01
1.144599572447814850e+01
1.113588983686432954e+01
1.117426778378086460e+01
1.128023116770030043e+01
1.049979840568379075e+01
1.071327690840033142e+01
1.049924643529636370e+01
1.078506822388904496e+01
1.042807572547958728e+01
1.024641200742908254e+01
1.041957769552722546e+01
1.022696626235316586e+01
9.787475014333626433e+00
1.003134677809299546e+01
