1.499683999999999742e+02
1.499683999999996900e+02
1.499683999999999742e+02
1.499683999999999742e+02
1.499683999999999742e+02
1.499683999999999742e+02
1.499683999999999742e+02
1.499683999999999742e+02
1.499683999999999742e+02
1.499683999999999742e+02
1.499683966984943595e+02
1.499683999999999742e+02
1.499683999999999742e+02
1.499683999999973594e+02
1.499683999999999742e+02
1.499683999999999742e+02
1.499683999999995763e+02
1.499683999999999742e+02
1.499683999999990647e+02
1.499683999999996615e+02
1.499683999999763273e+02
1.499683999966882766e+02
1.499683999999975299e+02
1.499683999999999742e+02
