1.102762724181314411e+02
1.103245192331569200e+02
1.166788101976876391e+02
1.238871020313543028e+02
1.203353077327105893e+02
1.218894110058445079e+02
1.243512910723452336e+02
1.260726330538595334e+02
1.280845832329769109e+02
1.270533636218383435e+02
1.276595502169899561e+02
1.287065238318189984e+02
1.286752407265363729e+02
1.287986559379812945e+02
1.306885336655635399e+02
1.305498453471248013e+02
1.309429374590864938e+02
1.308137659154166386e+02
1.318869388060321626e+02
1.324461941368931832e+02
1.321704753263859402e+02
1.332634518954021132e+02
1.340330885797167468e+02
1.341207499999931656e+02
