5.226360233231342818e+02
5.224860086395578946e+02
5.223706619109968869e+02
5.222818070959600618e+02
5.219446159037291864e+02
5.220749405984743134e+02
5.219982535346965733e+02
5.220913135859682370e+02
5.217672079829060294e+02
5.218847369828055207e+02
5.219213511088646555e+02
5.218450718712314256e+02
5.218979839164179566e+02
5.219553034563195979e+02
5.217014217490902865e+02
5.218506482543756420e+02
5.218195557892269107e+02
5.219993477107777835e+02
5.219178978306933914e+02
5.218712422186440563e+02
5.219781842766419686e+02
5.219353251073263209e+02
5.218710063354428712e+02
5.219901962969959186e+02
