4.961717127413822936e+02
4.961538272589856433e+02
4.962444374868673549e+02
4.963029896875171971e+02
4.961616775305629403e+02
4.961683607896412695e+02
4.962026923190098273e+02
4.962487346787727347e+02
4.961486361804426792e+02
4.961914600661023087e+02
4.962337241091909732e+02
4.962350596810575780e+02
4.962493878530831921e+02
4.962996626281070576e+02
4.962191881415528769e+02
4.961790213555736955e+02
4.962401101936394525e+02
4.962754971787509817e+02
4.962999742433351571e+02
4.963088570109698594e+02
4.962958883223525390e+02
4.963850120422462169e+02
4.962663002626853768e+02
4.964905715533271291e+02
