5.617625579690416089e+02
5.617750429791753959e+02
5.624387008254120701e+02
5.635481095338352588e+02
5.629648289532749459e+02
5.631286487076254161e+02
5.635458875450653977e+02
5.636982527950201529e+02
5.640391288016479621e+02
5.638631992000541686e+02
5.639117180539818719e+02
5.639902465570473851e+02
5.640219474834401581e+02
5.640135876147171530e+02
5.642854442350163708e+02
5.642632119254158169e+02
5.643030645886809680e+02
5.643071155816543296e+02
5.644309319742187654e+02
5.645359653885795979e+02
5.645879664469389354e+02
5.647435346323956082e+02
5.647894906064715315e+02
5.647642656145129649e+02
