9.897511096722662671e+01
9.898416638163706693e+01
1.020011346125558021e+02
1.045995436244998729e+02
1.035671919037384896e+02
1.044239064592657940e+02
1.053761826909213539e+02
1.061306212062503675e+02
1.066180771480510998e+02
1.065175360980834967e+02
1.069900640211093048e+02
1.074514919968360402e+02
1.075977365205071123e+02
1.078978077836979850e+02
1.082881374173317965e+02
1.084988220752133543e+02
1.087474437768508437e+02
1.090228948485281961e+02
1.094326126587753265e+02
1.096941363449931259e+02
1.097349117901394493e+02
1.102200513224879614e+02
1.104140666656500400e+02
1.108282745646420580e+02
