4.387417202189630672e+01
4.372564608458582569e+01
4.311454758103234042e+01
4.204881708461329737e+01
4.200726279249430917e+01
4.190645074971515527e+01
4.173611436350772408e+01
4.145497530193387803e+01
4.066918160168402352e+01
4.103527297493753423e+01
4.122043085595861811e+01
4.096344446676514650e+01
4.114588845569834064e+01
4.152066554921828612e+01
4.041679087800540771e+01
4.093703809470253674e+01
4.067502436091799467e+01
4.122601327909551827e+01
4.093249287961887006e+01
4.096824608127386114e+01
4.139018589349105781e+01
4.122995249858497147e+01
4.042688415777770672e+01
4.114452753943059804e+01
