1.694079937966787668e+02
1.697208184418022370e+02
1.718544593554022129e+02
1.749210699986585098e+02
1.721891523051822901e+02
1.730816811240526647e+02
1.739405943925183635e+02
1.749210699988699673e+02
1.749134720545186781e+02
1.748325556408213401e+02
1.749210499460297967e+02
1.749210699999995882e+02
1.749093114467908663e+02
1.749210699996157814e+02
1.749210699821846902e+02
1.749210699999999576e+02
1.749210699999847520e+02
1.749210699999928806e+02
1.749210699999991050e+02
1.749210699999998440e+02
1.749210699999999576e+02
1.749206399177240030e+02
1.749210699999999576e+02
1.749210699995062726e+02
