-4.019783858392260711e-01
-4.019346674807083297e-01
-4.125589923159786454e-01
-4.239803813263914312e-01
-4.176960418338720449e-01
-4.203497002211452616e-01
-4.245124880412489699e-01
-4.274869441144487081e-01
-4.304270742124026161e-01
-4.288128678443326458e-01
-4.300964744681800012e-01
-4.318311603544605082e-01
-4.317308501913663110e-01
-4.323312717774302483e-01
-4.347365742087258011e-01
-4.346838537321554008e-01
-4.351574851967259794e-01
-4.351115275523932402e-01
-4.367331833831260557e-01
-4.375946149286741305e-01
-4.370514556177986232e-01
-4.387949074667877314e-01
-4.395827274844915089e-01
-4.401410219463800511e-01
