4.961714605394405453e+02
4.961538225286993793e+02
4.962444377076631099e+02
4.963029897080635919e+02
4.961616775458999200e+02
4.961683607882303022e+02
4.962026923430272518e+02
4.962487346090971414e+02
4.961486360071946251e+02
4.961914602878713367e+02
4.962337244142672148e+02
4.962350599988632780e+02
4.962493876660755632e+02
4.962996626629411594e+02
4.962191880417981338e+02
4.961790213309795945e+02
4.962401098030846356e+02
4.962754966198631905e+02
4.962999743017756487e+02
4.963088574208042587e+02
4.962958881347211104e+02
4.963850121423010364e+02
4.962663004665808444e+02
4.964905717458218533e+02
