5.617603890117291030e+02
5.617750022867170401e+02
5.624386994093149497e+02
5.635481096421882512e+02
5.629648307060098205e+02
5.631286505190328171e+02
5.635458899149176659e+02
5.636982531767196178e+02
5.640391279091898014e+02
5.638631975619897503e+02
5.639117173689893434e+02
5.639902454708109190e+02
5.640219469767498595e+02
5.640135876466533773e+02
5.642854446752641024e+02
5.642632120090650005e+02
5.643030658768291232e+02
5.643071172628269778e+02
5.644309316558120599e+02
5.645359642390950512e+02
5.645879669323596772e+02
5.647435341066344563e+02
5.647894899928104451e+02
5.647642657032386069e+02
