5.226358776168788154e+02
5.224860063102005370e+02
5.223706630950038061e+02
5.222818070292905759e+02
5.219446153652224893e+02
5.220749399910851025e+02
5.219982529205606170e+02
5.220913131501442876e+02
5.217672079175787303e+02
5.218847380773640907e+02
5.219213519326527830e+02
5.218450731898436743e+02
5.218979837461529314e+02
5.219553034585652540e+02
5.217014212407053719e+02
5.218506481509743935e+02
5.218195542805884770e+02
5.219993456937293104e+02
5.219178981502828947e+02
5.218712436033238191e+02
5.219781836630728549e+02
5.219353257134125670e+02
5.218710070314132281e+02
5.219901964915991357e+02
