1.499683999999999742e+02
1.499683999999999742e+02
1.499683999999999742e+02
1.499683999999999742e+02
1.499683999999999742e+02
1.499683999999999742e+02
1.499683999999999742e+02
1.499683999999999742e+02
1.499683999999999742e+02
1.499683999999999742e+02
1.499683999999999742e+02
1.499683999999999742e+02
1.499683999999999742e+02
1.499683999999999742e+02
1.499683999999999742e+02
1.499683999999999742e+02
1.499683999999999742e+02
1.499683999999999742e+02
1.499683999999999742e+02
1.499683999999999742e+02
1.499683999999999742e+02
1.499683999999999742e+02
1.499683999999999742e+02
1.499683999999999742e+02
