1.535442925130115555e+01
1.513303854373284629e+01
1.603254805301612507e+01
1.638792414553721599e+01
1.649072696535228388e+01
1.703594626862925665e+01
1.725224938082795134e+01
1.786535173752918126e+01
1.699766437387458140e+01
1.747479133396686990e+01
1.805176937625735789e+01
1.820497884103537345e+01
1.833600572566594522e+01
1.924068196729498936e+01
1.828986496225071789e+01
1.882898995731769887e+01
1.917860409007873557e+01
1.986069770981819715e+01
2.010998000855192558e+01
2.028693173716704479e+01
2.103635460645327981e+01
2.055341839584050234e+01
2.043663941989307276e+01
2.111753603488646291e+01
