1.341207499999995036e+02
1.341207499999995321e+02
1.341207499999999584e+02
1.341207499999999584e+02
1.341207499999999584e+02
1.341207499999999584e+02
1.341207499999999584e+02
1.341207499999999584e+02
1.341207499999999584e+02
1.341207499999999584e+02
1.341207499999999584e+02
1.341207499999999584e+02
1.341207499999999584e+02
1.341207499999999584e+02
1.341207499999999584e+02
1.341207499999999584e+02
1.341207499999999584e+02
1.341207499999999584e+02
1.341207499999999584e+02
1.341207499999999584e+02
1.341207499999999584e+02
1.341207499999999584e+02
1.341207499999999584e+02
1.341207499999999584e+02
