4.963635051933330260e+02
4.963542982306792624e+02
4.965288059732785655e+02
4.965640483796109379e+02
4.966014753000231963e+02
4.966269772225351176e+02
4.966704923691285671e+02
4.967564324610410154e+02
4.965909791045968973e+02
4.967060402098354075e+02
4.968002642495434316e+02
4.968530598750032254e+02
4.968539404859333217e+02
4.970349977885491057e+02
4.968782117732093866e+02
4.968755427409407730e+02
4.970046508763523434e+02
4.970918122522112412e+02
4.971633280537294581e+02
4.972341383471703580e+02
4.973251308713794856e+02
4.973389193083298210e+02
4.972035133286894961e+02
4.975074218842591449e+02
