5.227409460575955791e+02
5.226152354057026059e+02
5.230557273557242297e+02
5.232504264714737019e+02
5.232630300910174128e+02
5.235633452195241944e+02
5.236013983299386609e+02
5.239227978578604734e+02
5.235137660079351463e+02
5.237645108257503352e+02
5.239811803047932699e+02
5.240775327191536235e+02
5.241121229614072945e+02
5.244741465365559634e+02
5.241440353901680282e+02
5.243759941242078639e+02
5.245511791628567835e+02
5.248785665006521413e+02
5.249532423261821350e+02
5.250398027220524000e+02
5.253192001121238945e+02
5.251290461549277779e+02
5.251809757606363291e+02
5.254291766922353872e+02
