5.658491199132669180e+02
5.658686318995859210e+02
5.657709394971785741e+02
5.658547990770864544e+02
5.659183634512399976e+02
5.658930270127933682e+02
5.659663112267894576e+02
5.659612970055268306e+02
5.659333815599864010e+02
5.659822734618963977e+02
5.660057462308877803e+02
5.659643987708813029e+02
5.660259536502841229e+02
5.661056338563321333e+02
5.660428270161567070e+02
5.660676086074564637e+02
5.661437171025241923e+02
5.662205942871969455e+02
5.662594180741949685e+02
5.663244775271093658e+02
5.665161097416931852e+02
5.664153656240840746e+02
5.664006093695688833e+02
5.664616489407560493e+02
