1.048086312918853480e+02
1.047043510621283531e+02
1.059168669914305525e+02
1.063308444814345108e+02
1.066156168084655462e+02
1.069385159431335666e+02
1.072254077517988264e+02
1.075140699803608157e+02
1.074049628399579177e+02
1.076689888467905973e+02
1.080368494184798891e+02
1.083657888289918390e+02
1.084232826768219269e+02
1.089588388266769101e+02
1.088030340548663446e+02
1.089489513009095845e+02
1.092837223547465584e+02
1.096315739910264853e+02
1.098360835454978854e+02
1.101274794832794726e+02
1.103433362765196932e+02
1.104715775592690221e+02
1.103335755601666932e+02
1.110932053999180056e+02
