1.749210699978528964e+02
1.749210699999999576e+02
1.749210699999261465e+02
1.749210699999999576e+02
1.743818859058498845e+02
1.745305913062002503e+02
1.744693483661719995e+02
1.749210699999525502e+02
1.739526980114807770e+02
1.744616175856407949e+02
1.744959051121695097e+02
1.745482665116197154e+02
1.742168647975336455e+02
1.749210699949040873e+02
1.741302443814956291e+02
1.740140672731107543e+02
1.743227605232376050e+02
1.746530167809192449e+02
1.743569320083853142e+02
1.746081470272261811e+02
1.749195823933164604e+02
1.741616197483336634e+02
1.738431116433497152e+02
1.744914401261707724e+02
