4.350024110789191667e+01
4.342703904697396666e+01
4.521263222292085970e+01
4.590965797628241774e+01
4.641285190544333261e+01
4.705488818790178840e+01
4.759525797375706446e+01
4.827953122035749089e+01
4.773437917886535331e+01
4.835807785445231843e+01
4.916553840366955797e+01
4.957451246447955384e+01
4.983395401631020150e+01
5.096821717606348301e+01
5.022635947030450154e+01
5.087356428689666643e+01
5.138374645979144617e+01
5.209652337767940367e+01
5.267782502803452616e+01
5.324601331357681744e+01
5.407768767319484482e+01
5.381148210521623554e+01
5.368146660732404740e+01
5.474218263384803151e+01
