-3.453481885011200347e-01
-3.447297355600271174e-01
-3.428416685388135376e-01
-3.419919490702096887e-01
-3.416411037326345657e-01
-3.426935816826905956e-01
-3.420213391452483487e-01
-3.434482953666025962e-01
-3.399602522341955146e-01
-3.405201043702896224e-01
-3.416811719520181367e-01
-3.406420145736977489e-01
-3.411190117644343767e-01
-3.423005615092415410e-01
-3.383142689273876402e-01
-3.404684633345559930e-01
-3.400801669521171799e-01
-3.410962738147284568e-01
-3.418489418627834731e-01
-3.403666480193398569e-01
-3.423177555520156568e-01
-3.400772991454674155e-01
-3.404655480041023918e-01
-3.390184051036987389e-01
