3.659179806935971177e-09
3.659114767699076092e-09
3.659448894119852482e-09
3.659664777379009934e-09
3.659143732804627533e-09
3.659168376850151349e-09
3.659294969733274886e-09
3.659464737377698613e-09
3.659095642453873396e-09
3.659253553557826701e-09
3.659409392456671674e-09
3.659414316998562009e-09
3.659467145281267443e-09
3.659652510789340498e-09
3.659355793794492670e-09
3.659207686603110922e-09
3.659432936479875739e-09
3.659563410993906534e-09
3.659653659782327878e-09
3.659686411137637355e-09
3.659638594310062751e-09
3.659967175529489122e-09
3.659529504361190586e-09
3.660356313131334670e-09
