3.755497440076706400e-09
3.754958937374707263e-09
3.754544444988978638e-09
3.754225104471055823e-09
3.753013021474522502e-09
3.753481538129125473e-09
3.753205855413469486e-09
3.753540395453721023e-09
3.752375148194430910e-09
3.752797743186623116e-09
3.752929383349274891e-09
3.752655128239331346e-09
3.752845366729629545e-09
3.753051447340946472e-09
3.752138582855229068e-09
3.752675173317532029e-09
3.752563372236089261e-09
3.753209783971166694e-09
3.752916965939319344e-09
3.752749224466492961e-09
3.753133705000795031e-09
3.752979622969860843e-09
3.752748373878187777e-09
3.753176892143139003e-09
