3.893529027991557410e-09
3.893579669547507895e-09
3.895878984054017557e-09
3.899719401477070846e-09
3.897700751236342322e-09
3.898267815223898258e-09
3.899711721279160970e-09
3.900238859044756996e-09
3.901417940176411859e-09
3.900809443966245303e-09
3.900977270533764289e-09
3.901248878364225441e-09
3.901358520089060347e-09
3.901329609100127923e-09
3.902269724839577754e-09
3.902192849992278500e-09
3.902330653351219171e-09
3.902344661621196727e-09
3.902772744061403001e-09
3.903135852470302673e-09
3.903315618610380049e-09
3.903853343458734453e-09
3.904012177849437772e-09
3.903924997550446725e-09
