4.387566356152396452e+01
4.372567471734302558e+01
4.311455169735510395e+01
4.204881707617409603e+01
4.200725981548239929e+01
4.190644734957126616e+01
4.173611028067205808e+01
4.145497405534634794e+01
4.066918207219867298e+01
4.103527772323818112e+01
4.122043381052650801e+01
4.096344918660933843e+01
4.114588836851317666e+01
4.152066570964150571e+01
4.041678898557032085e+01
4.093703768742859239e+01
4.067501858454986063e+01
4.122600569319634189e+01
4.093249400642977776e+01
4.096825176997654694e+01
4.139018337604351672e+01
4.122995462028973890e+01
4.042688703348339629e+01
4.114452922297736848e+01
