9.896998173134309695e+01
9.898407151417302430e+01
1.020011317178791757e+02
1.045995438494566940e+02
1.035671953591232466e+02
1.044239100051064213e+02
1.053761871349845904e+02
1.061306217734630053e+02
1.066180753074755359e+02
1.065175335961362890e+02
1.069900635279432635e+02
1.074514907069364540e+02
1.075977352840307191e+02
1.078978078864825960e+02
1.082881379508566795e+02
1.084988221859485549e+02
1.087474451545737111e+02
1.090228966366482837e+02
1.094326122282599130e+02
1.096941352401842096e+02
1.097349122579490626e+02
1.102200506067176491e+02
1.104140661135916872e+02
1.108282750509729624e+02
