1.694002810969705024e+02
1.697206764152045082e+02
1.718544568799541139e+02
1.749210699986919906e+02
1.721891565789502465e+02
1.730816855202889428e+02
1.739406002596810765e+02
1.749210699988817908e+02
1.749134694493009192e+02
1.748325533100624796e+02
1.749210499440974331e+02
1.749210699999995882e+02
1.749093096016810023e+02
1.749210699996148151e+02
1.749210699821748562e+02
1.749210699999999576e+02
1.749210699999850078e+02
1.749210699999929091e+02
1.749210699999990766e+02
1.749210699999998440e+02
1.749210699999999576e+02
1.749206399170653299e+02
1.749210699999999576e+02
1.749210699995151401e+02
