-4.019527656407052008e-01
-4.019341923566819852e-01
-4.125589750473339090e-01
-4.239803827708021888e-01
-4.176960620778038535e-01
-4.203497211578227644e-01
-4.245125147139181543e-01
-4.274869485484040776e-01
-4.304270639313610980e-01
-4.288128500284754119e-01
-4.300964682457499300e-01
-4.318311486017529233e-01
-4.317308439175027157e-01
-4.323312723069290819e-01
-4.347365790303436839e-01
-4.346838546925463342e-01
-4.351574987387888949e-01
-4.351115452167797493e-01
-4.367331797094233248e-01
-4.375946031405495429e-01
-4.370514605997721236e-01
-4.387949013831826117e-01
-4.395827213323123539e-01
-4.401410241314248073e-01
