7.298836811623560550e+01
7.054050944847449500e+01
7.207806112718645863e+01
7.322262954806419089e+01
7.595650790821359521e+01
7.566374391375961750e+01
7.678050707234365291e+01
7.806426133876593099e+01
7.843850441681773589e+01
7.853635994399947151e+01
7.770869119087477372e+01
7.730165342995188382e+01
7.928528519140584763e+01
8.199572817855775497e+01
8.056165865466566345e+01
8.073624562838865870e+01
7.989141056757341630e+01
8.177357985020746867e+01
8.281020884285582895e+01
8.179711635789642798e+01
8.309450341246716221e+01
8.391645398158439662e+01
8.416329514504319320e+01
8.507310799024045878e+01
8.396009416257817293e+01
8.454552492463469093e+01
8.488633141217516709e+01
8.327445935456404413e+01
8.961856989601774615e+01
8.762070247052918148e+01
8.399517921126455633e+01
8.581693523460978668e+01
8.430986856876202751e+01
8.366172340112956363e+01
8.293289439922818929e+01
8.699426539628827015e+01
8.676162946316047453e+01
8.714654400093341735e+01
8.725509898068960979e+01
8.561303244033273074e+01
8.901817872875450632e+01
8.761515207816539430e+01
8.680807804797009908e+01
8.726084669047484965e+01
8.718926340312989964e+01
8.812737114673554117e+01
5.902135497794030528e+01
5.980138805096640198e+01
5.856554203682528481e+01
6.284619387188752171e+01
6.234684086318787166e+01
6.257472694668446422e+01
3.150774568210571402e+01
3.484485226931614221e+01
3.265039393784540778e+01
2.955963618196499354e+01
3.343133692251599598e+01
4.045969127901592088e+01
3.744082098018802895e+01
4.654332520083389113e+01
4.487054877729330116e+01
4.183523193806848184e+01
4.613377870290734251e+01
4.846683534307651797e+01
4.887322105504952674e+01
4.979612758364613967e+01
5.361824555844581397e+01
5.212832348179837538e+01
5.478419794495476225e+01
5.833611609150471367e+01
5.896718027538828011e+01
5.938847408109239723e+01
5.805123332249220169e+01
6.231797486119939578e+01
7.712964650291550583e+01
6.658495482261214704e+01
