7.365318616243898475e+01
7.193760038145917690e+01
6.798707330008019767e+01
6.535957877116402415e+01
6.167182950991224999e+01
6.136330671222989253e+01
5.945159673482427110e+01
5.692877098735398533e+01
5.636648314281647032e+01
5.512289900412086752e+01
5.536657751236759140e+01
5.486966098650432144e+01
5.264158911879704306e+01
4.997176727778560945e+01
5.023288457127588913e+01
4.968463711819226347e+01
5.013688534061571289e+01
4.860049451056907088e+01
4.734290752297384586e+01
4.757449045508822394e+01
4.561280107553452723e+01
4.453108880952520110e+01
4.350682947672872558e+01
4.207925564314835043e+01
4.225418824874233081e+01
4.148338755762632957e+01
4.113205321524927172e+01
4.195599380461800365e+01
3.772662002367435008e+01
3.841366191363459137e+01
4.211207484550669022e+01
3.857416946125778878e+01
4.051437297372404345e+01
4.050238271861562822e+01
4.085957373998563469e+01
3.675575294223184386e+01
3.671835559557353434e+01
3.597790623991880210e+01
3.538590352699445418e+01
3.699790597478172316e+01
3.325875296015082938e+01
3.481609420161235846e+01
3.545438082256104906e+01
3.490294309913892334e+01
3.448958509553048657e+01
3.231684301173343243e+01
1.355196158081949136e+02
1.351881362779516280e+02
1.349224808197093637e+02
1.336236757150118422e+02
1.329347656777565874e+02
1.316014950492071875e+02
1.137901713443871472e+02
1.120563590548794366e+02
1.115043450259975231e+02
1.103235745478861816e+02
1.124831390401618876e+02
1.099875866246394622e+02
1.101354333992306778e+02
1.081033882320357122e+02
1.073497554515591901e+02
1.055409612848117149e+02
1.055778564676472939e+02
1.019742431324869045e+02
1.001215255832560018e+02
9.932753249037666876e+01
1.002785077005992775e+02
9.739855359347389197e+01
9.749557372833885438e+01
9.688769781892646904e+01
9.515616191307297811e+01
9.532730569231749485e+01
9.557647056211872894e+01
9.442593881495136543e+01
9.072651962637311840e+01
9.283574059207404616e+01
