7.365981632402042578e+01
6.371492921429567957e+01
6.812675770803960518e+01
6.723232740024478460e+01
6.864256206613313793e+01
6.986207776657343516e+01
7.030105588616906687e+01
7.070365117832051283e+01
7.113594344888976195e+01
7.353462562105195843e+01
7.268845914511716444e+01
7.256407499838626052e+01
7.100050241453055833e+01
6.846619036834476901e+01
6.704374085826181329e+01
6.435832026186547239e+01
6.253019943342533793e+01
6.050417886239385012e+01
5.877578101944407507e+01
5.483670955608982212e+01
5.257537952832301187e+01
5.160190965324087387e+01
4.820902709484660420e+01
4.583919397683135344e+01
4.356586923297515312e+01
4.213871489798384573e+01
4.195973823302955452e+01
4.150158527286586718e+01
3.860180491880618803e+01
5.002438085649665567e+01
4.985959304449329466e+01
4.978034865756028893e+01
4.981791298648723654e+01
5.002305838768240420e+01
4.999540488568149499e+01
4.975898612367054596e+01
5.020924249659464778e+01
4.956601543201457361e+01
5.014641484921887837e+01
5.006998942837918065e+01
5.065195842544707716e+01
5.047010200775716271e+01
5.122439516390917191e+01
5.036855026700869331e+01
5.052018748608193732e+01
5.198672957697757369e+01
5.201681219122427535e+01
5.168112910432812157e+01
5.244320971071627469e+01
5.251075218876987805e+01
5.245079035287884750e+01
5.356177695742792366e+01
5.124771609525249971e+01
5.145046732130383305e+01
6.143364755322183157e+01
6.318423643727360428e+01
6.504293034900857151e+01
5.598388581396810793e+01
5.696639288947854851e+01
5.780878722116534618e+01
5.915751211659667774e+01
1.358343371290488335e+02
1.368410930793406237e+02
1.362167398469355817e+02
1.349061853003848626e+02
1.340857330178899360e+02
1.345872781179479034e+02
1.331703451933727251e+02
1.333676926259306583e+02
1.322987717641515246e+02
1.322530724388061287e+02
1.313131707308556315e+02
1.315481624906429090e+02
1.305470269241800736e+02
1.301443589317795215e+02
1.298921519892982417e+02
