7.305301469183245697e-16
2.199544544470223225e-12
2.245112924450983538e+00
2.828136027205640612e+00
3.841381084081246566e+00
4.603578834676330445e+00
5.917997728916554401e+00
6.514257629079066803e+00
7.381277156177146637e+00
8.260621247321889626e+00
8.832549118297034596e+00
9.520130090426681235e+00
9.863582479544586334e+00
9.999999999999998224e+00
9.999999999999998224e+00
9.999999999999998224e+00
9.999999999999998224e+00
9.999999999999998224e+00
9.999999999999998224e+00
9.999999999999998224e+00
9.999999999999998224e+00
9.999999999999998224e+00
9.999999999999998224e+00
9.999999999999998224e+00
9.999999999999998224e+00
9.999999999999998224e+00
9.999999999999998224e+00
9.999999999999998224e+00
9.999999999999998224e+00
9.999999999999989342e+00
9.999999999999998224e+00
9.999999999999998224e+00
9.999999999999998224e+00
9.999999999999998224e+00
9.999999999999998224e+00
9.999999999999996447e+00
9.999999999999998224e+00
9.999999999999914735e+00
9.999999999999998224e+00
9.999999999999998224e+00
9.999999999999998224e+00
9.999999999999998224e+00
9.999999999999998224e+00
9.999999999999998224e+00
9.999999999999998224e+00
9.999999999999998224e+00
9.999999999999998224e+00
9.999999999999998224e+00
9.999999999999998224e+00
9.999999999999998224e+00
9.999999999999998224e+00
9.999999999999998224e+00
9.999999999999998224e+00
9.999999999999998224e+00
9.999999999999998224e+00
9.999999999999998224e+00
9.999999999999998224e+00
9.999999999999998224e+00
9.999999999999998224e+00
9.999999999999998224e+00
9.999999999999998224e+00
2.148161462736243088e+00
2.337792891082232760e+00
3.317253440997868452e+00
3.446870307482760687e+00
4.139914850202558227e+00
4.887219564123432392e+00
5.502958177367458958e+00
5.953597090766806765e+00
6.817673491628977622e+00
6.955704610651720188e+00
7.557221229198909818e+00
8.162260205850248695e+00
9.237276316851776414e+00
9.796620337634578846e+00
9.786773736691865011e+00
