7.298363465080389290e+01
8.152085191245477347e+01
7.544983301596410286e+01
7.582858650677182766e+01
7.378256135466617138e+01
7.216778545498908670e+01
7.076251184654584847e+01
7.013059322930784845e+01
6.933676387662197271e+01
6.663758694141193928e+01
6.735399601632930455e+01
6.710663690111074686e+01
6.873429698508279273e+01
7.151961037793380171e+01
7.299589165324661622e+01
7.566968507776418562e+01
7.755038202745494402e+01
7.929467853630957563e+01
8.112751728668126816e+01
8.457222360003163431e+01
8.728068068244290600e+01
8.806974265495354359e+01
9.183545074169616385e+01
9.441824001212042106e+01
9.745229306959865312e+01
9.959986517610305157e+01
9.940233440133492593e+01
9.999999999949497465e+01
9.999999999999998579e+01
9.999999999994977884e+01
9.999999999999998579e+01
9.999999999999998579e+01
9.999999999999990052e+01
9.999999999999998579e+01
9.999999999999982947e+01
9.999999999999923261e+01
9.999999999999998579e+01
9.999999999999964473e+01
9.999999999999998579e+01
9.999999999999998579e+01
9.999999999999998579e+01
9.999999999999998579e+01
9.999999999999998579e+01
9.999999999999998579e+01
9.999999999999998579e+01
9.999999999999998579e+01
9.999999999999998579e+01
9.999999999999083400e+01
9.999999999999998579e+01
9.999999999999998579e+01
9.999999999999998579e+01
9.999999999999998579e+01
9.999999999999998579e+01
9.999999999999998579e+01
9.999999999999998579e+01
9.999999999999998579e+01
9.999999999999998579e+01
9.999999999999998579e+01
9.999999999999998579e+01
9.999999999999998579e+01
9.999999999999998579e+01
9.999999999988034460e+01
9.999999999970320630e+01
9.999999999999998579e+01
9.999999999997305622e+01
9.999999999976355980e+01
9.999999999968871123e+01
9.999999999930007277e+01
9.999999999999501199e+01
9.999999999756983016e+01
9.999999999999998579e+01
9.999999999999988631e+01
9.999999999999998579e+01
9.999999999990711785e+01
9.999999999999998579e+01
9.999999999999998579e+01
