5.565254240655118565e+02
5.574872360527710953e+02
5.565001559610157074e+02
5.564774024657496057e+02
5.561251628621381542e+02
5.557898442788126658e+02
5.555580560937738710e+02
5.553414806658956877e+02
5.552470619008341828e+02
5.547993565823226163e+02
5.550449850796476312e+02
5.551886647410530031e+02
5.555741789731080189e+02
5.560790159869249010e+02
5.563157054124139904e+02
5.568727551284692936e+02
5.571714438039091419e+02
5.575861461861313728e+02
5.578306586011152604e+02
5.581196698725559600e+02
5.584777108764634477e+02
5.585494180950835243e+02
5.588907545133328085e+02
5.591013653615561907e+02
5.593652310093024198e+02
5.594245787373257599e+02
5.593233095314365073e+02
5.592743544493474701e+02
5.570505670329625900e+02
5.650991312403422171e+02
5.648146010306040807e+02
5.644361535809377983e+02
5.641457379090551285e+02
5.638105852771471973e+02
5.634590183678658377e+02
5.634053657512569089e+02
5.630992593001703881e+02
5.629454645541341051e+02
5.625261337889107836e+02
5.622532889724126335e+02
5.618728770226688312e+02
5.618284154053807242e+02
5.614531287537027993e+02
5.614647536096666727e+02
5.612562399988549942e+02
5.606718464739566343e+02
5.604652033688150823e+02
5.603631286696995630e+02
5.600188246467417912e+02
5.598480690176775170e+02
5.597559900453804858e+02
5.592958639343170262e+02
5.618999849110704190e+02
5.614799224432180154e+02
5.598323175880066174e+02
5.592389158755868266e+02
5.585458315217504150e+02
5.592257739679948827e+02
5.587756990767603611e+02
5.580686258922223715e+02
5.575579330930924016e+02
5.450259223552981211e+02
5.447843619437427378e+02
5.450062341286770788e+02
5.449150622873812608e+02
5.450243809814132874e+02
5.448269371627417286e+02
5.449081116263067770e+02
5.447872460523952896e+02
5.448898259269260507e+02
5.448432878938682506e+02
5.448824875396387597e+02
5.448282541413790341e+02
5.449477787497373811e+02
5.448423828614816102e+02
5.449014660015275240e+02
