5.188417210860353634e+02
5.197412294564443300e+02
5.188674508309939029e+02
5.187628931884065651e+02
5.184362635300716420e+02
5.181122047917538112e+02
5.178971738150535202e+02
5.177136255341348487e+02
5.176055838232155111e+02
5.171352651573039338e+02
5.173130277078040535e+02
5.174558149479848908e+02
5.177354862027119680e+02
5.183031482316451957e+02
5.184090237049756524e+02
5.189430622662632686e+02
5.192840995774569137e+02
5.197166309203695391e+02
5.200081385447832645e+02
5.203917948401697231e+02
5.208685829812550310e+02
5.209737029046063981e+02
5.214545833191833708e+02
5.218454832176394120e+02
5.222778512067743577e+02
5.224056637286546447e+02
5.223381661723913112e+02
5.223027878279467586e+02
5.205246717218295771e+02
5.260182182370772352e+02
5.258972248301399759e+02
5.255531889644278181e+02
5.253456896776507392e+02
5.250179302290470105e+02
5.248453465251999432e+02
5.245989903206766485e+02
5.243588566987716604e+02
5.242681762592111454e+02
5.240095830355767248e+02
5.237930396287284793e+02
5.234894261434600367e+02
5.233750198078799940e+02
5.230000244806803948e+02
5.228685859999130798e+02
5.227101125818181799e+02
5.221908862517184389e+02
5.221004831674241586e+02
5.218913716208021469e+02
5.217186094220107861e+02
5.214243683220672665e+02
5.213260754024821608e+02
5.208985632758527800e+02
5.218085058415792901e+02
5.215440913407596781e+02
5.194685856923204028e+02
5.190051904619899688e+02
5.181983711736328360e+02
5.193846154565753750e+02
5.188446743262339851e+02
5.183651266389767898e+02
5.174944794876241758e+02
4.700000000000005116e+02
4.700000000000000568e+02
4.700000000000000568e+02
4.700000000000000568e+02
4.700000001648315902e+02
4.700000000496846724e+02
4.700000000000000568e+02
4.700000000000381419e+02
4.700000000000000568e+02
4.700000000000000568e+02
4.700000000000000568e+02
4.700000000000177920e+02
4.700000000000000568e+02
4.700000000000000568e+02
4.700000000000000568e+02
