4.799209988133452498e+02
4.799701390533226686e+02
4.550000000000000568e+02
4.550000000000000568e+02
4.550000000000000568e+02
4.550000000000000568e+02
4.550000000000000568e+02
4.550000000000000568e+02
4.550000000000000568e+02
4.550000000000000568e+02
4.550000000000000568e+02
4.550000000000000568e+02
4.550000000000000568e+02
4.550000000000000568e+02
4.550000000000000568e+02
4.550000000000000568e+02
4.550000000000000568e+02
4.550000000000000568e+02
4.550000000000000568e+02
4.550000000000000568e+02
4.550000000000000568e+02
4.550000000000000568e+02
4.550000000000000568e+02
4.550000000000000568e+02
4.550000000000000568e+02
4.550000000000000568e+02
4.550000000000000568e+02
4.550000000000000568e+02
4.550000000000000568e+02
4.550000000000000568e+02
4.550000000000000568e+02
4.550000000000000568e+02
4.550000000000000568e+02
4.550000000000000568e+02
4.550000000000000568e+02
4.550000000000000568e+02
4.550000000000000568e+02
4.550000000000000568e+02
4.550000000000000568e+02
4.550000000000000568e+02
4.550000000000000568e+02
4.550000000000000568e+02
4.550000000000000568e+02
4.550000000000000568e+02
4.550000000000000568e+02
4.550000000000000568e+02
4.550000000000000568e+02
4.550000000000000568e+02
4.550000000000000568e+02
4.550000000000000568e+02
4.550000000000000568e+02
4.550000000000000568e+02
4.550000000000000568e+02
4.550000000000000568e+02
4.550000000000000568e+02
4.550000000000000568e+02
4.550000000000000568e+02
4.550000000000000568e+02
4.550000000000000568e+02
4.550000000000000568e+02
4.550000000000000568e+02
4.550000000000000568e+02
4.550000000000000568e+02
4.550000000000000568e+02
4.550000000000000568e+02
4.550000000000117666e+02
4.550000000000001137e+02
4.550000000000000568e+02
4.550000000000003979e+02
4.550000000000000568e+02
4.550000000000000568e+02
4.550000000000000568e+02
4.550000000000000568e+02
4.550000000000000568e+02
4.550000000000000568e+02
4.550000000000000568e+02
