3.372488560205299279e+01
5.929609802640246130e+01
5.999999999999999289e+01
5.999999999999999289e+01
5.999999999999999289e+01
5.999999999999999289e+01
5.999999999999999289e+01
5.999999999999999289e+01
5.999999999999999289e+01
5.999999999999999289e+01
5.999999999999999289e+01
5.999999999999999289e+01
5.999999999999999289e+01
5.999999999999999289e+01
5.999999999999999289e+01
5.999999999999999289e+01
5.999999999999999289e+01
5.999999999999999289e+01
5.999999999999999289e+01
5.999999999999999289e+01
5.999999999999999289e+01
5.999999999999999289e+01
5.999999999999999289e+01
5.999999999999999289e+01
5.999999999999999289e+01
5.999999999999999289e+01
5.999999999999999289e+01
5.999999999999999289e+01
5.999999999933373829e+01
5.999999999999999289e+01
5.999999999999999289e+01
5.999999999999999289e+01
5.999999999999999289e+01
5.999999999999999289e+01
5.999999999999999289e+01
5.999999999999999289e+01
5.999999999999999289e+01
5.999999999999999289e+01
5.999999999978304288e+01
5.999999999999420908e+01
5.965677131106922104e+01
5.847900482616947926e+01
5.767658618289885908e+01
5.704190547666898681e+01
5.711534070607461189e+01
5.640379983404389463e+01
5.503117942077260949e+01
5.522629873085663377e+01
5.374377280888213448e+01
5.330562209672663698e+01
5.290235792601624354e+01
5.230770159400773167e+01
4.837465400913711733e+01
4.794188714112089400e+01
4.572554190481336889e+01
4.545350788847886037e+01
4.615488267897197971e+01
4.740673754682369179e+01
4.704330878534076987e+01
4.708164233233300422e+01
4.753662078054377105e+01
5.999999999999970157e+01
5.999999999999999289e+01
5.999999999999985789e+01
5.999999999999999289e+01
5.999999999958846786e+01
5.999999617532785834e+01
5.999999999999999289e+01
5.999999999971550579e+01
5.999999999999999289e+01
5.999999999999999289e+01
5.999999999999998579e+01
5.999999999999469935e+01
5.999999999999999289e+01
5.999999999999999289e+01
5.999999999999934630e+01
