6.560046017849268196e+01
6.263963909409010000e+01
6.375772871395517427e+01
6.365639066309212524e+01
6.396670776272199532e+01
6.418157540887237644e+01
6.415178443478180270e+01
6.426264913080639474e+01
6.422276767122096430e+01
6.482076468500433464e+01
6.453699716421330379e+01
6.449659045055084050e+01
6.399516352539818342e+01
6.329646669439712525e+01
6.283943605828864776e+01
6.200198910036598932e+01
6.142773263188706778e+01
6.073729231570052178e+01
6.004510448165122938e+01
5.872310114569526007e+01
5.787138023319793945e+01
5.749007929117858851e+01
5.619229791426452181e+01
5.512746277929841909e+01
5.429199618726630661e+01
5.367618973090729639e+01
5.341824851449482026e+01
5.312360772305815715e+01
5.103919987656188084e+01
5.759328500435889708e+01
5.745886948594562682e+01
5.718228809585115613e+01
5.725851532938521160e+01
5.711097922978711239e+01
5.734418132052960004e+01
5.706067637068167642e+01
5.716655234237283878e+01
5.707032693914452182e+01
5.694256700767373047e+01
5.700332540069540954e+01
5.709455771281422187e+01
5.688532417467825297e+01
5.723351622254411808e+01
5.696517109487268726e+01
5.689101621606208425e+01
5.727304653686400826e+01
5.720305306425782277e+01
5.724776487135842729e+01
5.743532862355928614e+01
5.732327210864865918e+01
5.711792653596163660e+01
5.751775962849084323e+01
5.905793377507394126e+01
5.921160946755565391e+01
6.165401041583552200e+01
6.233188058432251921e+01
6.335161575291651559e+01
6.166763520521577391e+01
6.209158566804438806e+01
6.259041108976933998e+01
6.314961278076513196e+01
9.099060356968615793e+01
9.161922607105769600e+01
9.138136448687035340e+01
9.079570182734809691e+01
9.030944029588644639e+01
9.071350922579279086e+01
9.003835671582409361e+01
9.025403688225293308e+01
8.976078051298659943e+01
8.983068403891805076e+01
8.930034024452041308e+01
8.953741826145565597e+01
8.903601462001209654e+01
8.890040770972468920e+01
8.877254935712433337e+01
