6.262142014689415248e+01
6.596673497347617854e+01
6.353620777811349996e+01
6.356067879684940181e+01
6.268940144436258066e+01
6.204983812600804782e+01
6.134649824285766329e+01
6.115272494374473666e+01
6.086444332238634303e+01
5.958566624305456827e+01
5.998204293564883471e+01
5.985365527186173296e+01
6.067115215411500628e+01
6.208181665018270223e+01
6.281778130987848385e+01
6.400069761121571332e+01
6.500701825919628618e+01
6.561185207782480688e+01
6.658619627076132019e+01
6.798245858955689869e+01
6.933017540869973061e+01
6.970689636717210647e+01
7.140809286008033041e+01
7.262151685848735383e+01
7.407443604283307081e+01
7.514122098467538535e+01
7.496659659718655178e+01
7.536352332461919445e+01
7.477623155466709193e+01
7.671852171124497488e+01
7.690385110208242736e+01
7.729177401218704802e+01
7.745687842031938430e+01
7.765052070427229580e+01
7.800933504246927441e+01
7.801948833226344959e+01
7.816028628027791569e+01
7.846851276452740365e+01
7.867479378253938194e+01
7.910035753648335799e+01
7.924845394797984000e+01
7.921000165053796138e+01
7.967887825782169386e+01
7.980183701312678579e+01
8.001555734068574566e+01
8.057012434404452961e+01
8.076489764256447756e+01
8.099637405875461127e+01
8.123266857938121177e+01
8.145014088400461105e+01
8.155369864628096366e+01
8.258741373973069244e+01
8.740119952056070929e+01
8.772861389174275359e+01
8.755906230502172605e+01
8.890284380323851110e+01
9.074663878420399499e+01
9.305840617653815627e+01
9.421998537103131355e+01
9.556980349934947583e+01
9.684722836995226203e+01
1.783278929167533420e+02
1.783238088200939160e+02
1.764779955551390174e+02
1.761046533067889186e+02
1.770453786810794554e+02
1.773403469759775533e+02
1.763464380127401796e+02
1.765779626200534551e+02
1.763340182884985552e+02
1.755110704189037847e+02
1.758957349524563085e+02
1.754927613319825639e+02
1.758511995756747979e+02
1.772685945213164871e+02
1.749943451064893054e+02
