-7.019632464107598835e-02
-7.970868463941466198e-02
-8.960756944636859289e-02
-9.325692514645655962e-02
-9.640491354729309459e-02
-9.686153322839401170e-02
-1.047100569732034303e-01
-1.097188380315656520e-01
-1.129159356393197172e-01
-1.171082774063011978e-01
-1.227022567124743807e-01
-1.192148490648151093e-01
-1.297748937561024885e-01
-1.339190649556498136e-01
-1.378548469433642232e-01
-1.411387680325876248e-01
-1.401002092556987710e-01
-1.414402251026411206e-01
-1.430808713578571312e-01
-1.339681504845540438e-01
-1.472948869753046564e-01
-1.268991897670252444e-01
-1.479830300201065707e-01
-1.532105857336613086e-01
-1.562626470594532524e-01
-1.594136840659684251e-01
-1.599351953214893096e-01
-1.551778979638307465e-01
-1.265071945832381139e-01
-2.172907581734480065e-01
-2.203843660825214601e-01
-2.037457154125577596e-01
-2.224362010093363928e-01
-1.827527019981665946e-01
-2.254095138969273715e-01
-2.396709869981410446e-01
-2.282672745391658153e-01
-2.404842062926408897e-01
-2.274064227270167493e-01
-2.307577070284306253e-01
-2.315301499931591844e-01
-2.066034024376664779e-01
-1.989688723200243314e-01
-2.432445452020351728e-01
-2.362784256521560655e-01
-2.468000514777011767e-01
-2.421640672886807844e-01
-2.532869301603358214e-01
-2.437245234505421299e-01
-2.383014566950727720e-01
-2.535071410943255388e-01
-2.553338806413343876e-01
-2.840029931151769604e-01
-2.521131344894588233e-01
-2.428432159700202597e-01
-2.350620127649389601e-01
-3.652826448900406975e-01
-3.559580587435822729e-01
-3.379812103497857878e-01
-3.519428427875720411e-01
-3.867403134475574378e-01
-4.538238929819343737e-01
-5.185044269395079342e-01
-4.003184987583884857e-01
-5.012736518449169010e-01
-4.718489989330132972e-01
-4.129403027251950520e-01
-4.798069954214287947e-01
-3.914373224218375968e-01
-4.906656795473089971e-01
-4.920908064018661987e-01
-4.905419551485505347e-01
-3.470468968030249179e-01
-5.060997486570742998e-01
-4.876557994110503058e-01
-4.200903584042419703e-01
