5.565266618816534674e+02
5.553559534729434972e+02
5.556840063797736775e+02
5.557037132478021704e+02
5.561131408283476958e+02
5.558522776614832992e+02
5.557984102536952378e+02
5.560547433774567025e+02
5.559122704266718529e+02
5.559496347377920529e+02
5.558508055395631118e+02
5.559980517212950417e+02
5.564261992151517688e+02
5.569874699564105640e+02
5.567450689337357517e+02
5.569323500517746197e+02
5.568243978145990241e+02
5.571852207583348218e+02
5.573673403509014861e+02
5.568232784874206800e+02
5.572367591791396535e+02
5.573048004011756120e+02
5.572255205500038073e+02
5.574027438055687753e+02
5.572937859678463610e+02
5.572875444645875405e+02
5.574485242686573656e+02
5.572995247794821125e+02
5.557747764251944318e+02
5.657185471526039464e+02
5.648021424163041502e+02
5.654715591547959548e+02
5.650440299109532134e+02
5.650706793396276453e+02
5.650599159633468389e+02
5.662155688602567807e+02
5.661401150601100198e+02
5.663326824298957263e+02
5.667092154717172434e+02
5.660857917771938901e+02
5.671125395784704324e+02
5.667336194018741935e+02
5.665413499003323068e+02
5.666025534532293477e+02
5.669502072248988043e+02
5.674111405936778283e+02
5.451698015190676188e+02
5.452991887357828773e+02
5.452957496834692392e+02
5.453543386774190367e+02
5.454912750573292897e+02
5.456639423343457338e+02
5.481858458518628368e+02
5.485332244072324102e+02
5.484864969204285217e+02
5.485179977369315338e+02
5.487547050263603978e+02
5.489245823491397687e+02
5.491418768563647745e+02
5.487995892684366481e+02
5.489723365744147259e+02
5.490302806179809068e+02
5.489865020825366173e+02
5.490998130962141204e+02
5.493368124023323844e+02
5.494204534076517348e+02
5.493914037409264211e+02
5.496186213707545676e+02
5.495738625885726378e+02
5.499534938742381200e+02
5.497322571626007175e+02
5.500822112244886739e+02
5.499869716880185706e+02
5.502411478996471033e+02
5.504163646542488095e+02
5.502668780030963944e+02
