5.188428668295247235e+02
5.178249503726832472e+02
5.183280187103837306e+02
5.184097864166147929e+02
5.188810892100427736e+02
5.186414957845254321e+02
5.186891382524815981e+02
5.190295621410328977e+02
5.189957491168632941e+02
5.190804187860848060e+02
5.190503718478269093e+02
5.191645364222085846e+02
5.196083920891566095e+02
5.203317216418270164e+02
5.201356784897016041e+02
5.202720151712964025e+02
5.200959076092104851e+02
5.207294292988779034e+02
5.209150964228018665e+02
5.202360282084428036e+02
5.208377002097394097e+02
5.211272645816081877e+02
5.211987808482890614e+02
5.214367798688268749e+02
5.214768078086017340e+02
5.216046340854971959e+02
5.217595758708192761e+02
5.214483088010566689e+02
5.202398328820637516e+02
5.288407320746883897e+02
5.279442097261676281e+02
5.287859971180114371e+02
5.284742066764933952e+02
5.283087736299287371e+02
5.284832281986145972e+02
5.295742933596146713e+02
5.297151239203818704e+02
5.299845138674892269e+02
5.301711770325000543e+02
5.297748913699851983e+02
5.308156827087263991e+02
5.305371798327107626e+02
5.302802080746237152e+02
5.305624812512610333e+02
5.307318776555483737e+02
5.314275046563659544e+02
4.700000000000010800e+02
4.700000000000008527e+02
4.700000000068801569e+02
4.700000000000184741e+02
4.700000000007113954e+02
4.700000000000000568e+02
4.700000000024058409e+02
4.700000001795883691e+02
4.700000011092537875e+02
4.700000000275803131e+02
4.700000000000115392e+02
4.700000071161169899e+02
4.700000000006808705e+02
4.700000000738737072e+02
4.700000000007514132e+02
4.700000000001327862e+02
4.700000010090562341e+02
4.700000000000060822e+02
4.700000000493877792e+02
4.700000000035000198e+02
4.700000000029612011e+02
4.700000000013814088e+02
4.700000000012842634e+02
4.700000000109848770e+02
4.700000000000193268e+02
4.700000000000563887e+02
4.700000000000780460e+02
4.700000000000002842e+02
4.700000000000000568e+02
4.700000001389275326e+02
