1.101040990936517261e+02
1.106666171457424923e+02
1.093226891969989083e+02
1.048665635225001296e+02
1.018946417188235642e+02
9.425725506202662984e+01
9.300882541419261429e+01
9.993694579608717277e+01
1.002409677580749445e+02
9.693285069512548091e+01
1.001280301058702804e+02
1.039337955689893533e+02
9.552280919582753427e+01
9.448193414949095370e+01
9.979366949913564611e+01
9.757463869845386739e+01
9.451575383594148150e+01
9.884001717692585487e+01
9.422184090925019007e+01
9.629310075766569810e+01
9.286858162517675908e+01
9.187054662069856192e+01
9.116375286908518660e+01
8.893180996736028021e+01
9.268618864825413084e+01
9.103389136351353272e+01
9.195322765674674770e+01
8.857091364918359488e+01
8.289415127578838849e+01
8.229513002678679356e+01
8.684287838853461494e+01
7.819567570442224280e+01
8.660165865096743687e+01
8.494859196769795062e+01
8.860851961304537383e+01
8.013011707714211695e+01
7.586840400083789859e+01
8.052557570301256362e+01
6.984202444252528608e+01
7.730958140510610122e+01
6.643077429198596917e+01
7.030645756553735737e+01
7.538373726045118417e+01
7.350037920874881081e+01
6.989490185858377913e+01
7.182825687636196221e+01
6.310285329439745539e+01
6.346924289779625639e+01
7.353971856100291404e+01
6.792528386791475725e+01
5.571211956704339485e+01
6.128760252708961787e+01
4.246793510162751772e+01
3.697288230494520178e+01
4.044959525451074001e+01
3.339324743079697555e+01
3.084785313732358247e+01
2.880303059380202413e+01
2.770190007455405024e+01
1.702197724633858229e+02
3.036113319789668097e+01
1.633081183449008336e+02
1.552589400392213861e+02
1.637237493938986006e+02
1.558867489253787539e+02
1.613320591916116484e+02
1.639274595800093834e+02
1.582454924083577623e+02
1.637417873992013142e+02
1.514082083604948252e+02
1.557205135931988877e+02
1.497117073782438865e+02
1.639356735399391596e+02
1.526018944423246069e+02
1.525318196107923541e+02
1.515172559412831390e+02
