6.292770659976539349e+01
5.654215326545238440e+01
5.991810067722045119e+01
5.946083509153683622e+01
6.044116912914496709e+01
5.254095403088225424e+01
5.453683930085929177e+01
6.150161683139437940e+01
6.046221140088120194e+01
6.105124647848324315e+01
6.036777195788136652e+01
6.017276351194797712e+01
6.174056315337211487e+01
6.431191957300505635e+01
6.453374342916795570e+01
6.577141760585891461e+01
6.343346589043176209e+01
6.629309786780248714e+01
6.527780158201228744e+01
6.316244653210974747e+01
6.575551480879505561e+01
6.620037077422168181e+01
6.611710687825798516e+01
6.742043357100752132e+01
6.890862980212069999e+01
6.750427468536234699e+01
6.883751211041430906e+01
6.601115259583205841e+01
7.113295083899436122e+01
8.850280934189657955e+01
7.939037546736767581e+01
8.315575200072750306e+01
8.117432227101058118e+01
7.388977566095975646e+01
7.527957629526646599e+01
9.168086337871937985e+01
8.903526684530729085e+01
9.369376393111527079e+01
9.210778165921473715e+01
8.994996941976805260e+01
9.804705359179769175e+01
8.878969083960356556e+01
8.610991018093335470e+01
8.292508767276970616e+01
9.119850736887549658e+01
9.810962431153429009e+01
9.774681154541268313e+01
9.901644474465165047e+01
9.720349291628389210e+01
9.426412095862778528e+01
9.860324022386855347e+01
9.999999997823395859e+01
9.199926261360748470e+01
9.675157965875149557e+01
9.999999998754860542e+01
9.999999981888213085e+01
9.999999998743250273e+01
9.999999999994561506e+01
9.999999999853567090e+01
1.760006304714483960e+01
9.999999993135095622e+01
1.915985482407322849e+01
1.877111257846256720e+01
1.845041687949122888e+01
1.961922499487959115e+01
2.155389551351057875e+01
2.380317590246515991e+01
2.473302607908943429e+01
2.163878372360306201e+01
2.525423328975523063e+01
2.536102628721065599e+01
2.305099431124749643e+01
2.908933212730365270e+01
2.411543721591094780e+01
2.808473251956056771e+01
3.129874824982203307e+01
