8.239416359871995610e+01
8.079114614766714908e+01
7.934427158668678715e+01
7.896630411397120497e+01
7.820271435794094828e+01
7.790584787238229580e+01
7.654213535310184113e+01
7.607161652933226037e+01
7.529888110427280878e+01
7.466662209322485921e+01
7.397962638533624613e+01
7.295545437254918397e+01
7.197697769250332556e+01
7.141783099111002286e+01
7.130984332914037793e+01
7.052974741242672962e+01
6.990563039962756875e+01
6.928986680280983990e+01
6.929179517359075646e+01
6.893197207107772329e+01
6.864055065114018817e+01
6.862812213957157326e+01
6.875464040070231420e+01
6.877340824395861318e+01
6.917723312236667255e+01
6.969531534825320307e+01
6.920936790596610422e+01
6.914675415767197819e+01
6.649326022730164709e+01
7.297624061999620437e+01
7.336643694557722029e+01
7.385902425301252094e+01
7.425752664584553031e+01
7.421961782538924979e+01
7.526280507036368306e+01
7.479099544931800381e+01
7.531688934727557694e+01
7.607190843644393397e+01
7.644769182394202289e+01
7.639931574095461997e+01
7.714706035538320350e+01
7.704829902982822887e+01
7.868975923106764014e+01
7.843661108364381107e+01
7.862464736446554525e+01
8.097718539887468125e+01
8.083631197447711259e+01
8.248327063947905913e+01
8.377493755250337415e+01
8.354215983781436705e+01
8.460108019013443936e+01
8.772382048921296871e+01
9.956592191294474503e+01
9.960929014602024267e+01
9.887752675290899163e+01
9.815953679919292085e+01
9.821145247120287536e+01
9.764996157084702588e+01
9.696892986546549764e+01
9.614863158948183752e+01
9.567872469107383893e+01
9.421510518780698362e+01
9.495254594194854292e+01
9.202976297366831204e+01
9.176073570961354164e+01
9.060811533513302152e+01
9.067373286312309233e+01
8.874502889094483749e+01
8.922510096925863365e+01
8.725684275905662446e+01
8.686023262703984926e+01
8.576458669326632389e+01
8.501287240308884918e+01
8.404410964027279363e+01
8.431351712602723580e+01
8.263579079703018238e+01
