1.096571309508735226e+02
1.023229553063600576e+02
9.564658774387848439e+01
9.254044606440963605e+01
8.891770680515293179e+01
8.745705162467666582e+01
8.168916334362440068e+01
7.922975174654506247e+01
7.602515222461626365e+01
7.342671372370297433e+01
7.039931282935131662e+01
6.606905237155325494e+01
6.273559589343033593e+01
5.962711714737783808e+01
5.910074312512956851e+01
5.658533679670488681e+01
5.456098552410212221e+01
5.287905645807198596e+01
5.263403870804190632e+01
5.121494430450993463e+01
5.017073451653418203e+01
5.018127766262114164e+01
5.072078210293933864e+01
5.106589967156646992e+01
5.194497060459410420e+01
5.479412038750659519e+01
5.415883388051722136e+01
5.448289524077922863e+01
4.995678139912773474e+01
6.522276136043667805e+01
6.597051325820318368e+01
6.748744126990385439e+01
6.818459326194950165e+01
6.888666069309431350e+01
7.046207056423284598e+01
7.007761277258337884e+01
7.111530109366847796e+01
7.212979986568267066e+01
7.337661196767997751e+01
7.404476571798262796e+01
7.543065581186316138e+01
7.570333644444515642e+01
7.927353748075961448e+01
7.904476527617006809e+01
7.979292964811345712e+01
8.517332310481971547e+01
8.531870495914148478e+01
8.883250655408052410e+01
9.215104907000527135e+01
9.216666317050956536e+01
9.527060822354586378e+01
1.044456826274621335e+02
1.408975999708079314e+02
1.426507173215391049e+02
1.405540863783066357e+02
1.385925770227574390e+02
1.378887580035005271e+02
1.359033895134693637e+02
1.339347856051745680e+02
1.316103012378210622e+02
1.301426849633097333e+02
1.257688382159649620e+02
1.264953703700628438e+02
1.205710155074093421e+02
1.195109990169663092e+02
1.173901208643142553e+02
1.166517710942508756e+02
1.123441469685439245e+02
1.124176332073476487e+02
1.091809921724070307e+02
1.083933103745046083e+02
1.061213877149638733e+02
1.044728094492754877e+02
1.015825366218979298e+02
1.019031418227728238e+02
9.924008617264068732e+01
