5.155923127486125850e+02
5.158620378433249698e+02
5.165271262559592742e+02
5.167503349376739834e+02
5.171412939125846151e+02
5.171965317054488196e+02
5.178486704918096848e+02
5.180773292683769569e+02
5.184662015444212102e+02
5.187365598575267995e+02
5.192175585950811865e+02
5.200025754893168823e+02
5.205254352716673338e+02
5.211959927294140016e+02
5.211722824838401493e+02
5.216586588085270932e+02
5.220368481091387594e+02
5.223927854759937190e+02
5.224508679223508807e+02
5.223709499452082810e+02
5.226082826669977521e+02
5.225283700091473520e+02
5.221887428947139824e+02
5.220209090926925910e+02
5.217758381280572166e+02
5.211450807683853554e+02
5.211466904688353452e+02
5.209383556813219229e+02
5.194542542386546984e+02
5.238761834987154771e+02
5.236579355867841059e+02
5.230900875004313093e+02
5.228219721654878640e+02
5.224203831251742258e+02
5.220696833592995745e+02
5.217762578191369585e+02
5.214881221099732329e+02
5.211852607498386760e+02
5.208369025360880187e+02
5.205137979940417381e+02
5.201561886547757467e+02
5.199226869685776364e+02
5.192088625380494022e+02
5.189038710759200512e+02
5.186623941018827963e+02
5.176689083914517369e+02
5.175235569476437831e+02
5.168653054363595629e+02
5.163764670324102326e+02
5.159969804867446328e+02
5.154473020434974160e+02
5.138370904596083619e+02
5.058337366997776030e+02
5.046170600000008335e+02
5.046170600000050968e+02
5.046170600000008335e+02
5.046170600000001514e+02
5.046170600000001514e+02
5.046170600000000945e+02
5.046170600000002082e+02
5.046170600000000945e+02
5.046170600000000945e+02
5.046170600000000945e+02
5.046170600000000945e+02
5.046170600000000945e+02
5.046170600000000945e+02
5.046170600000000945e+02
5.046170600000000945e+02
5.046170600000000945e+02
5.046170600000000945e+02
5.046170600000000945e+02
5.046170600000000945e+02
5.046170600000000945e+02
5.046170600000000945e+02
5.046170600000000945e+02
5.046170600000000945e+02
