6.267966269607421026e+01
6.881164198343009275e+01
7.493105384190022278e+01
7.853706881267171980e+01
8.235470595510315661e+01
8.421377345386690649e+01
9.043760714812539447e+01
9.336531825724458145e+01
9.711583782916405028e+01
9.987753171348244052e+01
1.039912005668765289e+02
1.091428039635946163e+02
1.137583709027573207e+02
1.183610130907747333e+02
1.198022098321839195e+02
1.232666345395790586e+02
1.262006447155518032e+02
1.282626303961279177e+02
1.295345547963299850e+02
1.317379262390549286e+02
1.341207499755581409e+02
1.341207499999991626e+02
1.341207499999998163e+02
1.341207499914186201e+02
1.341207499999999584e+02
1.341207499999999584e+02
1.341207499999999015e+02
1.341207499999999584e+02
1.341207499999911761e+02
1.341207499999999584e+02
1.341207499999999584e+02
1.341207499999999584e+02
1.341207499999999584e+02
1.341207499999999584e+02
1.341207499999999584e+02
1.341207499999999584e+02
1.341207499999999584e+02
1.341207499999999584e+02
1.341207499999999584e+02
1.341207499999999584e+02
1.341207499999999584e+02
1.341207499999999584e+02
1.341207499999999584e+02
1.341207499999999584e+02
1.341207499999999584e+02
1.341207499999999584e+02
1.341207499999999584e+02
1.341207499999999584e+02
1.341207499999999584e+02
1.341207499999999584e+02
1.341207499999999584e+02
1.341207499999999584e+02
1.341207383984893227e+02
1.309018599540120533e+02
1.331902587508729141e+02
1.340983418735991961e+02
1.341207499999999584e+02
1.341207499999999015e+02
1.341207499999996458e+02
1.341207499994113448e+02
1.341207499998777166e+02
1.341207499999997026e+02
1.341207499999999584e+02
1.341207499994707462e+02
1.341207499995706769e+02
1.341207499998634489e+02
1.341207499999473782e+02
1.341207499999957236e+02
1.341207499999973720e+02
1.341207499999996742e+02
1.341207499999997594e+02
1.341207499992150360e+02
1.341207499999071899e+02
1.341207499997969421e+02
1.341207499997012746e+02
1.341207499999017330e+02
