6.506842563690898373e+01
6.744730597316515741e+01
6.997014426786250851e+01
7.116770858771148767e+01
7.260649846383721240e+01
7.348380935668066627e+01
7.563246250053570918e+01
7.682791870502022391e+01
7.840623145787627379e+01
7.925203176817478834e+01
8.091457613186135234e+01
8.263439886695960013e+01
8.436476324530806892e+01
8.629341175010549136e+01
8.700069007049663128e+01
8.822595801935311499e+01
8.945657046311993099e+01
8.993432633319126523e+01
9.087261654554799861e+01
9.164941196560586434e+01
9.296788408523735825e+01
9.310217313424868735e+01
9.380942056572386889e+01
9.442647610954543325e+01
9.527556500329129108e+01
9.539103566754394592e+01
9.510472147336059834e+01
9.538093090035481225e+01
9.313500091289232330e+01
9.985904266068746438e+01
1.004263746912316577e+02
1.013645326840011620e+02
1.017523539028140362e+02
1.019725108175614992e+02
1.031728312967159411e+02
1.028119537397211190e+02
1.034895911852871251e+02
1.043759657277063724e+02
1.057146033106760541e+02
1.056123732744732706e+02
1.066991641171752150e+02
1.068148447242150780e+02
1.088433190076528945e+02
1.085173837097679836e+02
1.090349306739170601e+02
1.126997425937161097e+02
1.131585721562026379e+02
1.147134886091830879e+02
1.175740303802008668e+02
1.174262423886629421e+02
1.194639941605320956e+02
1.260501806476549831e+02
1.490524899999991533e+02
1.490524899999949753e+02
1.490524899999999775e+02
1.490524899999999775e+02
1.490524899999609545e+02
1.490524899999459194e+02
1.482385438497503856e+02
1.481296547755944459e+02
1.453240635865446393e+02
1.451810463210195508e+02
1.438712102495621536e+02
1.386643672347103120e+02
1.393374363500163611e+02
1.395295675499983190e+02
1.380181668915824105e+02
1.369333928084853653e+02
1.364734892632247067e+02
1.343552979684748721e+02
1.328140016862280959e+02
1.330899290377644490e+02
1.312081825748830113e+02
1.316244061347895524e+02
1.318841595193780734e+02
1.295390136778373744e+02
