5.531351266286424107e+02
5.535644177357289664e+02
5.542465416871967818e+02
5.545761640446381762e+02
5.550122050670257750e+02
5.551012169981843272e+02
5.558034251132282861e+02
5.559972357814266388e+02
5.563985035665240275e+02
5.567512904582663396e+02
5.572602050586746145e+02
5.580241698109321078e+02
5.585902810556600571e+02
5.590442981258203190e+02
5.591449276946041209e+02
5.595797387830615435e+02
5.597861549746697847e+02
5.601301271143479426e+02
5.600553148141342490e+02
5.598690542763476969e+02
5.598636684050618442e+02
5.597716497986808690e+02
5.592946300709037359e+02
5.589526656475999289e+02
5.585384365061573817e+02
5.579666133104996106e+02
5.579732106304429635e+02
5.577882644452595287e+02
5.561676527066460949e+02
5.627278472179605160e+02
5.623011066423030115e+02
5.617703326679605880e+02
5.613767855904385442e+02
5.610665408618792753e+02
5.603736623988520478e+02
5.604459100307853987e+02
5.600581553170750340e+02
5.596276936556629380e+02
5.590263330443934819e+02
5.588264928538739014e+02
5.583093916483728663e+02
5.581899961124829588e+02
5.574236544932451807e+02
5.574023507236273645e+02
5.571738868295146858e+02
5.559946923424456600e+02
5.557648319013225091e+02
5.551909618881586539e+02
5.543348610505837541e+02
5.543049387899313842e+02
5.537716158849730164e+02
5.523154209672287607e+02
5.515098609423965854e+02
5.510197664664170816e+02
5.511289836958011392e+02
5.512456504298177151e+02
5.510376356414877819e+02
5.508694041158105392e+02
5.508732002064465405e+02
5.506238539873122591e+02
5.508580152404191494e+02
5.507992986499780272e+02
5.507870700083753945e+02
5.517401546018302270e+02
5.514804255611818462e+02
5.514871344240943927e+02
5.515149624826128729e+02
5.517005995748885425e+02
5.516857741062676723e+02
5.520252171950647835e+02
5.522372497814179724e+02
5.521516791784988527e+02
5.524000396795069037e+02
5.524316576245968236e+02
5.522720466856384292e+02
5.526825377672167861e+02
