-1.698700109482182141e-01
-1.604296037350973481e-01
-1.555424636581193842e-01
-1.548995599759200037e-01
-1.509611004725120442e-01
-1.505560926557530932e-01
-1.485796027743141456e-01
-1.471207639885525331e-01
-1.451354573546368709e-01
-1.443635299462772970e-01
-1.456792415036338162e-01
-1.459079253935317844e-01
-1.462457582124012667e-01
-1.476636217829280784e-01
-1.483283122579494573e-01
-1.494851263144912623e-01
-1.483861359820731196e-01
-1.504878875762834800e-01
-1.521282737517430372e-01
-1.491763837712493102e-01
-1.528855063610404519e-01
-1.520039298961625429e-01
-1.522823632032112295e-01
-1.521437773835982166e-01
-1.543305447844230405e-01
-1.551414531451821843e-01
-1.529968560730711746e-01
-1.524325585106632575e-01
-1.455543575441383408e-01
-1.657965882735130958e-01
-1.687021868202840114e-01
-1.703837638646134023e-01
-1.708171881387919033e-01
-1.704285854692533242e-01
-1.757681771615272337e-01
-1.738311558075398278e-01
-1.764973019622855521e-01
-1.792270543209498468e-01
-1.838484973137451961e-01
-1.852707585844433069e-01
-1.859868342689042775e-01
-1.847065446006947997e-01
-1.949406747954703090e-01
-1.914985803141237286e-01
-1.946891117778886127e-01
-2.045717787362816564e-01
-2.064564932465214886e-01
-2.091431123331400910e-01
-2.208147473155114560e-01
-2.196312983398947261e-01
-2.260844951597584807e-01
-2.400625262901989188e-01
-2.916188160542406704e-01
-2.861835442908670091e-01
-2.948745623800502202e-01
-2.905193244900955984e-01
-2.825084827083338412e-01
-2.745847065290500377e-01
-2.744372803060167731e-01
-2.718368705415693531e-01
-2.692221393644657068e-01
-2.507713223638561861e-01
-2.559830638674570613e-01
-2.421007913136742629e-01
-2.407440709756259456e-01
-2.327999757107446499e-01
-2.283862037451130922e-01
-2.219402718252082574e-01
-2.232043697768864576e-01
-2.134833139314744610e-01
-2.116137583962684476e-01
-2.006671984504593831e-01
-1.943193679633149484e-01
-1.867336868635130764e-01
-1.926005150695658530e-01
-1.886654159568902367e-01
