5.155915084526208148e+02
5.140168549099051916e+02
5.144040366074491430e+02
5.144132294379437553e+02
5.145323591946411170e+02
5.139501164992672102e+02
5.139816222013090510e+02
5.142407730115223785e+02
5.139689425176014765e+02
5.141476686583572473e+02
5.139349229579088387e+02
5.137646066690114139e+02
5.144411988475814042e+02
5.149564389999061405e+02
5.144938883686761528e+02
5.148005828173564851e+02
5.146554874238480579e+02
5.149774068207209439e+02
5.150309953623603860e+02
5.141106166358877090e+02
5.148120656593472404e+02
5.150109122560633068e+02
5.148953252569308461e+02
5.151211497821050216e+02
5.151741349047053973e+02
5.150565488768851310e+02
5.152428881728918668e+02
5.150956794891013715e+02
5.140033439553741346e+02
5.239869497640471536e+02
5.226339519965906675e+02
5.239424596946507791e+02
5.230902769404571018e+02
5.222757809251949084e+02
5.225109615815071038e+02
5.249391527863434703e+02
5.252836890178069780e+02
5.253174056303704447e+02
5.262287633733473058e+02
5.253369365456002242e+02
5.273516360827931067e+02
5.262382572641988645e+02
5.253255264838328458e+02
5.254504316833828170e+02
5.266101518076375214e+02
5.273081777080233223e+02
5.280640684493349681e+02
5.284160859965063537e+02
5.271932195354779651e+02
5.277485914314296451e+02
5.293944029426685347e+02
5.288578512880355902e+02
5.342965087695454258e+02
5.357997649299226168e+02
5.355198250789916301e+02
5.367241211858242877e+02
5.372557639820441864e+02
5.377429267739511261e+02
5.380034421790181796e+02
4.700000254872091432e+02
5.373087729571044520e+02
4.700000358148820965e+02
4.700000023624582468e+02
4.700000543332025131e+02
4.700000416720433805e+02
4.700000597686565129e+02
4.700000401880811296e+02
4.700000016414755919e+02
4.700000036103630805e+02
4.700000301374578839e+02
4.700000045350554956e+02
4.700000087279704530e+02
4.700000016398525418e+02
4.700000015279450736e+02
4.700000058168993178e+02
4.700000007032469398e+02
