5.531342506902132072e+02
5.514035137547308523e+02
5.517190529080689885e+02
5.516158065988740873e+02
5.517569009513498486e+02
5.511334155934229102e+02
5.512031587824870940e+02
5.513948551669963081e+02
5.510801474024101481e+02
5.513080652849977241e+02
5.510532536582444436e+02
5.509096596346332717e+02
5.516529683346398087e+02
5.520277174762642289e+02
5.516853014057167002e+02
5.520944236792229276e+02
5.521226928611657740e+02
5.521317498260839329e+02
5.523795015031097364e+02
5.517768010422844327e+02
5.523632789585321916e+02
5.523764490913271175e+02
5.523487177165765161e+02
5.526552987578726288e+02
5.525168144721927774e+02
5.524217528861984192e+02
5.525540924275319412e+02
5.526426723847364428e+02
5.515057062518840212e+02
5.611936237193974648e+02
5.601249174338838657e+02
5.611488435380780402e+02
5.602724357350004993e+02
5.599377839571725417e+02
5.597931717464521171e+02
5.619253277203089283e+02
5.620042004523004380e+02
5.620328339204630765e+02
5.631582326680943424e+02
5.620944109946560729e+02
5.636990710790284993e+02
5.627145341784469110e+02
5.620743076991340104e+02
5.618672656260885105e+02
5.631523017506578981e+02
5.633898074261218198e+02
5.635056800793084903e+02
5.638628738259993725e+02
5.629069735811852979e+02
5.631968659878849621e+02
5.649073082268364487e+02
5.641612788349606262e+02
5.698509935341243136e+02
5.704811357375392618e+02
5.704794313994696040e+02
5.718141779159423095e+02
5.724016629350057883e+02
5.726105206008638788e+02
5.730342966844665398e+02
5.484965031417754062e+02
5.715768888983415081e+02
5.488116180549440060e+02
5.486984030226414006e+02
5.487395471682082189e+02
5.490406379492121687e+02
5.491602923970618804e+02
5.490747063429104173e+02
5.493689339510763148e+02
5.492116790691165988e+02
5.497124372779637724e+02
5.494921965722604682e+02
5.497713077176869092e+02
5.497335423794839926e+02
5.499051381976855737e+02
5.500111657850191023e+02
5.499751728361711685e+02
