8.239512803970271193e+01
8.229062189239850511e+01
8.101686124475719453e+01
8.078255363252472421e+01
8.011142300468301869e+01
8.093457281118116953e+01
8.009653166466431173e+01
7.929309370179389305e+01
7.957342560530011610e+01
7.863729251673068177e+01
7.901154793801457288e+01
7.961404013618036402e+01
7.871330033919902291e+01
7.847067234510991796e+01
7.867187294855527568e+01
7.804967942968151817e+01
7.764603073832893188e+01
7.853413224366214251e+01
7.801592411080770262e+01
7.816027853499294054e+01
7.714318501655478144e+01
7.691218688014275529e+01
7.663563093421097960e+01
7.606645928788528011e+01
7.643328959101648934e+01
7.636636787202313315e+01
7.652353357817214885e+01
7.596885697123305192e+01
7.306182733240395066e+01
7.848892071615794919e+01
8.008822186906245122e+01
7.808868522471082940e+01
7.950390967188056379e+01
8.003861573773876614e+01
8.114055916767125609e+01
7.787843393642602052e+01
7.805580628892690243e+01
7.759387065416771634e+01
7.587640247232575064e+01
7.768659338644786772e+01
7.609342859570408280e+01
7.735191277323463055e+01
7.839447429237090148e+01
7.893353209976775986e+01
7.704426332280327472e+01
7.669013500479897516e+01
7.631592132834524023e+01
7.681441269993315757e+01
7.753451564724718992e+01
7.753691919516003850e+01
7.416515843613683501e+01
7.527296060228482588e+01
6.741319779223736930e+01
6.568741066212852786e+01
6.644000848514541246e+01
6.324788394616329867e+01
6.055236628381214103e+01
5.997038213172471899e+01
5.953404433421735575e+01
1.068450680866926774e+02
6.164573138165229693e+01
1.064200887854503890e+02
1.080806449889682597e+02
1.085802331461551091e+02
1.079799359052816499e+02
1.070781610889678888e+02
1.096059916157754230e+02
1.061164295237939541e+02
1.079055772044489601e+02
1.070714793385012626e+02
1.054032067411384048e+02
1.060474670711678158e+02
1.076584545697174207e+02
1.062602655710882971e+02
1.041043623935773468e+02
1.053599005106533184e+02
