6.506690683994311541e+01
6.231035642862597257e+01
6.328202624074058491e+01
6.349237861686090412e+01
6.421471545788006097e+01
6.342617822929489790e+01
6.423209994590334304e+01
6.465247110399445774e+01
6.478041098997843505e+01
6.510394841369728169e+01
6.467417896755871709e+01
6.422424807806665115e+01
6.618362065900528535e+01
6.731909766422877794e+01
6.689108360069147352e+01
6.730220433941788372e+01
6.711962276933576277e+01
6.811881831143676891e+01
6.893742782715749229e+01
6.760664756748403192e+01
6.886531944778512582e+01
6.928562111968112447e+01
6.982277262438344678e+01
7.073128564295093668e+01
7.061543030794770459e+01
7.101551434821898567e+01
7.118161087448791591e+01
7.051307430250477637e+01
7.041184168832975843e+01
8.109353996477767623e+01
8.002764487873587029e+01
8.136717354041661565e+01
8.045934973099410570e+01
7.960544573411992531e+01
7.978121846604780387e+01
8.244668027320967951e+01
8.380713936216126569e+01
8.336335892438474104e+01
8.462304760437366724e+01
8.415801648055315809e+01
8.683347926731610755e+01
8.547495305353051265e+01
8.476451600332933367e+01
8.522682682535194942e+01
8.631462047861479903e+01
8.622713615928114450e+01
9.043890757355319465e+01
9.041354844281444514e+01
8.776338578417256997e+01
8.844655066765115237e+01
9.023657883754403031e+01
9.067135526733039796e+01
8.588078215873066767e+01
8.862393130730612256e+01
8.767827578032030544e+01
8.811698996349784352e+01
8.743581711577394344e+01
8.794496881097420271e+01
8.912544872232888338e+01
2.396724146845867551e+02
8.961968558910336924e+01
2.371831214965252741e+02
2.552310951985205918e+02
2.489732766280468752e+02
2.426252951232445696e+02
2.385885347576547133e+02
2.577226850685939326e+02
2.498084814498523940e+02
2.528108134795172361e+02
2.539652607240525128e+02
2.467553742300882504e+02
2.464065431476401216e+02
2.533234648960852269e+02
2.502537494950747146e+02
2.629552589072220030e+02
2.713212969091054561e+02
