-1.705556590705583908e-01
-1.412295104264792989e-01
-1.620333259594804731e-01
-1.315002178987548509e-01
-1.196023889860546585e-01
-9.956655395479848542e-03
-1.737394031672908484e-02
-1.180774453576962923e-01
-1.108779396354017538e-01
-9.636588810214281875e-02
-1.130116595559737258e-01
-1.350794340241901759e-01
-8.655979089359980283e-02
-9.637438230567148267e-02
-1.332828265910172005e-01
-1.277226618474448516e-01
-9.144370727248704589e-02
-1.360583825449830919e-01
-9.541462659200855567e-02
-9.540341909719889102e-02
-9.247584859523420853e-02
-9.067076207408637789e-02
-8.454762801634585490e-02
-7.712731458116788008e-02
-1.140111154553098000e-01
-9.240421439810046766e-02
-1.066253397164475675e-01
-6.674586030608430087e-02
-7.624896329008715168e-02
-1.236023860461333695e-01
-9.024871243752792538e-02
-6.304337809883416022e-02
-1.048246294842601484e-01
-4.379982199489260153e-02
-7.409238681937313498e-02
-1.290630538453614584e-01
-7.982049121053216845e-02
-1.454653970036781374e-01
-6.159828107684785226e-02
-9.596980135292587644e-02
-7.099082725421597406e-02
-3.916039674450180752e-02
-5.328269097206209115e-02
-1.932767265139708618e-02
-4.877805107263546297e-02
-1.115589922728245087e-01
-3.737945051089801296e-02
-4.569727176086950393e-02
-1.108596082822745910e-01
-5.332586276531418173e-02
1.833041407666710166e-03
-4.318580102343870519e-02
7.598437288131378031e-02
8.972730689697472339e-02
4.100314212728316254e-02
8.728835369054584181e-02
1.074665216545703933e-01
1.201182982931043169e-01
1.363247672595070403e-01
-3.496353922191462738e-02
1.109848611680666203e-01
-9.899831834604914255e-03
5.402447539287101586e-02
9.049708503915591604e-03
4.746271973371402053e-02
3.888292098274440459e-03
8.057125907772603665e-03
1.516964969490726053e-02
-2.379265145789611485e-03
5.747711470389949007e-02
1.646828235901889523e-02
6.231148121793950168e-02
-1.831011375530307989e-02
4.523533892638218618e-02
2.117777441781207304e-02
3.365246283590597742e-02
