3.741844931592165737e-09
3.738172571640922227e-09
3.739987953210172353e-09
3.740282938398674389e-09
3.741982757122781101e-09
3.741118726802929903e-09
3.741290552657109456e-09
3.742518085371566705e-09
3.742396177175211878e-09
3.742701434515435315e-09
3.742593109926136904e-09
3.743004676973146129e-09
3.744604361448969030e-09
3.747209824584654286e-09
3.746503847990697461e-09
3.746994827994800780e-09
3.746360611705116928e-09
3.748641612534253849e-09
3.749309845822711132e-09
3.746865236846716160e-09
3.749031304113040027e-09
3.750073313025690731e-09
3.750330622574395017e-09
3.751186796048954394e-09
3.751330772656919873e-09
3.751790514353154941e-09
3.752347704530972241e-09
3.751228265063969709e-09
3.746878937909783272e-09
3.777724731523909298e-09
3.774521261137289940e-09
3.777529229421373064e-09
3.776415384518699678e-09
3.775824255572177712e-09
3.776447617756484625e-09
3.780343887081984272e-09
3.780846510194728854e-09
3.781807774593638329e-09
3.782473701657206736e-09
3.781059799535878169e-09
3.784772096437225360e-09
3.783779088653011043e-09
3.782862619299662149e-09
3.783869312147880868e-09
3.784473315186665965e-09
3.786952645965898939e-09
3.561367486065885852e-09
3.561367486065885025e-09
3.561367486091948245e-09
3.561367486065952026e-09
3.561367486068577084e-09
3.561367486065882129e-09
3.561367486074996833e-09
3.561367486746286160e-09
3.561367490268499376e-09
3.561367486170374893e-09
3.561367486065925143e-09
3.561367513026634370e-09
3.561367486068461279e-09
3.561367486345766134e-09
3.561367486068728871e-09
3.561367486066385055e-09
3.561367489888881792e-09
3.561367486065904877e-09
3.561367486252996588e-09
3.561367486079142248e-09
3.561367486077100766e-09
3.561367486071115288e-09
3.561367486070747606e-09
3.561367486107500068e-09
3.561367486065954921e-09
3.561367486066095542e-09
3.561367486066177433e-09
3.561367486065882957e-09
3.561367486065882129e-09
3.561367486592234938e-09
