3.875349253998902547e-09
3.871271019533510259e-09
3.872414245073452458e-09
3.872482910429140255e-09
3.873909218495616706e-09
3.873000519626972982e-09
3.872812849663650235e-09
3.873705813517334923e-09
3.873209519167881574e-09
3.873339681229001387e-09
3.872995390986716150e-09
3.873508339798815039e-09
3.874999454503175172e-09
3.876953330534493593e-09
3.876109613419698126e-09
3.876761492659714039e-09
3.876385751011603819e-09
3.877641499151003247e-09
3.878275163475725997e-09
3.876381854858596266e-09
3.877820831705705495e-09
3.878057574535382368e-09
3.877781726595346391e-09
3.878398333734105015e-09
3.878019251863817814e-09
3.877997535546339899e-09
3.878557600286126690e-09
3.878039219038468526e-09
3.872730508327253158e-09
3.907221833982945540e-09
3.904055906477217309e-09
3.906368810639987466e-09
3.904891810898150376e-09
3.904983893907014796e-09
3.904946702974350844e-09
3.908937835452678643e-09
3.908677374545955372e-09
3.909342068415549582e-09
3.910641438837652685e-09
3.908489843866746892e-09
3.912032783279057852e-09
3.910725638979930602e-09
3.910062208200731373e-09
3.910273404820726957e-09
3.911472845968682776e-09
3.913062546469926619e-09
3.835603939300143209e-09
3.836059071512480601e-09
3.836046975007572912e-09
3.836253050423002798e-09
3.836734654396243766e-09
3.837341837443456697e-09
3.846199166412944135e-09
3.847417617711706664e-09
3.847253740687650587e-09
3.847364217330903664e-09
3.848194272980464428e-09
3.848789867286602686e-09
3.849551573152446911e-09
3.848351647258974459e-09
3.848957278245288733e-09
3.849160401652987377e-09
3.849006936561598941e-09
3.849404134282947194e-09
3.850234773510275554e-09
3.850527877160554901e-09
3.850426080777248911e-09
3.851222229244272977e-09
3.851065411844224864e-09
3.852395289977894386e-09
3.851620336269894631e-09
3.852846092734850744e-09
3.852512543355588963e-09
3.853402658925491361e-09
3.854016141730887493e-09
3.853492753323528720e-09
