6.262315197018961044e+01
6.172047654794702254e+01
6.274680409684297899e+01
6.306579936273084286e+01
6.422058009287677294e+01
6.420438172318399950e+01
6.494201827062471466e+01
6.554638369722508173e+01
6.604177619670794286e+01
6.612041909461409261e+01
6.616224671303011462e+01
6.609411228008812600e+01
6.722079536055069582e+01
6.859777384046964244e+01
6.844719760571589973e+01
6.873115707518937256e+01
6.859072423670588137e+01
6.974168376733385344e+01
7.054125344271720621e+01
7.038047826424408981e+01
7.107614190671395704e+01
7.149512248383973656e+01
7.241517460614223012e+01
7.311399047157829045e+01
7.303439511722598354e+01
7.375271378401068034e+01
7.374402403375852089e+01
7.322412918896748124e+01
7.467594275821771532e+01
7.586216415009745617e+01
7.514759829890057574e+01
7.568098711187968775e+01
7.567261083427256096e+01
7.540543524189094171e+01
7.527684670859311211e+01
7.644367007077278231e+01
7.666910384187099226e+01
7.705018770147233909e+01
7.681978968120060358e+01
7.683421239674730430e+01
7.778777598662318837e+01
7.769656100254526621e+01
7.767117224176755030e+01
7.809995720310480749e+01
7.782896084543834547e+01
7.807363969675104443e+01
3.281366723160973038e+02
3.361052061266935880e+02
3.370058251023617117e+02
3.477790378861848239e+02
3.395469842861711527e+02
3.345076147735972540e+02
3.445922698327555622e+02
3.406505157842969425e+02
3.443957859948515079e+02
3.355616621081472886e+02
3.385287495651107861e+02
3.459811313706794635e+02
3.360182792545662096e+02
3.557944062793895341e+02
3.451142316557161962e+02
3.362306268415588875e+02
3.532425720910902101e+02
3.606887225493808842e+02
3.525157966670365113e+02
3.522232503672255461e+02
3.609431127866128577e+02
3.555084148271967024e+02
3.720205167917088147e+02
3.672298491333453967e+02
3.693057654619496475e+02
3.713107596682763187e+02
3.598364343430834538e+02
3.766669779902505866e+02
4.051199755092154078e+02
3.796895150771427438e+02
