6.559906935965510399e+01
6.479272707000788500e+01
6.354987762387104766e+01
6.282172777867344848e+01
6.143544559012420336e+01
6.138732972661025400e+01
6.058248853075797768e+01
5.979109458003235034e+01
5.966712859197065200e+01
5.894863437648722027e+01
5.912616687728949927e+01
5.905293898069636782e+01
5.839369354915116617e+01
5.777888098714343101e+01
5.758415758822661701e+01
5.740627329665765188e+01
5.734262512443257975e+01
5.736023691930085278e+01
5.667158644396815248e+01
5.652449828877846016e+01
5.564489525170665019e+01
5.522554392315802829e+01
5.479640769189700933e+01
5.396101851407359362e+01
5.442036350946219159e+01
5.411939157768585318e+01
5.401520817902986948e+01
5.419101188778202527e+01
5.099758375982810321e+01
5.616047857127074394e+01
5.755666204966409083e+01
5.573676598315927322e+01
5.695566758027929666e+01
5.647319867980472452e+01
5.732455165752081427e+01
5.551481392797068537e+01
5.540813720401449416e+01
5.507157888107522581e+01
5.414904750881878215e+01
5.528029351359545274e+01
5.377442149216325618e+01
5.454650544371968124e+01
5.477735270505880294e+01
5.480927421063327643e+01
5.416159100985215247e+01
5.351758770828568146e+01
9.255650052548590168e+01
9.276035858922810462e+01
9.250433162193375836e+01
9.259869444126859150e+01
9.232520129386760743e+01
9.203124184828017462e+01
9.244207360125943751e+01
9.205055377033013997e+01
9.217168192053571829e+01
9.154599511927823130e+01
9.086700657278403526e+01
9.067379552869893189e+01
9.114475907224665718e+01
8.973327055937835439e+01
9.001346085573322853e+01
8.927364672391591682e+01
9.011815272734598636e+01
8.991722045194740076e+01
8.910217711108957417e+01
8.890800784711426274e+01
9.001598237087202392e+01
8.838195400740312380e+01
8.904856498080879135e+01
8.862012773785409081e+01
8.775114826008072555e+01
8.797928465727487435e+01
8.879253896570774884e+01
8.800438829276565400e+01
8.639336536201797401e+01
8.736352612376597904e+01
