-7.019561583215612466e-02
-6.647297447752212318e-02
-6.458774288314848844e-02
-6.257408647197951201e-02
-6.079363416941958864e-02
-5.913393338458127618e-02
-5.736679655923137416e-02
-5.652568250982448889e-02
-5.570165990282312241e-02
-5.457968514966779483e-02
-5.397754576790740610e-02
-5.362314735649445496e-02
-5.362338406619598236e-02
-5.368470120691951758e-02
-5.264208593274613546e-02
-5.200164650974618830e-02
-5.176997468504115213e-02
-5.219381798121967841e-02
-5.212641535969696899e-02
-4.971367243319824158e-02
-4.982324545404372834e-02
-4.937466721800942704e-02
-4.844225291191574939e-02
-4.839329901850709936e-02
-4.775297911433810244e-02
-4.777039881040972408e-02
-4.781732572757316224e-02
-4.652660539124274519e-02
-4.459387088682539857e-02
-6.154907100850337542e-02
-6.113420425253893870e-02
-5.959977846200974899e-02
-6.037156920350942452e-02
-5.985102880911636475e-02
-5.985022218632672641e-02
-5.975801457639845493e-02
-5.969375855978297646e-02
-5.944948751019571431e-02
-5.916283808195046956e-02
-5.886236382074882395e-02
-5.901845599700097228e-02
-5.888762893730730558e-02
-5.890527653696955163e-02
-5.895517515106278583e-02
-5.812545862486993148e-02
-5.739752244832166395e-02
-1.666149452143994847e-01
-1.674633828731321994e-01
-1.660384687411896876e-01
-1.686587528377153644e-01
-1.679805320830424498e-01
-1.667273491580627265e-01
-1.177318797685993207e-01
-1.188432675997047328e-01
-1.165569946863159873e-01
-1.126047340694113774e-01
-1.280112149609670402e-01
-1.313949261641707278e-01
-1.293961378277348195e-01
-1.339883047591331755e-01
-1.323494163251712485e-01
-1.275106487509343745e-01
-1.319552333335012317e-01
-1.119766594050880526e-01
-1.063291659369214465e-01
-1.063902591020782495e-01
-1.149620105129660202e-01
-1.066539132618531116e-01
-1.132286535169571701e-01
-1.115236591611531158e-01
-1.100647371928508561e-01
-1.109887202886009061e-01
-1.144081055107932232e-01
-1.127541430951585766e-01
-1.206472970826978908e-01
-1.179798087560383624e-01
