1.897115296850703547e-20
3.934530245705769805e-15
4.338558025179764439e-15
4.235024234486984587e-16
4.510444802226652898e-15
2.247031073634642608e-13
1.981772351456943090e-15
2.947692678549462567e-12
5.160531453427098189e-13
1.414685619358518150e-16
1.227703001123240567e-15
1.862307019784097592e-14
5.088758185845998830e-13
2.351306661775276618e-21
2.070275439143332615e-14
6.554851839205260967e-17
1.115393394540801858e-28
1.136637835754989764e-14
1.354258065173402663e-24
1.593784309457348762e-12
2.740846477268573287e-13
1.347271555609293528e-02
2.024275612738874883e-12
4.762041409945625802e-09
