4.046815098217787465e+01
3.754682453113070295e+01
3.583368813984282752e+01
3.518820083281148214e+01
3.514018568866271153e+01
3.589561603440460402e+01
3.583530922664175478e+01
3.636926168973598550e+01
3.567211879672923658e+01
3.530916319602365405e+01
3.650318393084022972e+01
3.704854744044867232e+01
3.709560663310343642e+01
3.738676125250851356e+01
3.668422903086143805e+01
3.641997027248910257e+01
3.708890563181225986e+01
3.851524952444086125e+01
3.685292964006630712e+01
3.699882775611261110e+01
3.584662085298209888e+01
3.861682330867200363e+01
4.013502832939818177e+01
3.722037298250012327e+01
