1.481541407353696798e+02
1.472828909127331372e+02
1.467345916756688950e+02
1.448249278656687409e+02
1.431311700543790550e+02
1.418962102025352863e+02
1.401416637283868170e+02
1.385229393141214018e+02
1.387697154794192897e+02
1.383233566931766916e+02
1.372195086333024108e+02
1.361554902742346655e+02
1.366351587915522146e+02
1.357562503791147321e+02
1.348200161892305289e+02
1.351556668971934130e+02
1.373769992952208270e+02
1.339373075157164408e+02
1.362244637615883107e+02
1.359088348100698909e+02
1.407076322563574422e+02
1.415839798291594036e+02
1.411071076894801593e+02
1.458917182221402129e+02
