5.476314462761048389e+02
5.461746316765891152e+02
5.450349166649642711e+02
5.442064983907530404e+02
5.438462229180759095e+02
5.438598708699853432e+02
5.437891585751574439e+02
5.439021920322053347e+02
5.437443627434839755e+02
5.436704109911667047e+02
5.439762771343463328e+02
5.439254316425552815e+02
5.446340139805233775e+02
5.442987978410890264e+02
5.440206703909136650e+02
5.444694156171060513e+02
5.446849909921564858e+02
5.450933827612924460e+02
5.449393665748593776e+02
5.451406704950461517e+02
5.449984949941883769e+02
5.462830983341772253e+02
5.472044036521639327e+02
5.468840191199373066e+02
