5.122200464285946282e+02
5.111013073129553845e+02
5.103385046067265307e+02
5.098974761593948415e+02
5.096550640223921960e+02
5.096868271299290427e+02
5.096052079231676544e+02
5.097039603377363619e+02
5.095184172559557965e+02
5.095247206298288916e+02
5.097797840242716916e+02
5.098459289806813786e+02
5.100630439203182505e+02
5.101264720838310609e+02
5.097212805177210271e+02
5.097867923888697987e+02
5.099295062840582204e+02
5.101046651484695644e+02
5.098634201647755049e+02
5.099360003520304190e+02
5.094076801906433616e+02
5.101047556788847714e+02
5.108093216526539209e+02
5.102686426023798276e+02
