4.650009737059897361e+02
4.650025089270081935e+02
4.652008258386450734e+02
4.654611052436592331e+02
4.650749999999999886e+02
4.650003110458451943e+02
4.792784117018839538e+02
4.797453827246874312e+02
4.799938553170572959e+02
4.656661976431332164e+02
4.728271196844937094e+02
4.711808846499108654e+02
4.799992509768516697e+02
4.720229101363329960e+02
4.799910523995425251e+02
4.799993164277696565e+02
4.799978370883178513e+02
4.702179889719589596e+02
4.653509545919591801e+02
4.722399256356945330e+02
4.799250000000000114e+02
4.728977155219912447e+02
4.725505209617340938e+02
4.673685653466131384e+02
