9.999999993247339347e+00
9.753253273352880726e+00
9.994966881531079039e+00
1.016107902358788451e+00
9.786684135957088415e+00
4.522513088126435044e+00
9.955000000000000071e+00
9.991287239030858913e+00
2.479341269874842268e+00
9.955224994134182381e+00
9.955000000000000071e+00
9.955000000000000071e+00
2.347171227012543770e+00
9.924262748709924864e+00
2.128970120675098165e+00
7.854418912472306502e+00
1.476673876820769449e+00
9.955000000000000071e+00
1.036611142270159380e+00
1.044999999999999929e+00
9.807564923540944335e+00
1.000662511509492258e+00
1.000053560775247430e+00
1.000673366896088767e+00
