5.312521660474654084e+01
5.088762978911811530e+01
4.961084725264414885e+01
4.921094018072821541e+01
4.870547432133960797e+01
4.920491219320234677e+01
4.853651200396660670e+01
4.849804750071305648e+01
4.776585229895231777e+01
4.707248228814942337e+01
4.795794038963334316e+01
4.808248701907830025e+01
4.761440899368049173e+01
4.792962731265986065e+01
4.689315993613130473e+01
4.602633197316723823e+01
4.700738725350043978e+01
4.713948433610024580e+01
4.570073283088814975e+01
4.558661301441475899e+01
4.512312402040993931e+01
4.696944125114309543e+01
4.792893958211419658e+01
4.581361641677004570e+01
