1.049224464746609726e+02
1.024237911570400996e+02
1.012632089803263113e+02
1.000771879553159920e+02
9.950366589346958790e+01
9.952411636527611449e+01
9.874363089155615114e+01
9.854293584553856533e+01
9.809273970844887458e+01
9.806050401305802211e+01
9.842307043900292740e+01
9.886313569681186664e+01
9.872209160389483884e+01
9.920259728959743484e+01
9.807050307227578401e+01
9.810923690420565890e+01
9.986989225180519725e+01
9.965412234151978055e+01
9.974257977460260349e+01
9.972938186537639638e+01
1.006339037332839865e+02
1.036885589713822640e+02
1.046539181829100613e+02
1.044367863522541171e+02
