-1.529384430020039320e-01
-1.454728800014616630e-01
-1.409368559446837754e-01
-1.363746271329164539e-01
-1.336613598849936135e-01
-1.329852670599950826e-01
-1.304453540135024348e-01
-1.291959876147188990e-01
-1.284246472257640215e-01
-1.276203368886295320e-01
-1.280326440660705112e-01
-1.276333776229943151e-01
-1.289730709015895482e-01
-1.282905160508686082e-01
-1.256190216895530509e-01
-1.263714316646455671e-01
-1.305952607350638617e-01
-1.285014443646961546e-01
-1.295452871894834379e-01
-1.295749313226718380e-01
-1.339607589010878841e-01
-1.408939076905041665e-01
-1.437300610632967768e-01
-1.460207478471035880e-01
