4.480574073678481284e+01
4.571086911825164378e+01
4.643472324773988902e+01
4.736909733659864230e+01
4.688412408491613093e+01
4.683716261505461631e+01
4.725869391097449324e+01
4.738258985981075710e+01
4.793387409442831171e+01
4.774817697441321229e+01
4.728014482565027521e+01
4.708788705112458217e+01
4.742666546961229557e+01
4.699742717932581115e+01
4.752575971413830302e+01
4.708355867149608542e+01
4.680260750989331342e+01
4.626253061578866266e+01
4.643451718679218487e+01
4.676551930672065538e+01
4.710509681586938768e+01
4.750540272034707812e+01
4.581111891907164591e+01
4.633616975094373203e+01
4.677282329368475189e+01
4.648478447744533781e+01
4.623860049600763489e+01
4.577616277765133646e+01
4.464989392092432752e+01
4.600001310305143676e+01
4.640802119259264913e+01
4.463785131987999222e+01
4.532019262461968623e+01
4.437102617279059302e+01
4.403239865440139766e+01
4.435944178521718584e+01
4.505723885889064206e+01
4.310667369534156990e+01
4.504497309891179668e+01
4.382907245934784868e+01
4.376255674321934919e+01
4.290743436072758499e+01
4.319551520373005360e+01
4.279187387443460722e+01
4.278815424124854161e+01
4.379349460660309035e+01
4.332526808570779053e+01
4.278507343309463096e+01
4.115008230258577271e+01
4.272212811320792980e+01
4.262630068798717531e+01
4.279503796443417230e+01
4.113855686064682260e+01
4.266148089983946790e+01
4.034692029811906622e+01
3.962021295280383981e+01
4.190315676913093057e+01
4.232510845103752217e+01
4.060506455344849996e+01
4.168272017092834858e+01
4.056148398412379663e+01
4.057001310514414172e+01
4.312149655042982488e+01
4.052842862946830849e+01
4.207318183801410072e+01
4.174391409164906719e+01
4.108812591533649794e+01
3.886472859230367050e+01
4.073195560349562783e+01
4.015042425186638297e+01
3.889446208595599330e+01
3.991809728915341537e+01
3.871616103924111485e+01
3.755671637154587472e+01
3.941270337845735128e+01
3.911905455810229171e+01
3.869606403437562392e+01
3.978679420675938161e+01
3.946980121413118070e+01
3.872871188433614265e+01
3.794918405514783899e+01
3.839578766621351491e+01
3.864609720399872117e+01
3.725698481753126856e+01
