1.380343859497313304e+02
1.371545150883785595e+02
1.371435136522745779e+02
1.374295506819529180e+02
1.389149695523929040e+02
1.397477573684357708e+02
1.402805790659627405e+02
1.411119692159244323e+02
1.416955892014840401e+02
1.423146465301513501e+02
1.431921181643559180e+02
1.441721017326449896e+02
1.449090555278041279e+02
1.455312439550316697e+02
1.457421308374209730e+02
1.471840921104470681e+02
1.471874836446662584e+02
1.479636263111004837e+02
1.491871546752952611e+02
1.500611086360022171e+02
1.503973700044385566e+02
1.504007359384235372e+02
1.516368615996705103e+02
1.520657215196254981e+02
1.520678721319584099e+02
1.530166697093793573e+02
1.532298997008576862e+02
1.535903939119226038e+02
1.554597433629091086e+02
1.541999009767410485e+02
1.548860941348036704e+02
1.562306587778112714e+02
1.566759076777287305e+02
1.567259540942616809e+02
1.570915986819055377e+02
1.580037278475023470e+02
1.574215779064281264e+02
1.597261409706413815e+02
1.583720741062517448e+02
1.597947618796322047e+02
1.597067382585757116e+02
1.612885138119839894e+02
1.610122176277857307e+02
1.612381918281938056e+02
1.625435794457718259e+02
1.614397298461015851e+02
1.622532431101930683e+02
1.631599021975617347e+02
1.657741291982652001e+02
1.637196521610117088e+02
1.636301846565496305e+02
1.641113683029559809e+02
1.660653797511109531e+02
1.653257936555155254e+02
1.669822672732046840e+02
1.684300788807941274e+02
1.663978540735376441e+02
1.670948256436970496e+02
1.683976284503829959e+02
1.672066636359403162e+02
1.684322340130615601e+02
1.691242219589680928e+02
1.670784326542107863e+02
1.699919328715631366e+02
1.681774725207537529e+02
1.688281423107915202e+02
1.704731888939883220e+02
1.719730112902931012e+02
1.711129894198331556e+02
1.712704063042059772e+02
1.733240096118115616e+02
1.720999168073411738e+02
1.737926298939895560e+02
1.741014948952195880e+02
1.726524147051513012e+02
1.737187986692593427e+02
1.741886592868198704e+02
1.734127436695208644e+02
1.742951886290300934e+02
1.749032886958610788e+02
1.765965538311418186e+02
1.751446093485671724e+02
1.762717506439923341e+02
1.771028473306501780e+02
