4.329449401258540320e+01
4.449766515515526777e+01
4.457869531920669459e+01
4.510944403860924723e+01
4.652479484243965402e+01
4.559724623902793894e+01
4.628246964936509045e+01
4.778058144878807667e+01
4.844779792461410040e+01
4.821728337472179504e+01
4.816612041980405223e+01
4.911840467740947247e+01
4.859152494937460176e+01
4.945722450708655060e+01
4.883932035430633078e+01
5.048425651661059987e+01
5.010616323176797238e+01
5.088363357570002421e+01
5.102796289302946064e+01
5.164951960109751639e+01
5.183023061127315145e+01
5.298876087316264716e+01
5.082017062094620030e+01
5.301648906675598738e+01
5.292937208078760136e+01
5.487445924523157004e+01
5.404986983490671548e+01
5.394751428120633818e+01
5.415384236945186558e+01
5.534222270991139681e+01
5.677565435438902597e+01
5.531187455136902997e+01
5.623040476184693404e+01
5.611525842839650124e+01
5.539961952018535385e+01
5.772662518545806876e+01
5.700490248317559150e+01
5.663766346639395266e+01
5.741138751570099430e+01
5.665066383934785677e+01
5.786995987153630239e+01
5.737407040604803399e+01
5.892704696777538231e+01
5.698789207962971659e+01
5.704372457772596761e+01
5.701724870988817173e+01
5.749761287178740332e+01
5.933000348485738584e+01
5.855843101012223428e+01
5.824598703775759390e+01
6.081661693221717968e+01
6.101973478167542453e+01
5.816504726655004021e+01
5.777474828264874418e+01
5.873952462665316432e+01
5.855730280611525274e+01
6.175033210399080730e+01
5.956880771438055433e+01
5.819877988467077756e+01
6.043212851765517968e+01
5.870147035551732273e+01
6.114755242012186187e+01
5.819483777599366903e+01
5.970519441725928544e+01
5.868109929021917992e+01
5.825466000927114862e+01
5.809445609505958430e+01
5.942113969701614451e+01
5.820836867511309265e+01
5.768976723551104158e+01
5.650276230539851241e+01
5.707894903475324355e+01
5.720739641211156368e+01
5.772829290688291337e+01
5.409321684229807659e+01
5.665326951875151451e+01
5.565554724024891442e+01
5.517861759417697698e+01
5.506203650693602469e+01
5.509812769787593112e+01
5.551604581369148406e+01
5.420318154198048433e+01
5.419274544890347300e+01
5.484293374534897936e+01
