1.333842939523960069e+02
1.317541182404911808e+02
1.324781594073256770e+02
1.334106087911356155e+02
1.334763454282764030e+02
1.345679156348074912e+02
1.348168182418202719e+02
1.356723058484697333e+02
1.364957695066789540e+02
1.374895676133814675e+02
1.386068356224699869e+02
1.388055394283273927e+02
1.395005774073749194e+02
1.405617221129055565e+02
1.412560820189378603e+02
1.425478941174947636e+02
1.429411434869865047e+02
1.435133840462516730e+02
1.441051188033785877e+02
1.449740971859171452e+02
1.457767911317317839e+02
1.463280224825334983e+02
1.472410629763851375e+02
1.473519547687687918e+02
1.485410638985001981e+02
1.481323892951210439e+02
1.496729600406582961e+02
1.508343372914173415e+02
1.510314835952794112e+02
1.521805802381218484e+02
1.521077220623689925e+02
1.535615970107883754e+02
1.532302981543282954e+02
1.545022685493531185e+02
1.545997047527305881e+02
1.547913905093042217e+02
1.547242652177720004e+02
1.558067619349475592e+02
1.556874182368610207e+02
1.563444346994163254e+02
1.563373643997664431e+02
1.572722769833119401e+02
1.570886623530264785e+02
1.579659190040210888e+02
1.587330997070474439e+02
1.589742262628435299e+02
1.601044786619162892e+02
1.597329618612014315e+02
1.610248911328162649e+02
1.612797159602713748e+02
1.614998164924412549e+02
1.608594397220093697e+02
1.628953507858504679e+02
1.636688342543888837e+02
1.638136646546110455e+02
1.639194226704933044e+02
1.635573450085765046e+02
1.645453341618835736e+02
1.658031342239777928e+02
1.649670082970791896e+02
1.659435431566070349e+02
1.642560593830259847e+02
1.656069665879452089e+02
1.663057365973051844e+02
1.669124550404727927e+02
1.672888160153827926e+02
1.676492393662547045e+02
1.665980572176123928e+02
1.674510277212409619e+02
1.669273048621653857e+02
1.689674481638394639e+02
1.682547445059189783e+02
1.678015110955032299e+02
1.681588493140366438e+02
1.702276187980128270e+02
1.691598873750225778e+02
1.695242945725901222e+02
1.688950327600803405e+02
1.689412467644976061e+02
1.695755535795834135e+02
1.677806074664373455e+02
1.692591937332434782e+02
1.690269716605371855e+02
1.687803187687258060e+02
