5.372497708079997665e+02
5.384335312119026185e+02
5.389284981321944770e+02
5.394245072473676146e+02
5.400644021667063726e+02
5.402366614161190910e+02
5.406983511984695951e+02
5.413730948096483644e+02
5.417791721942353433e+02
5.419989172957862138e+02
5.421967505697137995e+02
5.426730527842989886e+02
5.427507248967766600e+02
5.431439463217114962e+02
5.432436039264626970e+02
5.438036551385187067e+02
5.439215138141445323e+02
5.443115134001143360e+02
5.445319477764585372e+02
5.449137694140889607e+02
5.450819192012951362e+02
5.455366777458916658e+02
5.453056719836831689e+02
5.459608251980127989e+02
5.461258165283036305e+02
5.467040106961842412e+02
5.466709100300714681e+02
5.468954096751714360e+02
5.471107635796596469e+02
5.475061990651339556e+02
5.479879393294073679e+02
5.478494602639016193e+02
5.482504895635387356e+02
5.484601896297865551e+02
5.483828674977075934e+02
5.489554737267955034e+02
5.490155548527047813e+02
5.491176130824582060e+02
5.494019092771684427e+02
5.494315539678825644e+02
5.497757699689127548e+02
5.498693551518936147e+02
5.502473600770209714e+02
5.500332487972463014e+02
5.501872488196511313e+02
5.502977171569465327e+02
5.505163849714159596e+02
5.509986252269669649e+02
5.509415342878947968e+02
5.510882263057266073e+02
5.516897238291853682e+02
5.518542182382266219e+02
5.513637693127242301e+02
5.514432164366485267e+02
5.517497298168249245e+02
5.517854242368995301e+02
5.524495143169231142e+02
5.522142964895029991e+02
5.520280124412357736e+02
5.525009398625078347e+02
5.523029776961681137e+02
5.528346290789528439e+02
5.524133689951178212e+02
5.528164691494727094e+02
5.526554020900134674e+02
5.527024405803523450e+02
5.527127651937780684e+02
5.530231565733306525e+02
5.529142396715502628e+02
5.529023412439735239e+02
5.526983933615224487e+02
5.529217943462210769e+02
5.530201877753924009e+02
5.531455649605542249e+02
5.525606408610935887e+02
5.530746951623029872e+02
5.529559730234320796e+02
5.529163419957764063e+02
5.529630148672524683e+02
5.530147350407199838e+02
5.531891419080258174e+02
5.529728039682682947e+02
5.530859092171068596e+02
5.531661033299235442e+02
