5.056222681739102427e+02
5.065506458841198878e+02
5.069067548406062542e+02
5.072380717901471598e+02
5.077201872281819988e+02
5.077985895690694065e+02
5.081615130554595225e+02
5.086430177276096742e+02
5.089194857891657762e+02
5.090222819138244290e+02
5.091717161778470313e+02
5.095250127364884065e+02
5.096132136593010955e+02
5.098824398259100690e+02
5.099119888043301216e+02
5.103415430101244965e+02
5.103862027533727428e+02
5.106156676842600746e+02
5.107918108391599503e+02
5.110475143940666953e+02
5.112357220483253286e+02
5.115468473810502132e+02
5.112914026958519571e+02
5.117685562128152128e+02
5.118632604428466379e+02
5.123100541872339591e+02
5.122781826078447693e+02
5.123526732200593869e+02
5.125475929949403735e+02
5.127759358311795950e+02
5.131296852270443196e+02
5.130148007881174408e+02
5.133100464367784070e+02
5.133885972133999758e+02
5.133851401157116925e+02
5.138260777383790128e+02
5.138449820590578838e+02
5.138438724944677460e+02
5.140843151929879014e+02
5.141181639668646994e+02
5.143799014893731965e+02
5.143520280974113348e+02
5.147188525491263817e+02
5.144761781586576035e+02
5.145916692263016330e+02
5.146843671785010201e+02
5.148349211535395398e+02
5.151966292200362432e+02
5.151754389954473936e+02
5.152171795602664588e+02
5.155803494226845487e+02
5.157332300303461352e+02
5.154369777098694385e+02
5.154374305555394358e+02
5.156248807128712315e+02
5.157295723272478654e+02
5.162501975953531428e+02
5.160301055083100437e+02
5.158823140647029959e+02
5.162878295809681504e+02
5.161512009114460398e+02
5.165864679991212824e+02
5.162500234556874830e+02
5.165398488122631306e+02
5.164459770593264238e+02
5.164675804450653231e+02
5.165235398649449508e+02
5.168578882759231874e+02
5.166761691944089989e+02
5.167658252230152129e+02
5.166132948994368235e+02
5.167587633560782479e+02
5.168878050006115927e+02
5.170400012277316364e+02
5.165360266280598580e+02
5.170187761529716681e+02
5.169249733497317720e+02
5.168699190647353134e+02
5.169801933271141934e+02
5.170620196874244812e+02
5.172810500264749862e+02
5.170994441797532772e+02
5.171536852270489817e+02
5.173232256250797718e+02
