1.019464531696607423e+02
1.027597895841403073e+02
1.033997002112571977e+02
1.041933332246537987e+02
1.053372587927558612e+02
1.052587208876435625e+02
1.059664856633816328e+02
1.073730641498139420e+02
1.080968876256744551e+02
1.083651674346660343e+02
1.087639259999228756e+02
1.095945694080901944e+02
1.096313661875608432e+02
1.105674825811954918e+02
1.104924958865122733e+02
1.120636551952838147e+02
1.119672061872977906e+02
1.126303227633583361e+02
1.131477386269125844e+02
1.138562200944321177e+02
1.143255471588253869e+02
1.152814700416181211e+02
1.142646431098395539e+02
1.158355694936085030e+02
1.160809358231969242e+02
1.172594845165277064e+02
1.172401087154241992e+02
1.176530589461212344e+02
1.180059132945109326e+02
1.190700675838684646e+02
1.198649994558420673e+02
1.195469217526090802e+02
1.202063510255839702e+02
1.206147304012714159e+02
1.202700950549284045e+02
1.218908518255986166e+02
1.215612826594285707e+02
1.218766582168150734e+02
1.222368863299061417e+02
1.223219045501088260e+02
1.231230092173864250e+02
1.232657978196900217e+02
1.239565479755067088e+02
1.232283733036901197e+02
1.234948977812655500e+02
1.235628511866826500e+02
1.241357853421221904e+02
1.250782475702537795e+02
1.250196812940920239e+02
1.248830930227459248e+02
1.262850290705909941e+02
1.262501712920822143e+02
1.251790944613094325e+02
1.253083578823764270e+02
1.257776024270477535e+02
1.257017470213728672e+02
1.273029961441831688e+02
1.263442797356043741e+02
1.259468637603451668e+02
1.268786314561411785e+02
1.262750430312135848e+02
1.268803097789165975e+02
1.257330226495275554e+02
1.268304273673467293e+02
1.264836300034924079e+02
1.262865830886189684e+02
1.263095397593304057e+02
1.265710025500149243e+02
1.260729811819984292e+02
1.257589615057478198e+02
1.256764903274321767e+02
1.256618917398305371e+02
1.255045943662510268e+02
1.259573692487007719e+02
1.247653213026627981e+02
1.257525770538942993e+02
1.252449616426335552e+02
1.246965115940550675e+02
1.247235129454091975e+02
1.250430239667407335e+02
1.244902876899986524e+02
1.243653617665378306e+02
1.241201686840202001e+02
1.242260062391336675e+02
