5.057846547121890524e+01
5.103237529969573671e+01
5.128063977938547424e+01
5.174983985968292188e+01
5.265839928208008303e+01
5.220745416112929860e+01
5.277375621536222638e+01
5.382231535632575969e+01
5.440879897853755409e+01
5.441515551409806761e+01
5.456848473132791355e+01
5.524863463610525116e+01
5.514538929866073147e+01
5.582464204016318376e+01
5.561564280855652953e+01
5.678780136251830157e+01
5.666368717061705240e+01
5.731165194903401527e+01
5.746665752055621823e+01
5.797420035698767293e+01
5.839200356586201934e+01
5.918399353985734024e+01
5.798818589511673594e+01
5.939366565835011613e+01
5.951706942322514493e+01
6.077293664956809494e+01
6.053746905943670242e+01
6.049016414270012376e+01
6.073011853379649949e+01
6.150114302638533559e+01
6.246127163288118567e+01
6.194750131299850437e+01
6.251939295395003882e+01
6.258894815285954394e+01
6.247040863698590840e+01
6.397579129571816736e+01
6.363908431707520208e+01
6.368571453698334039e+01
6.430907746570822781e+01
6.411372720383046442e+01
6.499406415710795670e+01
6.485535914272540481e+01
6.586771363420814396e+01
6.491615216735898741e+01
6.512587150552329263e+01
6.519616807023608374e+01
6.558745581296645355e+01
6.670906540674822338e+01
6.649571245275797082e+01
6.645436382702689571e+01
6.771926371307348802e+01
6.796419228194933737e+01
6.670281381418361377e+01
6.661211388141069278e+01
6.712359861965332186e+01
6.720431945931208872e+01
6.912445229569766525e+01
6.801283611705392218e+01
6.748486692339122328e+01
6.877902545465487094e+01
6.805832674886397626e+01
6.934080097616121918e+01
6.785070274984217065e+01
6.875483214653722541e+01
6.831771524752559799e+01
6.822009203704223523e+01
6.836026853872353115e+01
6.921047050080827034e+01
6.852586717848537035e+01
6.843891194381954790e+01
6.808415937151727348e+01
6.837430945650613978e+01
6.852571871981599827e+01
6.894647443894822914e+01
6.715310434509893867e+01
6.881065226003872226e+01
6.829352343512272228e+01
6.793364384830108804e+01
6.813537438830786641e+01
6.825514206961281616e+01
6.862110287566774502e+01
6.808014673876492395e+01
6.803301535942381406e+01
6.861979611268820634e+01
