-1.814640915899316809e-01
-1.774437102110913711e-01
-1.759001961256838609e-01
-1.778020634862520488e-01
-1.803632912162547175e-01
-1.784735223108389890e-01
-1.788719872392594556e-01
-1.834976507297959303e-01
-1.857996603898461330e-01
-1.858501077067553076e-01
-1.873528978463250283e-01
-1.886021537700982020e-01
-1.870275793740562020e-01
-1.909873772657818269e-01
-1.890147770031589680e-01
-1.957219146170671442e-01
-1.942937209599015225e-01
-1.958634511457423288e-01
-1.964875842308703990e-01
-1.990262154472186851e-01
-1.996507723060438333e-01
-2.027545909606322250e-01
-1.979517313396413347e-01
-2.021846802470905480e-01
-2.042017757593106164e-01
-2.063052679657078059e-01
-2.070427851837554623e-01
-2.087573460258533853e-01
-2.083180310626943088e-01
-2.137041500549298201e-01
-2.158001328076004921e-01
-2.134937695696507431e-01
-2.131472475501323960e-01
-2.145084783755492885e-01
-2.109355868549361301e-01
-2.154233385386758182e-01
-2.117527817349691144e-01
-2.106820836095352201e-01
-2.111545269220141130e-01
-2.080899339789087088e-01
-2.093484028094579619e-01
-2.083257406820381019e-01
-2.118582576410203422e-01
-2.072075444694837787e-01
-2.082780126991552738e-01
-2.081997859616784297e-01
-2.120369013762021804e-01
-2.146301953943629548e-01
-2.152905039202898108e-01
-2.135608666885035201e-01
-2.214353385455256340e-01
-2.198023148406139105e-01
-2.165735290925670797e-01
-2.159029397481384560e-01
-2.188963951613084602e-01
-2.180747030028092337e-01
-2.243120148213653409e-01
-2.207975544402078216e-01
-2.195587559828718338e-01
-2.227921730903689446e-01
-2.195516390710358090e-01
-2.219845867362073011e-01
-2.171003787972145826e-01
-2.221396276543825266e-01
-2.206297570486079052e-01
-2.197843883826010869e-01
-2.193905109625764183e-01
-2.200986711967447829e-01
-2.190817053636049672e-01
-2.150300626057794484e-01
-2.166591760297639779e-01
-2.161895211014892848e-01
-2.153341204206734305e-01
-2.171624469518656786e-01
-2.113147545628119572e-01
-2.145509718932494536e-01
-2.130368591780634480e-01
-2.104836902041124780e-01
-2.090100590284736937e-01
-2.103417789533783555e-01
-2.066704720169315890e-01
-2.059979539909463364e-01
-2.057249661877968705e-01
-2.072196625349993215e-01
