5.372501371285924279e+02
5.381135084914980098e+02
5.385996163304015454e+02
5.390675610301431107e+02
5.392375729301968477e+02
5.394137783644687261e+02
5.397535141497028235e+02
5.399819096372320928e+02
5.402981581545758445e+02
5.404020473553061947e+02
5.404748501345643490e+02
5.405147464320251629e+02
5.407370117685558171e+02
5.407700542697763240e+02
5.410270830639682345e+02
5.410393139949104580e+02
5.411003641056565812e+02
5.411005595374696213e+02
5.412832336143500243e+02
5.414434543581837715e+02
5.416773036819329263e+02
5.419107071857055189e+02
5.416473086218788922e+02
5.418779483873216805e+02
5.420791027302507246e+02
5.421236621490298830e+02
5.421964998229697130e+02
5.422021152362074190e+02
5.420613281139000037e+02
5.424911676333533705e+02
5.426889077596860034e+02
5.425071254324888059e+02
5.427315589331885803e+02
5.426882447967279859e+02
5.426967708261686312e+02
5.428654923091161209e+02
5.430997357734180468e+02
5.428214524027953303e+02
5.433524289402399745e+02
5.431934149926282771e+02
5.432804417852420329e+02
5.432532756502068878e+02
5.434029491266542209e+02
5.434209271541137696e+02
5.435251394459253333e+02
5.437970851990999108e+02
5.438717771142734136e+02
5.438254286106400741e+02
5.436052771880883938e+02
5.440042696235216226e+02
5.440728060460089637e+02
5.442258003198338656e+02
5.440148273777139138e+02
5.443915862338524221e+02
5.441491083853494501e+02
5.440525435417897597e+02
5.446172308064943763e+02
5.447525238627827093e+02
5.446245598008980551e+02
5.448635478124915608e+02
5.447485193140209958e+02
5.448271206699600953e+02
5.454565071956288875e+02
5.451047927500393371e+02
5.454682798703806839e+02
5.454570447782864449e+02
5.455283335501150077e+02
5.451819618703017341e+02
5.456501129751967483e+02
5.456389476986603313e+02
5.454855012966512504e+02
5.458171110333925071e+02
5.456134682963017895e+02
5.456280799197501210e+02
5.460446408692588420e+02
5.460756024064494341e+02
5.461675702372740488e+02
5.463693655992431104e+02
5.464932902199205955e+02
5.463817185998365176e+02
5.463377463855413225e+02
5.466340554884820904e+02
5.467119064908922610e+02
5.466605889245701064e+02
