5.056224688700613683e+02
5.063503870819309896e+02
5.067616579116791513e+02
5.071482746500730627e+02
5.072339364215195587e+02
5.074318530403637055e+02
5.076873816017840682e+02
5.079315008509256586e+02
5.081868837363264788e+02
5.082958956265119923e+02
5.083338964257678754e+02
5.084542246520680919e+02
5.085995993708439187e+02
5.086951503977043103e+02
5.088963860421137611e+02
5.089309224560893199e+02
5.090208688978011082e+02
5.090508698480323915e+02
5.091181802735594033e+02
5.093176146031487406e+02
5.094902698907409331e+02
5.096930303353368572e+02
5.094704200965455811e+02
5.096729195227508171e+02
5.098953493800515275e+02
5.099306186421314919e+02
5.100595549362789143e+02
5.100138896012067562e+02
5.099585141981261245e+02
5.102826656696068426e+02
5.104338289384318159e+02
5.102742775203079759e+02
5.105059568254567921e+02
5.104484972199754793e+02
5.104544179909780155e+02
5.106444602602859959e+02
5.108353511813213004e+02
5.105465396505119315e+02
5.110319313866498874e+02
5.108801651416142704e+02
5.109271539807483009e+02
5.109051116488941489e+02
5.109915560657877904e+02
5.110938503280393093e+02
5.111548794602339854e+02
5.113782226044392019e+02
5.114437090866165931e+02
5.114167723468011673e+02
5.111945039395949379e+02
5.115541547269669422e+02
5.115892991101869143e+02
5.116965863429912815e+02
5.114827049778921264e+02
5.118883076400758227e+02
5.115689029947614586e+02
5.114877828631793477e+02
5.120521698487607409e+02
5.121751480931775404e+02
5.119488609920823592e+02
5.122560104661489504e+02
5.121776046669087918e+02
5.121717240760585810e+02
5.128139933666545858e+02
5.124415505597721676e+02
5.127280273302799287e+02
5.128608628184477993e+02
5.126977149140486745e+02
5.124388105160078339e+02
5.128764195059955000e+02
5.128617690304822645e+02
5.126414084811191287e+02
5.130775258193277750e+02
5.128903081354011420e+02
5.127496607522657541e+02
5.131752965263418673e+02
5.132165774383355483e+02
5.130847342209244744e+02
5.134558039831808856e+02
5.135149900257638365e+02
5.135323001662679872e+02
5.134852694842093115e+02
5.135886339366554694e+02
5.135991266753142099e+02
5.134904374172060670e+02
