1.609135669285799395e+02
7.804672717158226192e+01
6.971860675668087026e+01
6.807330034463120683e+01
6.692255295600529053e+01
6.868402254966817111e+01
6.505463787711862267e+01
6.495382791954564539e+01
6.792061461176673731e+01
6.376428770982934680e+01
6.294906953815659278e+01
6.593535435420524493e+01
6.397328487780367823e+01
6.323606561205829735e+01
6.161369874111419165e+01
6.301342415424706189e+01
6.304780300472194199e+01
6.196408003192706104e+01
5.989958588237361425e+01
6.254203625710024994e+01
6.098709542377248027e+01
6.028933834420160309e+01
6.015822349270381153e+01
5.806751178283474957e+01
5.878059837221355366e+01
5.970181931628025751e+01
6.137207684117053930e+01
5.744387125863879362e+01
6.659968229045357191e+01
5.839941414972934552e+01
5.789841765395339479e+01
6.069673841432551598e+01
6.229347152830346346e+01
6.137430335068972909e+01
5.525699585498528421e+01
6.256914970636915285e+01
5.339807099307049754e+01
5.856325453008542326e+01
5.641342177836271077e+01
5.507906059426011325e+01
5.312895849857093111e+01
6.018898083817020250e+01
5.697881587327652397e+01
5.364676246874306997e+01
5.305838372987052054e+01
5.988452635293892001e+01
4.981808455207092123e+01
4.971325034102851959e+01
7.544414803925046442e+01
8.139244360913066600e+01
6.528625400678643587e+01
7.337813058700875501e+01
7.663656538681284758e+01
8.471709982381324266e+01
8.464490611027562750e+01
9.028362620917710046e+01
7.839777542683553690e+01
7.973497687561172143e+01
8.022361401959850014e+01
8.156597593082510400e+01
8.869830278614803376e+01
8.192896233831095287e+01
7.859281863281395886e+01
9.432564884395048921e+01
7.417556602644756936e+01
8.928399623272342467e+01
8.435395468833996802e+01
8.063793797358084703e+01
8.577060655523190746e+01
8.833866448101287006e+01
9.021991546230482584e+01
9.241773931672837250e+01
9.765735991219517587e+01
8.957813335194038018e+01
9.423324368401299012e+01
9.164983572846136894e+01
8.174867516107927656e+01
9.126357214559315878e+01
9.414568630233686974e+01
8.585548636022130609e+01
9.676933966319553804e+01
9.281368033733012624e+01
9.224253868368035114e+01
8.646286836584620517e+01
