6.073048496158921949e+01
8.755531817264368044e+01
9.109733037582451232e+01
9.387758842983123486e+01
9.536968777413696330e+01
9.519760650044447914e+01
9.775564273364132362e+01
1.002224787177750898e+02
9.832288778603623314e+01
1.020450510218579296e+02
1.034357625636189084e+02
1.034409180406614581e+02
1.059546267346284054e+02
1.059067080900372133e+02
1.067725601542589118e+02
1.098915516250535518e+02
1.077894042045917331e+02
1.056989017883412885e+02
1.087803587168129269e+02
1.136458382528378479e+02
1.150616130114155595e+02
1.161940025923836544e+02
1.130057632842961794e+02
1.163916590449388764e+02
1.165181257468574074e+02
1.175723387125054700e+02
1.172196873420998031e+02
1.201738131308897977e+02
1.126895902450917646e+02
1.204741588922125715e+02
1.218576179345491965e+02
1.162310577669930751e+02
1.169811334566037146e+02
1.149414546178964542e+02
1.210945133910909846e+02
1.177811092100463952e+02
1.273844462208585213e+02
1.224559354223685119e+02
1.263392430422557169e+02
1.259925430936085604e+02
1.276308469243690098e+02
1.219587669335537896e+02
1.243756176529295914e+02
1.296203816704776557e+02
1.323050865408576442e+02
1.214781463862044291e+02
1.363728293732565646e+02
1.362686158151838072e+02
1.039074648209428346e+02
9.259446591195508347e+01
1.127713061048354177e+02
1.017066023432521860e+02
1.016853892221960649e+02
8.769654759571842817e+01
8.656675430737627153e+01
7.943275454467865870e+01
9.634244370821433279e+01
9.975373084435840099e+01
9.360616886000497061e+01
9.432009842681250689e+01
8.053513228618555786e+01
9.500100359209532996e+01
1.007699813446962622e+02
7.702972544465289673e+01
1.046066025466298868e+02
8.630315206838460540e+01
8.938123364417482719e+01
9.396326341684387273e+01
8.972820382236625392e+01
8.149507402769748410e+01
8.086651730435350771e+01
7.849160593284055665e+01
6.982778142320459835e+01
7.767223260634661131e+01
7.633669580288999157e+01
7.984429079698892906e+01
9.258705454243226995e+01
7.902119228449981847e+01
7.436549652498774776e+01
9.143072383113813828e+01
7.473567976595923312e+01
7.538849793207602090e+01
7.750263516961290122e+01
8.626476687984784064e+01
