1.997073053910794371e+01
3.018238602384746727e+01
3.136366036684138692e+01
3.015137181371892439e+01
2.965742463170975896e+01
2.895644860134025578e+01
2.844599221987808590e+01
2.651879510922060490e+01
2.693563274116710460e+01
2.608652242797933951e+01
2.562632402102460460e+01
2.399683439073306701e+01
2.346108142252987250e+01
2.333519262333410538e+01
2.354317546616226053e+01
2.136890602218095481e+01
2.178144524838301521e+01
2.353261484787088875e+01
2.378429533391204131e+01
1.932255775107043050e+01
1.937577154168640092e+01
1.887826117110407509e+01
2.094685812592887686e+01
2.009218760534901449e+01
1.958016195796752257e+01
1.816891697925877125e+01
1.763398829617947783e+01
1.765587076517020293e+01
1.740424578576756076e+01
1.662369723426322921e+01
1.604612911956870747e+01
1.737282295621779582e+01
1.635481938493370180e+01
1.712204952670971281e+01
1.732708321315410416e+01
1.561634774228152089e+01
1.562835925861426922e+01
1.538004216176301142e+01
1.426978479652698262e+01
1.575818444146185549e+01
1.464368377730923321e+01
1.381416173745497566e+01
1.342923962613871502e+01
1.403666971480616787e+01
1.298906637234940753e+01
1.249282199502471080e+01
1.262664493205613780e+01
1.208110660346747167e+01
1.282171232071406664e+01
1.333617786607444167e+01
1.230029611708728510e+01
1.283494225014848311e+01
1.128336376754984194e+01
1.361122032312028018e+01
1.377752542742378061e+01
1.523033748629322837e+01
1.278608017262623342e+01
1.031632304944703371e+01
1.301089745528636676e+01
1.050019362604145456e+01
1.378336446810705418e+01
1.082831164949437053e+01
9.707099098547002924e+00
1.250069435523344907e+01
9.814715285215941165e+00
1.024273813119587473e+01
1.157387763333269604e+01
1.183088305700198006e+01
1.105599807770992271e+01
1.251165125846665838e+01
1.208847897960856521e+01
1.220658062697132884e+01
1.289021483909836441e+01
1.391430326305774834e+01
1.136915981708918899e+01
1.171075575254245216e+01
1.072090765051267880e+01
1.205843685172263591e+01
1.296614118713499408e+01
9.958590365959157253e+00
1.219208350148897857e+01
1.272809627248725306e+01
1.247231966865735764e+01
1.062964142855266481e+01
