5.264826563077904211e+02
5.264633328142144819e+02
5.261614860704559078e+02
5.261296564280511348e+02
5.254947087974636588e+02
5.260292778113703207e+02
5.260841370267409047e+02
5.253725924697282608e+02
5.257124149012189491e+02
5.254288068224456083e+02
5.258272215448564566e+02
5.251741516823374241e+02
5.256650582530037354e+02
5.258448145010905819e+02
5.257711863836585735e+02
5.252214929775959718e+02
5.257209492495562699e+02
5.255483450945818049e+02
5.258893334714133516e+02
5.254848169366370030e+02
5.257193079822253594e+02
5.259887052880543479e+02
5.261547664313561654e+02
5.256240367909157385e+02
5.257889129697947510e+02
5.255494605685777287e+02
5.258143341801240922e+02
5.262228146206726933e+02
5.270182746249354295e+02
5.265089605312163030e+02
5.261642972579228399e+02
5.266938287530811067e+02
5.265832097882253038e+02
5.270299221046868752e+02
5.270208306769444562e+02
5.270274145109606252e+02
5.267496464222165287e+02
5.269450960395555512e+02
5.259618477673226380e+02
5.269482883877797121e+02
5.266072304711544803e+02
5.266329607000205897e+02
5.266569908934212663e+02
5.262740733039441920e+02
5.261853546766063801e+02
5.271009069602046111e+02
5.267526843226393112e+02
5.270161798077094772e+02
5.275007144732484221e+02
5.267988711372219086e+02
5.266983502320399566e+02
5.272800732077175780e+02
5.269604994858332248e+02
5.279451740288043311e+02
5.269552910357073188e+02
5.272914979049894555e+02
5.268803173913961473e+02
5.272300871902524477e+02
5.280917022074853548e+02
5.274409223543522103e+02
5.278406382405497652e+02
5.275369481283536288e+02
5.273260427378324948e+02
5.277931374924173724e+02
5.280495060074478033e+02
5.271690722550779356e+02
5.282597768386283406e+02
5.277688029518520807e+02
5.291358752607947054e+02
5.284192215349169146e+02
5.287142235845974483e+02
5.282316625891101012e+02
5.286872618256332998e+02
5.279073782900832157e+02
5.295408327871761003e+02
5.291047559470388251e+02
5.288431975627429438e+02
5.291965128463297106e+02
5.292078855787381144e+02
5.296114168129886366e+02
5.290693345570908832e+02
5.294449822410730349e+02
5.292019906005841676e+02
5.289753748010800791e+02
