5.741553138007689085e+02
5.504465384500251730e+02
5.500319823954815774e+02
5.502611045273907848e+02
5.494762906313306985e+02
5.499784736043922067e+02
5.501442977514014956e+02
5.502065561655406327e+02
5.505466635310643824e+02
5.499424453833184998e+02
5.507067698042567372e+02
5.500319883197415720e+02
5.505210239549253401e+02
5.510571443049224172e+02
5.507258166537726538e+02
5.507607654720771961e+02
5.513077982992299440e+02
5.509235545060533923e+02
5.515053522964847161e+02
5.510437554361568573e+02
5.514638988160165809e+02
5.521405865396051240e+02
5.518993113932720007e+02
5.517751380729949915e+02
5.519038756608247240e+02
5.520660035691757912e+02
5.523540539395010001e+02
5.530306431610948721e+02
5.540453974182918273e+02
5.533503599998983873e+02
5.530745809972461302e+02
5.540646491956140380e+02
5.540638281624545698e+02
5.546838626453800316e+02
5.546886607786000241e+02
5.551963674772921422e+02
5.544644536248744089e+02
5.549934786735838088e+02
5.535259640128269893e+02
5.550765280369448647e+02
5.553499713807295848e+02
5.552289161105674111e+02
5.555017723241595604e+02
5.556864941233977788e+02
5.544625851379518053e+02
5.572641100726402783e+02
5.557896079743796918e+02
5.569702668677291513e+02
5.576148136545214129e+02
5.562050658388964166e+02
5.568979769787042642e+02
5.587113439617481845e+02
5.569667320511942989e+02
5.586673267794077447e+02
5.567562242269691524e+02
5.573914463108363861e+02
5.572794308643916565e+02
5.581602718219266990e+02
5.593767364828313475e+02
5.594290921119620634e+02
5.594923137910623154e+02
5.593431139539633250e+02
5.578550633154735579e+02
5.596844897545487356e+02
5.601583525272035331e+02
5.588325839301761562e+02
5.613386822017563418e+02
5.594178487668064008e+02
5.632113167603789634e+02
5.614428332970697966e+02
5.619552547123714703e+02
5.618269574262970991e+02
5.626490069160439589e+02
5.608940927968554888e+02
5.633659394231051465e+02
5.633016409143099281e+02
5.623349095107906805e+02
5.633703032483454081e+02
5.628067393334677035e+02
5.641407009636639032e+02
5.629951022464285870e+02
5.641799874491248374e+02
5.634229503952512914e+02
5.633590949050314975e+02
