-2.823537754969848712e-01
-1.901054359867640209e-01
-1.887099657787915108e-01
-1.871690684706583674e-01
-1.850956059557311850e-01
-1.821290385714468552e-01
-1.800809169750908489e-01
-1.830002625176926356e-01
-1.802149480253424363e-01
-1.777012493768382606e-01
-1.800633461967362514e-01
-1.787753540267506824e-01
-1.773402586286769167e-01
-1.785106381057800506e-01
-1.737398687366495942e-01
-1.840090591225486683e-01
-1.776688391454089022e-01
-1.696667362787819267e-01
-1.711305297681319504e-01
-1.761803115209765458e-01
-1.752408704539411832e-01
-1.741104935299533640e-01
-1.671226080157124927e-01
-1.693947839074659845e-01
-1.709719167919165339e-01
-1.679081669072383931e-01
-1.678132414030319430e-01
-1.655873223286017104e-01
-1.606381712566215259e-01
-1.687763419985555124e-01
-1.679936820393463925e-01
-1.619306205206619276e-01
-1.608231910533879649e-01
-1.579160622316995721e-01
-1.534614282977655453e-01
-1.544079016660543369e-01
-1.523521280886535878e-01
-1.494469523164221880e-01
-1.505050251737139744e-01
-1.446760125458977086e-01
-1.479608101083463023e-01
-1.448958387611565257e-01
-1.527940256806776254e-01
-1.412976461140582340e-01
-1.533850696218587717e-01
-1.355085823160900593e-01
-1.438996795927257599e-01
-1.479540383596247288e-01
-1.478634969548894840e-01
-1.483665929329712474e-01
-1.514386476111293789e-01
-1.439959985708325618e-01
-1.488603957557059210e-01
-1.413319388674159904e-01
-1.536568789347237396e-01
-1.353187889041425618e-01
-1.504722592551563931e-01
-1.454991568661119505e-01
-1.392360196901985814e-01
-1.445269193705488175e-01
-1.410901058535508068e-01
-1.319259904924237614e-01
-1.393121659141931812e-01
-1.376941355048128535e-01
-1.428265873337353220e-01
-1.467998431764387657e-01
-1.303629427254869022e-01
-1.312746085566131593e-01
-1.229343584953244833e-01
-1.300427051753908769e-01
-1.228304911879662953e-01
-1.288738505590117933e-01
-1.291194113850927250e-01
-1.370093867618422390e-01
-1.150229540131289113e-01
-1.236089359468654086e-01
-1.054121268533384226e-01
-1.078253925615366288e-01
-1.056629559449894645e-01
-1.027938471936488823e-01
-1.086745272404506940e-01
-1.031114817396853456e-01
-9.195297554546719154e-02
-1.156758593094023707e-01
