5.016902381111510749e+02
5.017383582895724885e+02
5.017182255132582895e+02
5.017577518647770489e+02
5.017084692603673943e+02
5.019322657788316633e+02
5.020323986048086908e+02
5.017792624443481486e+02
5.019359215012775053e+02
5.019095486040710057e+02
5.020555902428622517e+02
5.018638790164272905e+02
5.021304836997094299e+02
5.021384939371156406e+02
5.022118441682389403e+02
5.019670906704284903e+02
5.021347486323952580e+02
5.020734705094653805e+02
5.022990477648981482e+02
5.021557762532258948e+02
5.022518003518741239e+02
5.023317841214706050e+02
5.023889226182839707e+02
5.022054607262947457e+02
5.022647078535936203e+02
5.020857365064862279e+02
5.021413304192680584e+02
5.023280254161386438e+02
5.027779579734702793e+02
5.025201741320018982e+02
5.022950509212809038e+02
5.024535004198211823e+02
5.025370253310176736e+02
5.026306238618124667e+02
5.027126458192618657e+02
5.025016062563190644e+02
5.025904094707748300e+02
5.026548766375485116e+02
5.021496447057037358e+02
5.026162435866465330e+02
5.024254646844422041e+02
5.024385253740013013e+02
5.023826608484228018e+02
5.022448555542885629e+02
5.022717113676540635e+02
5.025011989971778803e+02
5.024868552419610523e+02
5.024438350428728199e+02
5.026443797907846260e+02
5.024602405502245119e+02
5.022114997290723863e+02
5.024025756927908901e+02
5.024562722473264103e+02
5.028302706969963651e+02
5.025168008838736000e+02
5.026551656051987607e+02
5.021100186429623591e+02
5.024321677203507761e+02
5.027497505961059687e+02
5.024253848369266393e+02
5.026430920175624237e+02
5.023705508484218853e+02
5.025065070525805595e+02
5.026951204494343415e+02
5.028034054602675837e+02
5.025062220521692780e+02
5.027182460498701175e+02
5.025177286968863086e+02
5.030688266903079011e+02
5.028465645970442210e+02
5.029448933010494329e+02
5.026923954214149148e+02
5.028071207304782888e+02
5.026128295364641190e+02
5.034288042325135848e+02
5.030138728040790284e+02
5.029251665658938464e+02
5.031334671516652293e+02
5.031171129158764188e+02
5.033090086588255190e+02
5.030762892114356646e+02
5.031365030294150529e+02
5.030065848589381972e+02
5.028419149426568424e+02
