5.773440344004097113e+01
8.213206428179292118e+01
8.589292415546209725e+01
8.743182491712421722e+01
9.231993895166868924e+01
9.195023544293107420e+01
9.323062918875110938e+01
9.568105250940951123e+01
9.618578219563421783e+01
9.982223764495431340e+01
9.830297574234579372e+01
1.025085525234281789e+02
1.013694625355890366e+02
1.013191714349583634e+02
1.030457572911353168e+02
1.061341954002666057e+02
1.043587388772210289e+02
1.070421231449281976e+02
1.058360336582592396e+02
1.100950866955039373e+02
1.094529411106038026e+02
1.081311361261567896e+02
1.088475721293237939e+02
1.116960964956315507e+02
1.125868910786396100e+02
1.128944635390447644e+02
1.130233155839764407e+02
1.115482931392845245e+02
1.078939260814115215e+02
1.134777696705850332e+02
1.157872537622937585e+02
1.116177700519813669e+02
1.127054524739918122e+02
1.113675486441029676e+02
1.111116542688843509e+02
1.105820478952497155e+02
1.142926822595679681e+02
1.128752676727632718e+02
1.207394718501118405e+02
1.139695125704812000e+02
1.136113302364461362e+02
1.151475267795093345e+02
1.147285190531317198e+02
1.138066818859232825e+02
1.213902205900648852e+02
1.077094171321324723e+02
1.168409354022166866e+02
1.120460073269261301e+02
1.098719899955443111e+02
1.175131042585581440e+02
1.160230079219117840e+02
1.073041750493494817e+02
1.159484862129013720e+02
1.085976876125734805e+02
1.192765063870947415e+02
1.163332459972744459e+02
1.184250982125351044e+02
1.142503487330405676e+02
1.084841955872339980e+02
1.093280879605126188e+02
1.092207004270051414e+02
1.100637626760184418e+02
1.173230874027255766e+02
1.105904957486233542e+02
1.082652733149704716e+02
1.153946852352614485e+02
1.034318579036643371e+02
1.126198987109545868e+02
9.557057761800706430e+01
1.031621243464002333e+02
1.015422000038406196e+02
1.022894892213221425e+02
9.859024022425397504e+01
1.076829589636522115e+02
9.598271691292973173e+01
9.712769348249652523e+01
1.010847098977709209e+02
9.585212074125118420e+01
9.870396115456560437e+01
9.376775403893766736e+01
9.792331347281300680e+01
9.307310331318002738e+01
9.623111552563820226e+01
9.671442759335543826e+01
