3.897331021681162611e+01
4.461329824736869654e+01
4.388215848847141842e+01
4.372774329920743241e+01
4.327948391052591859e+01
4.333131661950110924e+01
4.323356731775570694e+01
4.184117367801844267e+01
4.253248718779293114e+01
4.205562435203498950e+01
4.215002257212648118e+01
4.111872204629070637e+01
4.153548607777806723e+01
4.157707534944890426e+01
4.171661240321685682e+01
3.988873596394770971e+01
4.075278515229886978e+01
4.120609649245393058e+01
4.134425860406012987e+01
4.026219340205348374e+01
4.027735854243154989e+01
4.070813288631095617e+01
4.068754812171935953e+01
3.993959027176096299e+01
4.012727412843354813e+01
3.962803100577757220e+01
3.954063565675965464e+01
3.993264653073849502e+01
4.140964968534265722e+01
4.012893426977822031e+01
3.947739439820830398e+01
4.006993592378007918e+01
4.005998933574490906e+01
4.034696255235900253e+01
4.074015577798149934e+01
4.002479037140604845e+01
3.998879903591263485e+01
4.036327029385736154e+01
3.868131752708915627e+01
3.988580121199598949e+01
3.913463239401117022e+01
3.909863932030084044e+01
3.916502101818593928e+01
3.816289899389612827e+01
3.816676402085615649e+01
3.917422733800155754e+01
3.866017312940206807e+01
3.873906774643985784e+01
3.928081704194718782e+01
3.895741469978638349e+01
3.827345041742277232e+01
3.906565144592573802e+01
3.821803685738404255e+01
4.013281612305132029e+01
3.872765681413096672e+01
3.907584785676417027e+01
3.721126957663133794e+01
3.821782439161475509e+01
3.960376598765535050e+01
3.801451396390621795e+01
3.890878468291449366e+01
3.823493939734319014e+01
3.850645953244722364e+01
3.870480296306707402e+01
3.883720810865604278e+01
3.748246248717799745e+01
3.832773065069340390e+01
3.815038723206198057e+01
4.008866395072160316e+01
3.918935685839684169e+01
3.890105939073485786e+01
3.770157898375587990e+01
3.838794306337498341e+01
3.764117369993414997e+01
4.023589039053516814e+01
3.907269631821258571e+01
3.848748451771949419e+01
3.913865701955159437e+01
3.962944405477877297e+01
3.930638048838914500e+01
3.914190640458429726e+01
3.836242837642409143e+01
3.798448262028509959e+01
3.771848703539754410e+01
