1.529679743102647933e+02
7.451518817385547777e+01
7.137647618810484573e+01
7.022156282994154708e+01
6.537560921948725934e+01
6.498003140128841437e+01
6.442734080593469059e+01
6.637321592469568543e+01
6.475513898425860759e+01
6.181701996069223526e+01
6.457019976522151694e+01
6.204422217710208542e+01
6.317799306295178496e+01
6.450551935685594174e+01
6.085787307675579427e+01
6.563106925092120036e+01
6.437138884117345583e+01
5.932443744843649114e+01
6.113372598064427876e+01
6.065973363808083008e+01
6.297169709455619824e+01
6.367936736133776066e+01
5.949306711581468932e+01
6.028926694707069345e+01
5.955210992972914852e+01
5.984215505747027208e+01
6.102728008836076867e+01
6.133430080739967138e+01
6.216322531553778674e+01
6.175325697229832400e+01
6.013521917301187614e+01
6.196304552481018391e+01
6.114760596752903865e+01
6.105962819370973449e+01
6.061176916343670484e+01
6.378855153940833844e+01
5.983371830788640722e+01
6.039501464041488532e+01
5.629662516304460951e+01
6.007104871936631696e+01
6.249117685336201333e+01
6.060682375064675398e+01
6.144640595121511950e+01
6.235098810657702018e+01
5.713425967778222514e+01
6.481580042961030586e+01
6.058634943359230363e+01
6.409168117178808188e+01
6.542071401032509925e+01
5.937584753924151926e+01
6.218933991473329570e+01
6.667442803154501973e+01
6.198061063024629647e+01
6.398738592143346438e+01
5.905941048104362068e+01
6.080027383312267375e+01
6.255645148016932922e+01
6.342621146314981928e+01
6.469450374067533005e+01
6.820825303800312156e+01
6.625504355365285392e+01
6.571677325310639617e+01
5.890889141224115377e+01
6.614276008611625457e+01
6.744134915619439141e+01
6.432662608233225399e+01
7.124477743638222194e+01
6.414385998392738486e+01
7.339628908749644154e+01
6.880044044744549581e+01
7.160018161543833060e+01
7.185318716033370379e+01
7.287439982239617109e+01
6.908997662656348382e+01
7.328979637133214453e+01
7.488670897519666880e+01
7.146503009231675208e+01
7.334088426671476668e+01
7.066899460425086943e+01
7.654752557242814248e+01
7.182964700293494786e+01
7.701214242824495670e+01
7.324526030836196355e+01
7.444284583203973682e+01
