1.920587299999999686e+02
1.261997952096609339e+02
1.245420490038227967e+02
1.236424110877486271e+02
1.214062054752318431e+02
1.212711123048099893e+02
1.214263214894093892e+02
1.218459612342254701e+02
1.212682406046874917e+02
1.202881658649488656e+02
1.213431042676741924e+02
1.205658207200412448e+02
1.211806820843380308e+02
1.218706951369821212e+02
1.199612337737551826e+02
1.230149366828667326e+02
1.218865665749966638e+02
1.196982513059982978e+02
1.205333025062730314e+02
1.214236937697403960e+02
1.224646838549060135e+02
1.223270920396492443e+02
1.201482455848795325e+02
1.211823251779335919e+02
1.209893266955585744e+02
1.208758822017880021e+02
1.215558872803798067e+02
1.212769809752191890e+02
1.209468117609815181e+02
1.226169966331300287e+02
1.221165615288829827e+02
1.212529502454209904e+02
1.212071767195537291e+02
1.208227143832041151e+02
1.201882250922342621e+02
1.216698838635181517e+02
1.210060742397346729e+02
1.206384681048848933e+02
1.209941915924760565e+02
1.207894571887301396e+02
1.211589885868113754e+02
1.209301336088337138e+02
1.208376463264440304e+02
1.198846566205148179e+02
1.210651449530202370e+02
1.183738865963136533e+02
1.205993934574869400e+02
1.199525873243928373e+02
1.197458545282170093e+02
1.196700997105389348e+02
1.199056081495317869e+02
1.176984226371550761e+02
1.194788173412674439e+02
1.175963469033352595e+02
1.195410820707200514e+02
1.190307531027309267e+02
1.203721480103777139e+02
1.184863072898763789e+02
1.167286641099970126e+02
1.177306678913861901e+02
1.171070369760692813e+02
1.167957775814131480e+02
1.172050648612740673e+02
1.171503915599851524e+02
1.166055858283717015e+02
1.176561641161507197e+02
1.151549148052114617e+02
1.166136557694187701e+02
1.118402644906355761e+02
1.135654444740454920e+02
1.138295622519008674e+02
1.134484865638735442e+02
1.120560733982053989e+02
1.147943047879229539e+02
1.114475575954125048e+02
1.121530796212322656e+02
1.126214322297409893e+02
1.104274062245530672e+02
1.110834837965653179e+02
1.108883745788846511e+02
1.104876648848300675e+02
1.099476350050208424e+02
1.098292680479240317e+02
1.100348278399013822e+02
