9.795977157930462909e+01
7.594007480209526761e+01
7.456137154315784699e+01
7.396388133302390600e+01
7.199112679126743330e+01
7.186138796261153061e+01
7.156830705248984259e+01
7.185232202808485624e+01
7.129765510722300803e+01
7.027656518266093144e+01
7.142272006043523902e+01
7.017355789540928868e+01
7.094291777329965498e+01
7.134912516230369306e+01
7.004823744683659470e+01
7.183627466132315931e+01
7.131894064055397564e+01
6.919557944707243280e+01
7.010096630273883989e+01
6.992181664893331572e+01
7.106924716083985061e+01
7.123752395250234315e+01
6.941440091467285356e+01
6.971799496163342269e+01
6.948686809126692765e+01
6.927670742995623243e+01
6.993970595130700474e+01
7.002744690417841866e+01
7.056980439795253801e+01
7.051650097558260200e+01
6.957304808486804859e+01
7.033468099473107316e+01
7.007749049289488141e+01
6.989389613991063754e+01
6.996796705768909419e+01
7.110491392507768182e+01
6.971794445742898461e+01
7.007759752021431154e+01
6.821426487801677752e+01
7.001351856080592029e+01
7.099729916306094424e+01
7.030971911711229438e+01
7.051503916388119819e+01
7.076420174162174703e+01
6.903732820474795062e+01
7.142718345867091045e+01
7.038760037934318348e+01
7.142174074171612119e+01
7.204274560379982972e+01
6.980250159975662427e+01
7.048284410956992474e+01
7.176641323697495523e+01
7.075622030515775407e+01
7.125115677685158744e+01
6.964800722351881745e+01
7.034200629927020998e+01
7.085203091271758069e+01
7.106541977152275535e+01
7.134597353563349031e+01
7.278036444512336800e+01
7.212692227549568713e+01
7.153405998315804482e+01
6.920879313983768100e+01
7.209139888285831432e+01
7.255730832288799093e+01
7.168544832271382461e+01
7.365471358857216444e+01
7.125875866799341907e+01
7.373190591675728456e+01
7.254349780844511031e+01
7.386783286835320439e+01
7.372864569371591870e+01
7.371290960308846252e+01
7.311400093566449243e+01
7.436498547139481730e+01
7.487378158367754111e+01
7.374379054527909716e+01
7.395591062747500644e+01
7.322347293972296711e+01
7.539291250534556355e+01
7.360394944297387099e+01
7.541647089761870859e+01
7.389626382989277431e+01
7.445635873827706064e+01
