1.898472889539249664e+01
2.931578513072504322e+01
2.802731380635069414e+01
2.758838185657581121e+01
2.659590614788429974e+01
2.704169234991880799e+01
2.660057684136860345e+01
2.388516212666633720e+01
2.468939329174553876e+01
2.399714612310073036e+01
2.392319429945969489e+01
2.224079364569850270e+01
2.266530995381777203e+01
2.246549058520495024e+01
2.273494203128033320e+01
1.969022525282868941e+01
2.092560468449750033e+01
2.141022347176725660e+01
2.149969669199779077e+01
1.988501705667705011e+01
1.949137422576478329e+01
1.981712612425053166e+01
2.055642476007459152e+01
1.894899351708104973e+01
1.912883473113846478e+01
1.820848028729147572e+01
1.810608706751495589e+01
1.879539959060203103e+01
2.042243203045650901e+01
1.869789172815325884e+01
1.778169318616076922e+01
1.851259049039514437e+01
1.821362209364126983e+01
1.885117296530735587e+01
1.890153173360690531e+01
1.779142807196172171e+01
1.768854894810285927e+01
1.798876890105759330e+01
1.595820681073243108e+01
1.722833651649985143e+01
1.596018937651712122e+01
1.610032343423606349e+01
1.580945209416032782e+01
1.488087616200910368e+01
1.491792593061443029e+01
1.593161703531006879e+01
1.529323440655208266e+01
1.519052412160655940e+01
1.576228141577716535e+01
1.520611705822278736e+01
1.451982553613106575e+01
1.514574309065507052e+01
1.448149180480963949e+01
1.644730854180989255e+01
1.482513881884869278e+01
1.504072767590285231e+01
1.326386126340783100e+01
1.411325302714297614e+01
1.568651774949538513e+01
1.360724996749348392e+01
1.452879219651491383e+01
1.380813129545876272e+01
1.425643674121358195e+01
1.404673360358625267e+01
1.424042037403386018e+01
1.277204865896368702e+01
1.369590815155512864e+01
1.341867099504695027e+01
1.526397959620220668e+01
1.414597560267367449e+01
1.395728058850746400e+01
1.285238227375266007e+01
1.345461953218014806e+01
1.237173874663686846e+01
1.501626676525729387e+01
1.356870601777828256e+01
1.331301600104714211e+01
1.391324026220888577e+01
1.414743351325424925e+01
1.372789093312888831e+01
1.332149868809369408e+01
1.285570314408550097e+01
1.280819665494733783e+01
1.216062993134220704e+01
