5.264827344049818976e+02
5.260403626274517137e+02
5.260843653348219959e+02
5.256486875393521814e+02
5.256367986127686436e+02
5.258217162984641391e+02
5.254550548126018157e+02
5.250060388547946104e+02
5.255942488372736534e+02
5.250810847033809523e+02
5.249937674211404328e+02
5.249367602848075194e+02
5.246561082542149279e+02
5.246047283358799405e+02
5.246776229158116394e+02
5.242269047428144404e+02
5.244361006854867355e+02
5.251132364751273371e+02
5.252268572620839677e+02
5.240349369999521514e+02
5.238991495284728899e+02
5.237607168655816849e+02
5.247855490447933562e+02
5.242530019930106846e+02
5.242373226810939286e+02
5.239151384892381884e+02
5.239477610212354648e+02
5.237433548276162583e+02
5.245776843419084798e+02
5.237262644539350731e+02
5.233813128640339301e+02
5.242508733875329199e+02
5.240810964711434963e+02
5.243556999392307034e+02
5.241793811261110250e+02
5.240466780319591180e+02
5.234960812109894732e+02
5.240765784937437957e+02
5.232808969310509610e+02
5.242408921360217846e+02
5.234716533580580062e+02
5.236980420768044269e+02
5.233287014716727299e+02
5.237639079903310630e+02
5.234175783408206826e+02
5.232392600001253413e+02
5.230430198553709715e+02
5.228819204835090204e+02
5.248065649897048388e+02
5.253910396309396447e+02
5.238049991620606534e+02
5.246055328817212740e+02
5.242199684011236513e+02
5.259387359287696881e+02
5.262213224731526680e+02
5.273676171332371041e+02
5.256056748443745619e+02
5.245600036437599556e+02
5.259737824402270689e+02
5.249559665053162689e+02
5.272404474048048542e+02
5.253520672519929349e+02
5.246522778502388746e+02
5.273898982241769318e+02
5.244218920072843275e+02
5.260940697834181492e+02
5.262306482466859734e+02
5.263627147628378680e+02
5.264038967452705720e+02
5.275048524745136547e+02
5.276268889420682626e+02
5.279745964266422789e+02
5.289521134684993058e+02
5.287308352221773475e+02
5.279044470243317164e+02
5.279285599948302661e+02
5.266730118060431778e+02
5.281762955015195757e+02
5.290782404501708243e+02
5.269637302410658322e+02
5.292837686029605493e+02
5.290992453085927991e+02
5.289684083704004252e+02
5.278400898110370463e+02
