5.016902857057897904e+02
5.014123466643189886e+02
5.016485866758703196e+02
5.016821465988963951e+02
5.017364826368923900e+02
5.018006775040164484e+02
5.017614677640864329e+02
5.017031232759969157e+02
5.019708019408616337e+02
5.018392654730170648e+02
5.019504975440397629e+02
5.018329346000327291e+02
5.017458473236668510e+02
5.018924712122113760e+02
5.019573977451022984e+02
5.017906150996176962e+02
5.019060321888403564e+02
5.021981764505715660e+02
5.022560284199061016e+02
5.017340144999052995e+02
5.018812294793123101e+02
5.018467151393542167e+02
5.022412069806073305e+02
5.021327405615010662e+02
5.022090341337918176e+02
5.019140569196834463e+02
5.021182873682955687e+02
5.019508348305008099e+02
5.022172919407232712e+02
5.018077476814934812e+02
5.017166521219596120e+02
5.022144224076266710e+02
5.021275493937411056e+02
5.023185722761814986e+02
5.022569000219400550e+02
5.023078586655921072e+02
5.021480239164911268e+02
5.022080766039979380e+02
5.020696995922803012e+02
5.023041500269155790e+02
5.019799545969379437e+02
5.021615942312901097e+02
5.019310277927168613e+02
5.023084724723564136e+02
5.020659088437336095e+02
5.016798642128166534e+02
5.020443750903017417e+02
5.018298544802062224e+02
5.023914084190483891e+02
5.023181692614181202e+02
5.018539119068289551e+02
5.020627934953285489e+02
5.021340925799555066e+02
5.025913719159451034e+02
5.028308935272689268e+02
5.031091975534347966e+02
5.024727728187404523e+02
5.020007634619572059e+02
5.026610632133968011e+02
5.020033467408865704e+02
5.028704164123204237e+02
5.021889361902117912e+02
5.019767555217761128e+02
5.028898051526333006e+02
5.019592257047997350e+02
5.024441367540047167e+02
5.023977522389673140e+02
5.026404986189512556e+02
5.026452117934880448e+02
5.028372639631065795e+02
5.026531118516605261e+02
5.030890498683339729e+02
5.031300574739231024e+02
5.035704999358857776e+02
5.029801386292680263e+02
5.031333916106810875e+02
5.024294340336567757e+02
5.029892347206287013e+02
5.033039802882946674e+02
5.028112449063371514e+02
5.035170291513516645e+02
5.034910146716436543e+02
5.031260471303262420e+02
5.028997954311166154e+02
