5.741570483637369762e+02
5.499739508415505043e+02
5.493746066874530243e+02
5.490101794994707234e+02
5.489165265421489721e+02
5.492794518524318619e+02
5.489305318269676945e+02
5.485092209032586652e+02
5.493984326767424591e+02
5.485874330210447170e+02
5.483731231434888969e+02
5.484973809638598823e+02
5.482086923332713013e+02
5.481840521456473425e+02
5.482182759475296052e+02
5.477336526891019730e+02
5.481592691539958651e+02
5.486670156409397805e+02
5.484102866241768197e+02
5.475973815007155281e+02
5.475233842287672132e+02
5.475075345584552906e+02
5.480570521951734690e+02
5.476246255788952340e+02
5.477350503698205557e+02
5.476811060480109745e+02
5.478443138421987442e+02
5.473447470782252822e+02
5.488465750084280899e+02
5.476073059441184796e+02
5.475675180323976292e+02
5.485782206441782591e+02
5.486759716075647475e+02
5.489850805423884594e+02
5.479539142846099367e+02
5.487995587976425895e+02
5.472736795532356382e+02
5.481427673591912253e+02
5.477816485474116917e+02
5.479115140187319639e+02
5.475993566649254944e+02
5.487375460422900915e+02
5.483268148128221355e+02
5.476564743469598397e+02
5.474181527945129346e+02
5.491840034702513549e+02
5.470697266255523346e+02
5.470796777237785591e+02
5.526615470180739749e+02
5.550237922622941369e+02
5.510833673888469093e+02
5.533553195140818843e+02
5.534441849746408479e+02
5.565656391558839005e+02
5.567600562666121959e+02
5.585674700621543707e+02
5.550463657710772623e+02
5.545992725452125569e+02
5.558420917418197860e+02
5.557508562536952468e+02
5.587981524023186921e+02
5.558341817752440193e+02
5.549922509343931551e+02
5.602075678509017962e+02
5.543580472601556721e+02
5.581757436348759711e+02
5.577733380247794912e+02
5.566590557589781838e+02
5.579074230025152019e+02
5.596273595460902470e+02
5.598923453443254630e+02
5.606462951729333781e+02
5.626819553188410055e+02
5.608227898056093181e+02
5.614014574025746924e+02
5.607068610830824582e+02
5.581388303669771176e+02
5.611928351562982016e+02
5.625642864623162041e+02
5.586922020631913028e+02
5.625175917762305744e+02
5.624748623026620180e+02
5.622544413171990527e+02
5.601787293997980441e+02
