3.769293253593793416e-09
3.767709365600006184e-09
3.767866944711390145e-09
3.766306438372791658e-09
3.766263845672580809e-09
3.766926268427648840e-09
3.765612679046295219e-09
3.764003424804703159e-09
3.766111404933332022e-09
3.764272433841311102e-09
3.763959434845736154e-09
3.763755072063550928e-09
3.762748811112686480e-09
3.762564562366653407e-09
3.762825960159616200e-09
3.761209407107636574e-09
3.761959799026427901e-09
3.764387679066257503e-09
3.764794914617408141e-09
3.760520681494370729e-09
3.760033438524848604e-09
3.759536638872812508e-09
3.763212946701703732e-09
3.761303026874626147e-09
3.761246780096728165e-09
3.760090814613825768e-09
3.760207877249060172e-09
3.759474326296958174e-09
3.762467578790949503e-09
3.759412987718966980e-09
3.758174717670251176e-09
3.761295390925644643e-09
3.760686300054754214e-09
3.761671416925783270e-09
3.761038917646090702e-09
3.760562808596268705e-09
3.758586746000941295e-09
3.760670090032637847e-09
3.757814178695980661e-09
3.761259584963360871e-09
3.758499051671736882e-09
3.759311693390486151e-09
3.757985823102464714e-09
3.759548091747908197e-09
3.758304918762430823e-09
3.757664672988005448e-09
3.756959953494118240e-09
3.756381329483078435e-09
3.763288298132721259e-09
3.765383293373993673e-09
3.759695563923886564e-09
3.762567447543194770e-09
3.761184523684367817e-09
3.767345402692697892e-09
3.768357362909884733e-09
3.772459532348453641e-09
3.766152340866216453e-09
3.762404171962863529e-09
3.767470921223035321e-09
3.763823924975109666e-09
3.772004658401414198e-09
3.765243636761161283e-09
3.762735075568502062e-09
3.772539224031614739e-09
3.761908836823234459e-09
3.767901696649357184e-09
3.768390754460319869e-09
3.768863595617344060e-09
3.769011028399250246e-09
3.772950348505992692e-09
3.773386752932931127e-09
3.774629883975236159e-09
3.778122531908692461e-09
3.777332192142004730e-09
3.774379117339916353e-09
3.774465317080764984e-09
3.769974326767426572e-09
3.775350815116738974e-09
3.778572945827288869e-09
3.771014677998655897e-09
3.779306795428646382e-09
3.778647951370858040e-09
3.778180725892922549e-09
3.774149041682267925e-09
