3.679473728255482067e-09
3.678454363210365954e-09
3.679320811528011204e-09
3.679443881403447339e-09
3.679643132055279960e-09
3.679878521203721435e-09
3.679734749079701530e-09
3.679520804311654928e-09
3.680502259111129906e-09
3.680020007968165365e-09
3.680427821381088549e-09
3.679996795543061445e-09
3.679677471340719933e-09
3.680215083372598927e-09
3.680453118302609134e-09
3.679841625466918726e-09
3.680264802163458370e-09
3.681335731545134745e-09
3.681547765756643862e-09
3.679634081612670100e-09
3.680173867146989333e-09
3.680047322310942845e-09
3.681493444617414298e-09
3.681095886663826867e-09
3.681375527150766558e-09
3.680294223025659277e-09
3.681042908667558315e-09
3.680429057915639508e-09
3.681405793395809338e-09
3.679904445145001381e-09
3.679570414661168034e-09
3.681395276104762024e-09
3.681076858592030590e-09
3.681776982543975638e-09
3.681550960186324196e-09
3.681737719278219489e-09
3.681151906778190533e-09
3.681372017627649290e-09
3.680864805200926561e-09
3.681724127752753321e-09
3.680535813072518067e-09
3.681201647143904344e-09
3.680356442121908687e-09
3.681739968770027321e-09
3.680850909461689761e-09
3.679435511640735409e-09
3.680771972230119241e-09
3.679985502094881264e-09
3.682043901516100713e-09
3.681775505582084321e-09
3.680073709202722664e-09
3.680839489496107091e-09
3.681100842431315488e-09
3.682776598286906187e-09
3.683654050191596786e-09
3.684673313281309597e-09
3.682342050686043909e-09
3.680612097970488811e-09
3.683031923583989671e-09
3.680621568110914921e-09
3.683798816331404097e-09
3.681301863782665207e-09
3.680524085184428524e-09
3.683869832171505740e-09
3.680459819781533277e-09
3.682237120336118107e-09
3.682067148479839115e-09
3.682956583719758767e-09
3.682973850908282919e-09
3.683677384485245169e-09
3.683002793383675374e-09
3.684599533691085912e-09
3.684749699477405514e-09
3.686362170430584345e-09
3.684200681816171696e-09
3.684761908486667724e-09
3.682183244397741042e-09
3.684233994935229603e-09
3.685386519574398241e-09
3.683582078252233926e-09
3.686166450158893130e-09
3.686071225037002113e-09
3.684735014266702794e-09
3.683906423391257008e-09
