3.936254868278362842e-09
3.852466939301466292e-09
3.850367219001572977e-09
3.849089938201031198e-09
3.848761625499778344e-09
3.850033751710552997e-09
3.848810724639935613e-09
3.847333436380201609e-09
3.850450711951887477e-09
3.847607722899496649e-09
3.846856100789486083e-09
3.847291912519874097e-09
3.846279313686794144e-09
3.846192873878170227e-09
3.846312933270621840e-09
3.844612493029937510e-09
3.846105931141627049e-09
3.847886795641797369e-09
3.846986450121264962e-09
3.844134210838579139e-09
3.843874471599004377e-09
3.843818835085785195e-09
3.845747316772771730e-09
3.844229836378356965e-09
3.844617398276582743e-09
3.844428072812866565e-09
3.845000845802223125e-09
3.843247361579988760e-09
3.848516382968873917e-09
3.844169045482461941e-09
3.844029388619470281e-09
3.847575416507613605e-09
3.847918200304468154e-09
3.849001953268374282e-09
3.845385437472219230e-09
3.848351540423679105e-09
3.842997848868136717e-09
3.846048039090804353e-09
3.844780933871049591e-09
3.845236658063125018e-09
3.844141143659772975e-09
3.848134108010748432e-09
3.846693670103287656e-09
3.844341621165462496e-09
3.843505066498839209e-09
3.849699226672949849e-09
3.842281695571138739e-09
3.842316640612725713e-09
3.861868527287160151e-09
3.870113132963803926e-09
3.856350611740800621e-09
3.864291726323798173e-09
3.864602004607864909e-09
3.875484959901494897e-09
3.876161784653294663e-09
3.882448291424246611e-09
3.870191833323819671e-09
3.868632787766754134e-09
3.872965033352592909e-09
3.872647167576077774e-09
3.883249913300716188e-09
3.872937475946085022e-09
3.870003164487368889e-09
3.888144046927714953e-09
3.867791357213728753e-09
3.881086661522932457e-09
3.879687413484057558e-09
3.875810186096487020e-09
3.880153710907343378e-09
3.886130045317045295e-09
3.887049985508873209e-09
3.889666251617739369e-09
3.896721380868763920e-09
3.890278447936336421e-09
3.892284962043140139e-09
3.889876343806604161e-09
3.880958327425684492e-09
3.891561689353322224e-09
3.896313915586655027e-09
3.882881756080101215e-09
3.896152208795928763e-09
3.896004227917738877e-09
3.895240775808564625e-09
3.888043968401923712e-09
