3.897341382795387688e+01
4.402828371358653214e+01
4.453827756970550666e+01
4.405123448750759252e+01
4.371705486765796422e+01
4.342056390388513876e+01
4.310418067795508534e+01
4.218217015247888924e+01
4.264282011892638025e+01
4.208135158774641837e+01
4.181859681584206356e+01
4.099566213559158001e+01
4.075011495361046343e+01
4.075510991298646957e+01
4.101372767055153901e+01
3.975657689461034039e+01
3.997083783932165346e+01
4.112149429419321933e+01
4.136674571479310458e+01
3.850845013723284893e+01
3.874256332090377697e+01
3.841662453733773930e+01
3.976191818677287415e+01
3.951268127542184061e+01
3.933423084436385864e+01
3.825089648043946511e+01
3.790085663250746251e+01
3.782517122998878278e+01
3.765102809310673138e+01
3.697135930956228123e+01
3.687937334014831947e+01
3.784704366745813076e+01
3.725945485815341129e+01
3.779252145363109605e+01
3.787384277269490696e+01
3.677532504386850576e+01
3.689060529478687300e+01
3.633809189589270972e+01
3.576620102960190906e+01
3.682144660760953769e+01
3.589959708543263872e+01
3.517213018416025250e+01
3.480868864530815188e+01
3.524221708506508577e+01
3.431711588059214790e+01
3.413627435473041061e+01
3.415808419410814878e+01
3.357998850917380196e+01
3.480158073418819953e+01
3.525085421896770299e+01
3.434940467552024046e+01
3.507068379158341997e+01
3.314868638916592403e+01
3.616206121832628639e+01
3.581249131807788189e+01
3.723699308609112535e+01
3.514434458441903786e+01
3.233190905570909734e+01
3.540741779395744970e+01
3.237190403016749229e+01
3.619935456521297823e+01
3.283230047154409448e+01
3.185219437090170658e+01
3.482790490717972176e+01
3.203371401636569971e+01
3.254542784214427087e+01
3.434801531586492729e+01
3.444654619476362711e+01
3.374693695012811645e+01
3.524226167162257894e+01
3.443108805210670198e+01
3.498780231171147648e+01
3.554045428475145485e+01
3.666607231864965399e+01
3.387950379472514584e+01
3.478308979630926956e+01
3.293588992868900789e+01
3.511878402085083906e+01
3.594789153854606667e+01
3.284680527780092518e+01
3.549199595137943675e+01
3.592549939444205620e+01
3.551640184243404974e+01
3.334821737924829677e+01
