1.920587299999999686e+02
1.251267647045239499e+02
1.211463348036990766e+02
1.197628359762180281e+02
1.187328767688729272e+02
1.197045966757323470e+02
1.172868957071857068e+02
1.169352021159651542e+02
1.185917455243265408e+02
1.163502284715656003e+02
1.158818381793617220e+02
1.171155836120029505e+02
1.162584066033016938e+02
1.150454893373455576e+02
1.145938253365793429e+02
1.154973137298322001e+02
1.144148492261085295e+02
1.134079159340173675e+02
1.138208786273949471e+02
1.153345184085505082e+02
1.144729777654918053e+02
1.142721922666129188e+02
1.139283166134421350e+02
1.131946202010519613e+02
1.135309807213351831e+02
1.134864188061368964e+02
1.138967409587648092e+02
1.126248640652591320e+02
1.143008928566145954e+02
1.128369592587777817e+02
1.124029564604221179e+02
1.117296563270362668e+02
1.125132126874714942e+02
1.110587417195333728e+02
1.106884122301219691e+02
1.119762064590450876e+02
1.114549803516879791e+02
1.118556603279935047e+02
1.116548717472113310e+02
1.119989205813693047e+02
1.104739402019303327e+02
1.109540544900661843e+02
1.101806853941122029e+02
1.115080580140702011e+02
1.120333435725161024e+02
1.090848350898125005e+02
1.112804142328597550e+02
1.109693358999612229e+02
1.080060448885590318e+02
1.048742617545448752e+02
1.066587741427246669e+02
1.050012079954992004e+02
1.051457563767260410e+02
1.027684251946792244e+02
1.019985838393993589e+02
1.007378606750108787e+02
1.042410318590517733e+02
1.048564717559165302e+02
1.031330418058945497e+02
1.023874251644347737e+02
9.981677739154601170e+01
1.027104202219300788e+02
1.039993140425076348e+02
9.876064829642781717e+01
1.036850452945542855e+02
1.008086535912688362e+02
1.001744462481913587e+02
1.015786952612807568e+02
1.010389876961309596e+02
9.821227951828068115e+01
9.795953271502438042e+01
9.800795617024519402e+01
9.502801895339105442e+01
9.695347969705407820e+01
9.557637840491319992e+01
9.720810243288724450e+01
9.901610191846707210e+01
9.616222232508542334e+01
9.515714284930588462e+01
9.989747549237232249e+01
9.660328084696990913e+01
9.442941878055540883e+01
9.522156664140779014e+01
9.726537212002139654e+01
