9.796021591307129484e+01
7.510171951942717783e+01
7.214350240650320245e+01
7.144502506917143592e+01
7.103414332614599402e+01
7.145070153736334362e+01
6.981559108674306913e+01
6.969731305688598866e+01
7.091619515689103537e+01
6.914903243860159421e+01
6.912771928930708043e+01
7.003129205176146854e+01
6.922796913459094981e+01
6.904635258256479347e+01
6.840844915889563538e+01
6.910830507291520064e+01
6.885694257685479158e+01
6.852575441047451932e+01
6.807177874342664836e+01
6.883397123676299145e+01
6.843312500988123759e+01
6.797654912947078287e+01
6.834967782225832877e+01
6.760071272254720043e+01
6.792488188594687415e+01
6.795163614306409272e+01
6.876303740225574757e+01
6.710550581290530658e+01
7.066793401341610092e+01
6.710862820468530288e+01
6.699590767057870266e+01
6.836126894303825452e+01
6.896976824466962341e+01
6.854430192728517568e+01
6.635558204310351016e+01
6.929453553292377421e+01
6.587507266624530189e+01
6.803079906227448248e+01
6.691877078134005785e+01
6.671911443417866394e+01
6.553211489103095744e+01
6.842142019701975642e+01
6.698628530970258055e+01
6.622398675247835342e+01
6.610747607386488767e+01
6.743212584880335214e+01
6.464230559063874182e+01
6.447183353684135909e+01
7.308224761992903495e+01
7.341995277374454076e+01
6.907347044288133020e+01
7.120374081171493685e+01
7.252585680949255220e+01
7.425273291729241976e+01
7.429912637006542298e+01
7.560817899562842115e+01
7.278971520590073396e+01
7.319316131801591041e+01
7.337238343919997874e+01
7.296076067041754243e+01
7.473995822574175918e+01
7.347235399229973041e+01
7.260578932857153234e+01
7.605008464262925827e+01
7.136976520052157014e+01
7.512270664243429508e+01
7.370832890097766210e+01
7.329449843196354664e+01
7.448884927475931761e+01
7.443391410404028363e+01
7.484240858721216227e+01
7.561363327600511752e+01
7.635470163878828487e+01
7.495355737677439834e+01
7.550911738321572386e+01
7.554036413838998953e+01
7.272770577253702129e+01
7.484100369601338798e+01
7.540411026008418105e+01
7.462842229943503014e+01
7.697527221650969409e+01
7.515930081380896866e+01
7.493984745236052447e+01
7.422802359424495933e+01
