-3.494705827253912767e-01
-2.581219093841798928e-01
-2.523312663840554526e-01
-2.528329249899483600e-01
-2.532558652024333723e-01
-2.541817427930242457e-01
-2.499950829896462889e-01
-2.503316548655248885e-01
-2.520518008738497628e-01
-2.489930116836441276e-01
-2.488071600022634666e-01
-2.511330494543135283e-01
-2.505138498352485477e-01
-2.483610216768711854e-01
-2.467039947800269695e-01
-2.512312584768470192e-01
-2.472644522496050268e-01
-2.434657944231515547e-01
-2.451992512946364611e-01
-2.517033010457731534e-01
-2.509252971123101528e-01
-2.502314326649565657e-01
-2.469988601198508105e-01
-2.476563628637837855e-01
-2.481127586051308231e-01
-2.487700558831778819e-01
-2.500119468567216230e-01
-2.476219754680393792e-01
-2.497862054748471727e-01
-2.470334789058347413e-01
-2.474670317901692118e-01
-2.435593272261333819e-01
-2.460371218690698969e-01
-2.411422659264747248e-01
-2.411984027943556985e-01
-2.456583506710322551e-01
-2.462564897101138794e-01
-2.456377752426973649e-01
-2.467394676397763054e-01
-2.453675190588184563e-01
-2.427052257702530247e-01
-2.435228128573253270e-01
-2.412599895140845607e-01
-2.452788530284787105e-01
-2.474855112957091707e-01
-2.381327617575050015e-01
-2.473070001067569634e-01
-2.459972913708003972e-01
-2.345622277084097873e-01
-2.249293270954940138e-01
-2.300391848254152438e-01
-2.251178916352533921e-01
-2.287425437362280156e-01
-2.213665600797303512e-01
-2.188031822323134035e-01
-2.177551343087684721e-01
-2.224207564851017616e-01
-2.274438758873759958e-01
-2.203534506997383846e-01
-2.201993329179993408e-01
-2.130166992872621068e-01
-2.216394858091240705e-01
-2.240685296537042459e-01
-2.139367017131368065e-01
-2.222865671378833896e-01
-2.178948146908855077e-01
-2.149081440628188566e-01
-2.163497067231915094e-01
-2.169340301304220897e-01
-2.086561540727562558e-01
-2.094934139793073746e-01
-2.096279912015141245e-01
-2.048854989243884539e-01
-2.047087049535483150e-01
-2.066246073149756723e-01
-2.086551181472325878e-01
-2.097780776425318683e-01
-2.056476419375494469e-01
-2.033013210164274220e-01
-2.141547304959052489e-01
-2.077631118047906233e-01
-2.014635284674075599e-01
-2.029425506022963510e-01
-2.053643631504606937e-01
