3.693865201771061422e-09
3.696523177703133752e-09
3.698024078677544162e-09
3.699434451187631684e-09
3.699746871384652869e-09
3.700468599491511512e-09
3.701400208731984609e-09
3.702290002803683235e-09
3.703220623059182976e-09
3.703617793318622102e-09
3.703756234143261244e-09
3.704194568131040925e-09
3.704724072786506101e-09
3.705072061228967860e-09
3.705804836880791882e-09
3.705930582555259286e-09
3.706258053856015107e-09
3.706367272978350992e-09
3.706612306359789506e-09
3.707338221667744254e-09
3.707966549935812960e-09
3.708704301179254272e-09
3.707894317849988756e-09
3.708631133813375531e-09
3.709440300124477505e-09
3.709568588174173092e-09
3.710037541967580550e-09
3.709871459499332412e-09
3.709670052039362605e-09
3.710848877320222505e-09
3.711398477127909051e-09
3.710818377281300552e-09
3.711660691208116263e-09
3.711451803772416528e-09
3.711473328561514254e-09
3.712164155354212109e-09
3.712857937699467059e-09
3.711808218069470628e-09
3.713572261962470458e-09
3.713020792735634836e-09
3.713191543664163108e-09
3.713111445863149256e-09
3.713425559159713267e-09
3.713797231758267107e-09
3.714018955279749960e-09
3.714830265231072826e-09
3.715068115971922385e-09
3.714970281998075087e-09
3.714162906967783619e-09
3.715469226514944434e-09
3.715596852916269607e-09
3.715986438085073541e-09
3.715209744100641299e-09
3.716682521504537401e-09
3.715522785204363972e-09
3.715228185938354391e-09
3.717277353488901611e-09
3.717723711131117420e-09
3.716902345757515316e-09
3.718017177241039362e-09
3.717732626881415016e-09
3.717711284160623657e-09
3.720041580399672077e-09
3.718690452699915292e-09
3.719729761068051990e-09
3.720211576078480568e-09
3.719619804465989447e-09
3.718680510699509650e-09
3.720267998525996201e-09
3.720214862836406515e-09
3.719415547388570325e-09
3.720997312670386431e-09
3.720318370381437598e-09
3.719808233114151345e-09
3.721351827524372773e-09
3.721501501241187904e-09
3.721023451360361282e-09
3.722368755205608744e-09
3.722583287717913903e-09
3.722646029700104488e-09
3.722475560782658260e-09
3.722850208615117805e-09
3.722888237781078257e-09
3.722494293019997867e-09
