3.807642169560299577e-09
3.810700418697807915e-09
3.812421238894976136e-09
3.814077028216984407e-09
3.814678425343325675e-09
3.815301631329545049e-09
3.816502926622904690e-09
3.817310313542787121e-09
3.818427982487479458e-09
3.818795070879153866e-09
3.819052295600004089e-09
3.819193248721748415e-09
3.819978414186466159e-09
3.820095125000121357e-09
3.821002865537949241e-09
3.821046055758470501e-09
3.821261630392877826e-09
3.821262320464507917e-09
3.821907289916098050e-09
3.822472893544166782e-09
3.823298267087706513e-09
3.824121889471012381e-09
3.823192409183032267e-09
3.824006302595182775e-09
3.824716004940713371e-09
3.824873199360442596e-09
3.825130138440304433e-09
3.825149946416571028e-09
3.824653298763156368e-09
3.826169419975768296e-09
3.826866683210115218e-09
3.826225694434874221e-09
3.827017061397048930e-09
3.826864345709204781e-09
3.826894407010734088e-09
3.827489241140392458e-09
3.828314922324168642e-09
3.827333985659246534e-09
3.829205436954542885e-09
3.828645080916927653e-09
3.828951768505333357e-09
3.828856036068508662e-09
3.829383450031937163e-09
3.829446795466039489e-09
3.829813965992662452e-09
3.830771945049236971e-09
3.831035019159542086e-09
3.830871776157154306e-09
3.830096290865831924e-09
3.831501629631669994e-09
3.831742978053727030e-09
3.832281686771675996e-09
3.831538809354685032e-09
3.832865350706664106e-09
3.832011655976709551e-09
3.831671625993588636e-09
3.833659609550028940e-09
3.834135756179571928e-09
3.833685404524654381e-09
3.834526446621407773e-09
3.834121663530947358e-09
3.834398264825561608e-09
3.836612381876447539e-09
3.835375244200291564e-09
3.836653784761383817e-09
3.836614272490772187e-09
3.836864978376889844e-09
3.835646716826405727e-09
3.837293210156060569e-09
3.837253949961659948e-09
3.836714349354430014e-09
3.837880373501002011e-09
3.837164355845284365e-09
3.837215735465261214e-09
3.838680221370060046e-09
3.838789049244949789e-09
3.839112292250995080e-09
3.839821455107403664e-09
3.840256894452977246e-09
3.839864862600206430e-09
3.839710345389842319e-09
3.840751447631444049e-09
3.841024935627596199e-09
3.840844660902208604e-09
