5.057926621480513774e+01
5.068502220271242464e+01
5.106116241719671223e+01
5.163311685068719470e+01
5.143312291890214993e+01
5.152558685670623362e+01
5.179345900879924613e+01
5.201471607638484329e+01
5.239751792964132449e+01
5.239528827108745190e+01
5.215138330485034146e+01
5.229345580412933714e+01
5.259032856400438050e+01
5.244858624180688622e+01
5.281004188134237154e+01
5.280840005426213679e+01
5.263454852598110989e+01
5.246265499804303545e+01
5.268041079655787939e+01
5.309381627782165936e+01
5.333067307084378683e+01
5.363354925963250963e+01
5.276218700076154278e+01
5.330730390291978438e+01
5.367621245885336378e+01
5.375113983705046650e+01
5.365128756835014201e+01
5.351189546749382941e+01
5.308161844218999192e+01
5.389778326753885551e+01
5.438127236440502088e+01
5.337359633210039078e+01
5.400958258064917317e+01
5.340743808776109347e+01
5.335355408922902143e+01
5.374613397648097646e+01
5.429230780114836108e+01
5.330155807861019213e+01
5.447544070846079478e+01
5.394125004392566325e+01
5.400745101628857725e+01
5.358401202861284673e+01
5.385279814201132353e+01
5.363209250306717024e+01
5.392366959683077710e+01
5.469530121510837262e+01
5.445866411150770148e+01
5.433969336626665836e+01
5.361537595252880095e+01
5.450988989633157900e+01
5.462129511134332915e+01
5.481099096751909627e+01
5.385935629223813237e+01
5.507004563029561695e+01
5.348089948097176460e+01
5.333438790840772725e+01
5.492755186765369757e+01
5.542763551034447289e+01
5.432704323936366109e+01
5.512578078726176756e+01
5.465772019047665253e+01
5.480215465591584234e+01
5.648987423897911242e+01
5.498706262144620638e+01
5.592691359248673422e+01
5.606219587212086708e+01
5.583025923572176907e+01
5.449929164694061967e+01
5.576908803801189407e+01
5.558717058618425000e+01
5.512314177586368658e+01
5.570013051882384758e+01
5.536194453557853024e+01
5.417140500004951065e+01
5.563490655215895941e+01
5.569050026485427907e+01
5.539076143010259301e+01
5.638053603410917702e+01
5.630607587944825809e+01
5.603132683254943203e+01
5.588792527156255119e+01
5.586461651586521526e+01
5.634254708907761966e+01
5.544390842296382260e+01
