1.019468180655790661e+02
1.022103524159747820e+02
1.025677194773297458e+02
1.031973627883726721e+02
1.032435555044446005e+02
1.034420829851774641e+02
1.037735898447450893e+02
1.040364025964574921e+02
1.045092147517761134e+02
1.044643110401584778e+02
1.043830432244604225e+02
1.045013264164122546e+02
1.048234944206085828e+02
1.047002488581555184e+02
1.049643008559125548e+02
1.050430143605885576e+02
1.047928068158274328e+02
1.045710929823907804e+02
1.049524402255278090e+02
1.054154552307309274e+02
1.056386025943682938e+02
1.059481097990213527e+02
1.051998984533615555e+02
1.056287270569013970e+02
1.059846143968578218e+02
1.060411403006988138e+02
1.061121880733232530e+02
1.057146827617924458e+02
1.058127980168943054e+02
1.060912052385473601e+02
1.065325305427878391e+02
1.059613858125028543e+02
1.066073019020535924e+02
1.059484172496963481e+02
1.057440387250851330e+02
1.064567294841461518e+02
1.065234448895399595e+02
1.060948414829582589e+02
1.069358469745555738e+02
1.066060309942670870e+02
1.063722699507550402e+02
1.065937267947890916e+02
1.065147774207474356e+02
1.065141715161015838e+02
1.069520381832325739e+02
1.069275737916250222e+02
1.070693025609247968e+02
1.070129804059263421e+02
1.069572584487536488e+02
1.071312939719273913e+02
1.068369302118348685e+02
1.071649796628028355e+02
1.069409177515323393e+02
1.076057226088599776e+02
1.068167749798236201e+02
1.068303347500513070e+02
1.074571218769120406e+02
1.079845221569550233e+02
1.073482027795482026e+02
1.075683931929711576e+02
1.073153269844867737e+02
1.074991432857519129e+02
1.083524979124869105e+02
1.079463150542968322e+02
1.080669854089242961e+02
1.081866379930307289e+02
1.081942208222611583e+02
1.074693246231421000e+02
1.083670953572949571e+02
1.079509478398713327e+02
1.078514226477328890e+02
1.082439331532577143e+02
1.080395186481969461e+02
1.075076893121333228e+02
1.080016980890989942e+02
1.082698800085175606e+02
1.079921993883884852e+02
1.084515827364905221e+02
1.086226362613510048e+02
1.085129279666495563e+02
1.087017864763475927e+02
1.082751827046045179e+02
1.087849953199582274e+02
1.082894391655197097e+02
