-2.226623131280300316e-01
-2.252909862448700395e-01
-2.279700883167332659e-01
-2.315254854034983767e-01
-2.340929441069619921e-01
-2.362706561548643946e-01
-2.390675323373041283e-01
-2.416904372267880963e-01
-2.447947129441239156e-01
-2.460281096809997792e-01
-2.472248161417968937e-01
-2.490252925517811577e-01
-2.517147653462544765e-01
-2.524216215819979348e-01
-2.545380934631432113e-01
-2.567000039130349909e-01
-2.564799737101091104e-01
-2.571031653164573272e-01
-2.603625758823884806e-01
-2.633187968135607404e-01
-2.651161939539363188e-01
-2.653004598973601191e-01
-2.638196160658252132e-01
-2.651116898568707247e-01
-2.655242434666139628e-01
-2.662292137018267280e-01
-2.656594233279878092e-01
-2.649207664046096533e-01
-2.658103936839713577e-01
-2.654691745047739748e-01
-2.670336599887491169e-01
-2.653137817961145339e-01
-2.671278397360064560e-01
-2.647174985148428861e-01
-2.643625184713018772e-01
-2.663142031248127428e-01
-2.661729513174600492e-01
-2.661060956867782323e-01
-2.668710528772808566e-01
-2.667302129664617105e-01
-2.659783579242492313e-01
-2.666755410572811402e-01
-2.663096944434266700e-01
-2.655788927207072270e-01
-2.675318060437992806e-01
-2.671096786709287185e-01
-2.670419752757718368e-01
-2.673921367877347688e-01
-2.685887311391374488e-01
-2.675098988222371355e-01
-2.667574956293643496e-01
-2.674917642846890709e-01
-2.674004363029992004e-01
-2.687053293199865855e-01
-2.663718837088807634e-01
-2.674264497510389638e-01
-2.676827797010450372e-01
-2.695632421671710355e-01
-2.677532698900001451e-01
-2.675698532344067959e-01
-2.672458084276037038e-01
-2.681999141305669299e-01
-2.688635631728699682e-01
-2.685997545030898714e-01
-2.679804955252877985e-01
-2.683744613483452501e-01
-2.692661306137767441e-01
-2.674446810666203378e-01
-2.690378899484990316e-01
-2.678216943248543647e-01
-2.688217131681697181e-01
-2.680569357494658189e-01
-2.687882769244560599e-01
-2.661167188256257643e-01
-2.668197166601221082e-01
-2.678874795866365566e-01
-2.671866643604458580e-01
-2.679641837010540706e-01
-2.682426647687021770e-01
-2.679032726853790014e-01
-2.691478947202607386e-01
-2.664498725785983124e-01
-2.688514119180331341e-01
-2.669279381115141625e-01
