2.808283568597570223e+00
2.753250736897810302e+00
2.671712006172768383e+00
2.571560307090927200e+00
2.488309463709788893e+00
2.423056599903926855e+00
2.357893380687968943e+00
2.304380020858145972e+00
2.250655009654267236e+00
2.206119310267016687e+00
2.155465397060542632e+00
2.107333203882217010e+00
1.214547099022372051e-26
1.377034133614592330e-16
2.996037639790454087e-16
2.102770969632300762e-15
3.224303458393568037e-34
2.363202540869488366e-16
8.110369753783090604e-31
5.465797632937387068e-28
3.614883091124149033e-14
2.371322761617011879e-34
9.325151605349069220e-36
3.784228578780776090e-36
