4.519290713125732140e+01
4.513774855946643783e+01
4.522246188207540030e+01
4.536504686013324772e+01
4.548501481584538197e+01
4.568824649168175966e+01
4.585836699591339283e+01
4.595217008167724515e+01
4.607572922175513952e+01
4.627690302767435782e+01
4.640498069018158134e+01
4.656588827821518350e+01
6.463730387009438516e+01
6.551547013111978401e+01
6.596489352823806485e+01
6.636048399845790868e+01
6.687792551806791153e+01
6.810003520797013721e+01
6.865687191053632432e+01
6.948981500466618400e+01
6.960303426241604541e+01
7.034555695087426841e+01
7.171804034705797903e+01
7.236363630843810313e+01
