1.324216581586672703e+02
1.322853100362727332e+02
1.312913754021064392e+02
1.303442940230691249e+02
1.295800758765587659e+02
1.289912306240882742e+02
1.285620556299744806e+02
1.283313094950291884e+02
1.281559774678094641e+02
1.279909840973651853e+02
1.279182640118122691e+02
1.279001029301673213e+02
1.312329845180357211e+02
1.310242522217293981e+02
1.306295799524796735e+02
1.304847145307361131e+02
1.307158445034555712e+02
1.304642961715612444e+02
1.303187464732652643e+02
1.299312429502894304e+02
1.300398488933452654e+02
1.297849402838392905e+02
1.294380644624792467e+02
1.291911484863198893e+02
