5.415396933524731367e+02
5.415782302834782058e+02
5.415633900415731432e+02
5.415848570319013788e+02
5.416157002063398522e+02
5.416953957692791164e+02
5.417725903259141660e+02
5.418453886717309160e+02
5.419371531915680862e+02
5.420630968535699594e+02
5.421697563122421570e+02
5.422957929971165640e+02
5.544001703584500547e+02
5.549893509297003220e+02
5.552873880943922131e+02
5.555962360717255706e+02
5.559839152908554070e+02
5.565525419871887607e+02
5.568900192108824285e+02
5.572750805375060281e+02
5.575180668125769898e+02
5.578942538971243721e+02
5.584175418325975215e+02
5.587961300486424534e+02
