5.024698897378585229e+02
5.025559932655810940e+02
5.026624379341348003e+02
5.028037107123332703e+02
5.029428192545400407e+02
5.031069636249349628e+02
5.032582253386948423e+02
5.033946560618514354e+02
5.035420737968628373e+02
5.037195774222862497e+02
5.038844484071470902e+02
5.040493987455930096e+02
5.154700165216552250e+02
5.160281710227872054e+02
5.163249517088204357e+02
5.166203109157556810e+02
5.169913024475665679e+02
5.174715752503522026e+02
5.177963152859123284e+02
5.181788687446023687e+02
5.184082529489044191e+02
5.187288089724847850e+02
5.191765130615946191e+02
5.194910534438412242e+02
