4.749999999999999432e+02
4.749999999999999432e+02
4.749999999999998863e+02
4.749999999999999432e+02
4.749999999999979536e+02
4.749999999999807301e+02
4.749999999999973852e+02
4.749999999999999432e+02
4.749999999999999432e+02
4.749999999999997726e+02
4.749999999999999432e+02
4.749999999999928946e+02
4.749376502445404071e+02
4.550158058786731772e+02
4.602960914236243752e+02
4.550084663858664271e+02
4.739192071516225724e+02
4.749989043720723885e+02
4.614892783460287546e+02
4.749962731849836928e+02
4.561881377486864153e+02
4.720087862141735400e+02
4.616248491668438874e+02
4.609382523387327524e+02
