2.263760400590810207e+01
2.252887641946121633e+01
2.236209499131622991e+01
2.214543440679962316e+01
2.198166523819825713e+01
2.187721302330153961e+01
2.180391881092555906e+01
2.174847749092126037e+01
2.171027110419401041e+01
2.170769460126503603e+01
2.167967406195279878e+01
2.169229917296978627e+01
7.608066715500407362e+00
5.184017818801285671e+01
5.991277954070652356e+01
5.812850958639506160e+01
1.200635991553098414e+00
5.128175892248189882e+01
5.970500000013945652e+01
5.970499999999999119e+01
1.295000000000001705e+00
1.277199834971477932e+00
5.967847902424134787e+01
5.970204033985102399e+01
