5.135953464242015087e+01
5.141970733774791569e+01
5.144698078141447439e+01
5.152750220593074459e+01
5.162871237236686994e+01
5.181684970765935816e+01
5.199889938582676763e+01
5.216123639226302089e+01
5.235582778089255385e+01
5.261343568303814067e+01
5.283774028405863987e+01
5.307938952521882214e+01
6.538861504502166611e+01
6.597650862175414943e+01
6.623760710890051939e+01
6.652908779644701553e+01
6.689867891767781316e+01
6.754177729785055817e+01
6.788253260447832815e+01
6.835661972044668744e+01
6.849674266785089571e+01
6.883582660968654920e+01
6.951723225158654884e+01
6.981013433240049437e+01
