1.071617126720865798e+02
1.071368367664941843e+02
1.068931951485469369e+02
1.066963276959287441e+02
1.065412734306422493e+02
1.065309786100489902e+02
1.065618423575568414e+02
1.065819103625596966e+02
1.066373809931537835e+02
1.067477028001126627e+02
1.068367145000278668e+02
1.069641079649113493e+02
1.169716033278587020e+02
1.176812730625742915e+02
1.179591787605304631e+02
1.183518245856162991e+02
1.188517174971572672e+02
1.197550527604355324e+02
1.201877831813939395e+02
1.207636529142075830e+02
1.210027539421217710e+02
1.215200310345432939e+02
1.224061263283286394e+02
1.229354408185533316e+02
