-1.089700735223123329e-01
-1.074606491850658430e-01
-1.053315478443370562e-01
-1.033711842491090716e-01
-1.015910476235030585e-01
-1.002195659923501431e-01
-9.902894069220052886e-02
-9.796731774707090334e-02
-9.704061086273245429e-02
-9.633750289838938219e-02
-9.560118523342914232e-02
-9.507222577033844213e-02
-1.520353335636288050e-01
-1.524253651770847151e-01
-1.519203850933687205e-01
-1.514364888802903208e-01
-1.526100600247985994e-01
-1.543777802941178057e-01
-1.547367525628315366e-01
-1.551930404541222719e-01
-1.551875378497013791e-01
-1.558356442866356550e-01
-1.581342505288584332e-01
-1.586130506416623676e-01
