1.371591763823435528e+01
1.373158502879759268e+01
1.363671228127184243e+01
1.362899633859116300e+01
1.324319848786260856e+01
1.286773352633300505e+01
1.267820433242310685e+01
1.228666288196341760e+01
1.199617062942095203e+01
1.191274761356130618e+01
1.140180137338516353e+01
1.159152050207501894e+01
1.114410993790063564e+01
1.083826594580641967e+01
1.055488117531783487e+01
1.021284980799338271e+01
9.833464706442565983e+00
9.603185045445485457e+00
9.242779407301368266e+00
9.208008691658870148e+00
9.181389355511560879e+00
9.061174997358682148e+00
8.823785360808743761e+00
8.779265061587278041e+00
