8.671526212884394624e+01
8.386695976843228095e+01
8.268629652788018802e+01
8.232515940100661567e+01
8.260615822161118160e+01
8.337892033240095202e+01
8.370367661883186372e+01
8.504691621919229760e+01
8.576123196209741195e+01
8.645318683673099258e+01
8.729400322302589643e+01
8.755269643008374203e+01
8.886483314203766781e+01
9.072598724587571439e+01
9.133270443985762199e+01
9.309135176560157277e+01
9.473338748960547662e+01
9.580012438024562016e+01
9.800041046414315815e+01
9.778417125652387654e+01
9.864131951881181237e+01
9.819579447448361975e+01
9.996282281873482134e+01
1.012580666604253565e+02
