1.499683999999841149e+02
1.499683999999998889e+02
1.499683999999983257e+02
1.499683999981368174e+02
1.499683999999999742e+02
1.499683999997379260e+02
1.499683999999982404e+02
1.499683999999970752e+02
1.499683999992137444e+02
1.499683999991263761e+02
1.499683999999999742e+02
1.499683999999998889e+02
1.499683999999948014e+02
1.499683999992102486e+02
1.499683999999374180e+02
1.499683999997171213e+02
1.499683999998635784e+02
1.499683999999996331e+02
1.499683999999990931e+02
1.499683999999999742e+02
1.499683999999989794e+02
1.499683999999999742e+02
1.499683999997470778e+02
1.499683999999971604e+02
