1.371625961294078166e+01
1.373158684243083982e+01
1.363671148026425861e+01
1.362899685396332394e+01
1.324320002337399771e+01
1.286773130251094344e+01
1.267820531125803463e+01
1.228665819744029619e+01
1.199617125311042898e+01
1.191274451032377613e+01
1.140180263640305647e+01
1.159152175617508185e+01
1.114410934995448343e+01
1.083826531924144909e+01
1.055488608187405042e+01
1.021284851774393942e+01
9.833465377676045449e+00
9.603184371378473472e+00
9.242778697379863573e+00
9.208010644846719828e+00
9.181386587028317336e+00
9.061174381381086107e+00
8.823783955793308209e+00
8.779267498836059502e+00
