1.499683999999999742e+02
1.499683999999999173e+02
1.499683999999983257e+02
1.499683999981363343e+02
1.499683999999999742e+02
1.499683999997380113e+02
1.499683999999982404e+02
1.499683999999970752e+02
1.499683999992131760e+02
1.499683999991274561e+02
1.499683999999999742e+02
1.499683999999998889e+02
1.499683999999948014e+02
1.499683999992098791e+02
1.499683999999371906e+02
1.499683999997174340e+02
1.499683999998635215e+02
1.499683999999996331e+02
1.499683999999990931e+02
1.499683999999999742e+02
1.499683999999989794e+02
1.499683999999999742e+02
1.499683999997470778e+02
1.499683999999971604e+02
