8.671338543838666624e+01
8.386695141912657903e+01
8.268629939122816097e+01
8.232515901589097496e+01
8.260615544998596249e+01
8.337892790457118508e+01
8.370367291700931389e+01
8.504693164977287267e+01
8.576123136972812233e+01
8.645319430411421990e+01
8.729400186443072585e+01
8.755269130005764566e+01
8.886483449629933773e+01
9.072599275427535304e+01
9.133268783007900993e+01
9.309135454075764926e+01
9.473338424302529859e+01
9.580012913440648958e+01
9.800041428394054321e+01
9.778416553819519663e+01
9.864133107070004769e+01
9.819579463244942019e+01
9.996282396983666274e+01
1.012580588500327821e+02
