4.967461716928742135e+02
4.967822231979395156e+02
4.968034174392640807e+02
4.968605440146994283e+02
4.967970634228628910e+02
4.967616735853115415e+02
4.967481428379372232e+02
4.967338616024362068e+02
4.966877822487774097e+02
4.967287945409710233e+02
4.966129661142812779e+02
4.967131369935829071e+02
4.966299720686570254e+02
4.966391990390415003e+02
4.965706184802234588e+02
4.965555624576901437e+02
4.965444078574212199e+02
4.965050237846929804e+02
4.965191199623472471e+02
4.964908464263943983e+02
4.965076930446500683e+02
4.964845747197118158e+02
4.964770686212431201e+02
4.965511151230413134e+02
