5.236917948687852231e+02
5.238080474532115431e+02
5.238098333272893115e+02
5.238725420949250520e+02
5.237335962584991194e+02
5.236023216809329597e+02
5.235461707977308379e+02
5.233803356240254061e+02
5.233352607565742574e+02
5.233230970551037444e+02
5.230974589029364097e+02
5.232137795340648836e+02
5.230026131518709462e+02
5.229533936744005587e+02
5.227893279369676520e+02
5.227063257694898084e+02
5.225752332483660894e+02
5.225009025053609548e+02
5.224388738126875751e+02
5.223687351162673167e+02
5.223934704603236696e+02
5.222014261874644490e+02
5.222403090248539002e+02
5.222728391126308907e+02
