5.612797989673063057e+02
5.611023839980788352e+02
5.609844911262900951e+02
5.609294613551712700e+02
5.608255144905912175e+02
5.607841906481891101e+02
5.606991310555075643e+02
5.607913073087917155e+02
5.607554538687245440e+02
5.608067402094013687e+02
5.607687900035172106e+02
5.607366351955625987e+02
5.607962321678110129e+02
5.608699950401867227e+02
5.608287551293210527e+02
5.609082210111134827e+02
5.610022194828268312e+02
5.611018639757750179e+02
5.612147024565691709e+02
5.611145940055365600e+02
5.611636281319848649e+02
5.610510610735768751e+02
5.611779382179563527e+02
5.613035728693031388e+02
