1.467945606397927918e+02
1.462998068929379087e+02
1.462565595938860383e+02
1.465675515135501996e+02
1.468766276313798471e+02
1.474186403654057074e+02
1.478328016156525564e+02
1.484043754127246473e+02
1.488464045557632858e+02
1.493096604497264934e+02
1.495414999744625959e+02
1.500136083452234175e+02
1.503741807574106986e+02
1.512452279523738525e+02
1.514449734462306481e+02
1.521771691189797764e+02
1.527162222805646081e+02
1.531955040098190466e+02
1.540459927637621433e+02
1.539940809923262748e+02
1.545068042157632817e+02
1.539633468462253916e+02
1.549190052704229572e+02
1.555669924537849624e+02
