8.890597410627584907e+01
8.780653996493910540e+01
8.750447082350737560e+01
8.766167912326422140e+01
8.801506957742854809e+01
8.857505583097885449e+01
8.897490944230675325e+01
8.974377017761004538e+01
9.022198351397571514e+01
9.068976693104700360e+01
9.107116778807758806e+01
9.154837339517615646e+01
9.216896667910638996e+01
9.320658029009076984e+01
9.360210060277658783e+01
9.451000569159019449e+01
9.530888449493482995e+01
9.576868282448513980e+01
9.697390136092336377e+01
9.703684901776905747e+01
9.759296885056691906e+01
9.753222636255163991e+01
9.836042558166100491e+01
9.903223964380414657e+01
