4.031643292779505572e+01
4.033224921205101055e+01
4.030473568235938586e+01
4.042810626638394211e+01
4.008475997441034622e+01
3.979397983679764650e+01
3.964447373923690776e+01
3.945086397008622470e+01
3.909240759557005873e+01
3.912884736749511916e+01
3.853148340137475714e+01
3.893651815176724540e+01
3.848475547169002198e+01
3.821787526626123110e+01
3.788190880438165209e+01
3.755954732859652978e+01
3.705785904820667298e+01
3.680835035572530956e+01
3.634063744915865612e+01
3.637763253689244891e+01
3.655298983092050946e+01
3.638626672222557801e+01
3.597296613618188843e+01
3.610719466189046756e+01
