-3.355843575452104877e-01
-3.299935639889846062e-01
-3.279165065491547737e-01
-3.276116347422944330e-01
-3.282810456502043839e-01
-3.298836369630140375e-01
-3.308862358946157434e-01
-3.334203077743245758e-01
-3.347619862964452686e-01
-3.362622612895028174e-01
-3.376639255229597625e-01
-3.389376187446085376e-01
-3.412824121859842075e-01
-3.449848890484585318e-01
-3.463710639463398189e-01
-3.497867090870522833e-01
-3.528312470912228771e-01
-3.547785330108524926e-01
-3.590857348587663256e-01
-3.591365437750652090e-01
-3.611281758100597372e-01
-3.606179057776202068e-01
-3.638723560578701610e-01
-3.665250777358631806e-01
