5.612799776878515559e+02
5.611023847672877309e+02
5.609844908926393146e+02
5.609294612990647693e+02
5.608255145939928070e+02
5.607841900237179971e+02
5.606991313806357766e+02
5.607913060430646510e+02
5.607554538342826618e+02
5.608067397110820593e+02
5.607687899998601324e+02
5.607366356883138678e+02
5.607962320758557553e+02
5.608699944094404373e+02
5.608287566940169881e+02
5.609082207798651325e+02
5.610022198227309218e+02
5.611018634086727843e+02
5.612147020200080760e+02
5.611145945926534750e+02
5.611636268557435869e+02
5.610510610903837687e+02
5.611779381708645360e+02
5.613035737294625278e+02
