5.236917634275750970e+02
5.238080471222442611e+02
5.238098335258413272e+02
5.238725418230840205e+02
5.237335956442243514e+02
5.236023223102160955e+02
5.235461705602806433e+02
5.233803370533189536e+02
5.233352604266482331e+02
5.233230982872943287e+02
5.230974582725197024e+02
5.232137792198069519e+02
5.230026133973170772e+02
5.229533936199972004e+02
5.227893262655461513e+02
5.227063263320040960e+02
5.225752331015860364e+02
5.225009025543582766e+02
5.224388739940995947e+02
5.223687342848108983e+02
5.223934713288924740e+02
5.222014265808219307e+02
5.222403099077705519e+02
5.222728381006182872e+02
