4.967462036350341350e+02
4.967822232228172652e+02
4.968034174797494984e+02
4.968605439298235069e+02
4.967970631751246060e+02
4.967616737291474465e+02
4.967481427909315244e+02
4.967338619086863787e+02
4.966877821458758149e+02
4.967287949002222263e+02
4.966129658483819753e+02
4.967131369476434770e+02
4.966299721339502184e+02
4.966391988750750670e+02
4.965706181153366288e+02
4.965555626831016411e+02
4.965444078779086112e+02
4.965050237224182297e+02
4.965191199293814748e+02
4.964908462102201270e+02
4.965076931699288139e+02
4.964845748985812293e+02
4.964770689053315778e+02
4.965511148754762871e+02
