1.079447540272347794e+01
1.088848717984448555e+01
1.079720651303602885e+01
1.085988790552283589e+01
1.058657230602211285e+01
1.033664456931547981e+01
1.016686406223151984e+01
9.985892062587083728e+00
9.771313800015693829e+00
9.774161064529980791e+00
9.395792915786500998e+00
9.507783234903495639e+00
9.220412905456923269e+00
9.146612136222838529e+00
9.143015275892752314e+00
9.162411209688833935e+00
9.159601540186818269e+00
9.060406075613872900e+00
9.077738091472774329e+00
9.168728268813149285e+00
9.404627998020989921e+00
9.379468425003620879e+00
9.324815537747852545e+00
9.674722888479619698e+00
