1.219728602186899167e+02
1.193608957789638083e+02
1.189078295534795160e+02
1.193036915655009267e+02
1.202340432774768999e+02
1.222083848829781516e+02
1.243281704819756612e+02
1.250110777923927969e+02
1.272047963223488267e+02
1.280177146727515094e+02
1.294750152748060827e+02
1.310878536124293419e+02
1.324299962244216715e+02
1.341207499999999584e+02
1.341207499999999584e+02
1.341207499999999584e+02
1.341207499999999584e+02
1.341207499999999584e+02
1.341207499999999584e+02
1.341207499999999584e+02
1.341207499999999584e+02
1.341207499999999584e+02
1.341207499999999584e+02
1.341207499999999584e+02
