5.657941294762816824e+02
5.656367887805254213e+02
5.656250583360538258e+02
5.656627321166405409e+02
5.656831388305336077e+02
5.658407544074437965e+02
5.660139829163917966e+02
5.660580108769369190e+02
5.662366672885427761e+02
5.663174623832198904e+02
5.664157819043736026e+02
5.665331798556821923e+02
5.666387337016659558e+02
5.667196945092134683e+02
5.666421096870593601e+02
5.665247981779525617e+02
5.664445204411821351e+02
5.664380331585632575e+02
5.662850379790843363e+02
5.662303870012805191e+02
5.661839183716791695e+02
5.661161455849303366e+02
5.660551776622877469e+02
5.660298824123198074e+02
