4.971126485749916242e+02
4.971184529052919743e+02
4.971422286091326441e+02
4.972044373690535508e+02
4.971692694871150024e+02
4.971596275190302663e+02
4.971840938409872592e+02
4.971885019316096077e+02
4.971643898555755641e+02
4.972223075688508516e+02
4.971320716612509614e+02
4.972585543122488616e+02
4.971955641093972531e+02
4.972159843533647177e+02
4.971490912709293184e+02
4.971077986525277197e+02
4.970685472170862340e+02
4.970106766494383805e+02
4.969749684909515395e+02
4.969643836016950900e+02
4.969698379446750209e+02
4.969708827229115968e+02
4.969084722451949574e+02
4.969748299302803503e+02
