5.239510650829319047e+02
5.240494357410776729e+02
5.240584681190049423e+02
5.241479605970672537e+02
5.240736666325827855e+02
5.239979610601552622e+02
5.240182200113849831e+02
5.238919882347539669e+02
5.239127220907637366e+02
5.239380488893179972e+02
5.237772014670497356e+02
5.239296679036890509e+02
5.237700232999669652e+02
5.237964283586920828e+02
5.237061621567522707e+02
5.236606311106907015e+02
5.235740337546360479e+02
5.234903050845350663e+02
5.234496651855937444e+02
5.234488888382456935e+02
5.235145722217940829e+02
5.234000091006779485e+02
5.233995533547221157e+02
5.235024669692628549e+02
