1.568359746865202453e+02
1.557387748185201417e+02
1.556717005869373338e+02
1.558742701422979735e+02
1.563236293280045004e+02
1.568396829837519135e+02
1.577608363539787319e+02
1.579080328231285932e+02
1.585784991706618996e+02
1.590616899741910970e+02
1.592980403144574097e+02
1.603727874681534047e+02
1.605284249657194948e+02
1.613006665756353186e+02
1.610878445055379586e+02
1.609472009911953592e+02
1.605357807829532817e+02
1.605627876876438336e+02
1.603599794286940892e+02
1.604004664085894376e+02
1.604231933245201276e+02
1.598764328973776401e+02
1.601466447556596506e+02
1.600777201580974634e+02
