3.706510692130406426e+01
3.713252375817222628e+01
3.705774580686607322e+01
3.720054722944379932e+01
3.688114574216958630e+01
3.658827897351294922e+01
3.637424749477082031e+01
3.633417663180240709e+01
3.594420149112751517e+01
3.606199268753831433e+01
3.550860378193334554e+01
3.581710080875137692e+01
3.546718781481699523e+01
3.545385895800806964e+01
3.550446410426877009e+01
3.567791658920198472e+01
3.570888091521765517e+01
3.565525368952251029e+01
3.576829822701207462e+01
3.604112428052362560e+01
3.665311421777013123e+01
3.662693901401808461e+01
3.654434121546800895e+01
3.731657642813505049e+01
