1.003118413182683923e+02
9.923055390785825125e+01
9.913585668822229024e+01
9.936701359881770657e+01
9.983548112605055280e+01
1.004824320356651413e+02
1.013019509769739841e+02
1.016743521686981637e+02
1.023668615780780726e+02
1.027729220169717337e+02
1.031768330259906605e+02
1.040192719132300851e+02
1.044656267411745887e+02
1.052115871883335956e+02
1.052980385136413730e+02
1.054197333740523135e+02
1.054613700463540624e+02
1.055112316955759297e+02
1.057885453863909504e+02
1.059283247716019645e+02
1.060855857721428492e+02
1.061476379464449451e+02
1.062946045632553052e+02
1.063928480603623967e+02
