-3.123034362135018727e-01
-3.076395319726860644e-01
-3.052932738471963448e-01
-3.062492143168754066e-01
-3.059358566316773276e-01
-3.102184953250953225e-01
-3.138866864693468650e-01
-3.136789566327191081e-01
-3.186991178896320664e-01
-3.196038120257876369e-01
-3.219580394510661581e-01
-3.241517011087337030e-01
-3.261123983980478980e-01
-3.286133565952019664e-01
-3.283729462491516982e-01
-3.282434830139168702e-01
-3.287740514142952764e-01
-3.275736260092471097e-01
-3.265537889695228069e-01
-3.262368839818072797e-01
-3.268296338569164350e-01
-3.273202935475117981e-01
-3.255667005834854133e-01
-3.275285232491235154e-01
