3.661298509660852167e-09
3.661431249550487128e-09
3.661509352674305427e-09
3.661719861510631401e-09
3.661485936550953852e-09
3.661355520858044953e-09
3.661305655987906175e-09
3.661253026650993028e-09
3.661083203736968457e-09
3.661234353022307774e-09
3.660807458071894677e-09
3.661176647604133533e-09
3.660870138880032810e-09
3.660904145832968190e-09
3.660651370522158870e-09
3.660595876797421164e-09
3.660554760086331442e-09
3.660409586045097509e-09
3.660461546772993141e-09
3.660357324869936952e-09
3.660419426084630118e-09
3.660334207309806663e-09
3.660306538224921320e-09
3.660579482194341367e-09
