3.759289158009105443e-09
3.759706502522915920e-09
3.759712913599960722e-09
3.759937955326999628e-09
3.759439300009766708e-09
3.758968120517360318e-09
3.758766556956476428e-09
3.758171214231383976e-09
3.758009372721006301e-09
3.757965705016297315e-09
3.757155460960976167e-09
3.757573176228223892e-09
3.756814833139802434e-09
3.756638052053583161e-09
3.756048716537739755e-09
3.755750542729586739e-09
3.755279547525814428e-09
3.755012464536950871e-09
3.754789570252078292e-09
3.754537513311157686e-09
3.754626411300597814e-09
3.753936201138578124e-09
3.754075958332030124e-09
3.754192869457997352e-09
