3.891863820236281968e-09
3.891248065024124870e-09
3.890839246220336275e-09
3.890648406226618096e-09
3.890287898490807697e-09
3.890144567425201674e-09
3.889849531498422727e-09
3.890169249162559647e-09
3.890044895068767587e-09
3.890222779920785680e-09
3.890091152286619735e-09
3.889979622367164478e-09
3.890186334893913771e-09
3.890442167378726272e-09
3.890299143239784383e-09
3.890574742619866453e-09
3.890900727306819888e-09
3.891246257211300840e-09
3.891637505912998498e-09
3.891290402396192344e-09
3.891460416336852920e-09
3.891070095966264410e-09
3.891510037836324345e-09
3.891945625769316680e-09
