4.031611071827116888e+01
4.033224748230185952e+01
4.030473653679103307e+01
4.042810563266996127e+01
4.008475805250859025e+01
3.979398239207114329e+01
3.964447259009607905e+01
3.945086973942978403e+01
3.909240670764165060e+01
3.912885150129852008e+01
3.853148149535909539e+01
3.893651653239222554e+01
3.848475632498160337e+01
3.821787592529535260e+01
3.788190153560982054e+01
3.755954943826171188e+01
3.705785797823860861e+01
3.680835132263447917e+01
3.634063854894920098e+01
3.637762911914188635e+01
3.655299459094634074e+01
3.638626790099865360e+01
3.597296881874313357e+01
3.610719015363972062e+01
