8.890679764300941201e+01
8.780654357082867989e+01
8.750446965919773845e+01
8.766167915225652507e+01
8.801507034054732515e+01
8.857505287633125590e+01
8.897491091770649518e+01
8.974376436176177663e+01
9.022198356951727760e+01
9.068976457044966821e+01
9.107116784204744420e+01
9.154837535393829739e+01
9.216896628566242100e+01
9.320657788410680666e+01
9.360210613674895797e+01
9.451000509996940480e+01
9.530888568674134831e+01
9.576868099406759427e+01
9.697389998985312332e+01
9.703685052589838733e+01
9.759296516718185899e+01
9.753222667811571966e+01
9.836042585655229686e+01
9.903224168097786162e+01
