1.467952706840289352e+02
1.462998097491765748e+02
1.462565587287557776e+02
1.465675512003697634e+02
1.468766277963904940e+02
1.474186382483134423e+02
1.478328027757558516e+02
1.484043714362556727e+02
1.488464042197578578e+02
1.493096594745537971e+02
1.495414994894632628e+02
1.500136099317573439e+02
1.503741806224424806e+02
1.512452256376080015e+02
1.514449772960621488e+02
1.521771689452375540e+02
1.527162233312738522e+02
1.531955021901940484e+02
1.540459915973424074e+02
1.539940817670214415e+02
1.545068011683443956e+02
1.539633474725280848e+02
1.549190064555113793e+02
1.555669936770426318e+02
