-3.355876744019460900e-01
-3.299935783131734968e-01
-3.279165020568842737e-01
-3.276116345354869175e-01
-3.282810483953752523e-01
-3.298836252505356059e-01
-3.308862418121595872e-01
-3.334202841273666285e-01
-3.347619863555640340e-01
-3.362622514091673787e-01
-3.376639259133040749e-01
-3.389376272145770974e-01
-3.412824104405604575e-01
-3.449848785166332865e-01
-3.463710899867846194e-01
-3.497867056266616426e-01
-3.528312526721924525e-01
-3.547785241809943146e-01
-3.590857279989074780e-01
-3.591365524679450694e-01
-3.611281564053021031e-01
-3.606179064856560035e-01
-3.638723558795842195e-01
-3.665250900457334149e-01
