5.418651535285557230e+01
5.372982738552246218e+01
5.343302214888558410e+01
5.415571489431436447e+01
6.303921873053041480e+01
6.314651581232529054e+01
6.413475200924715125e+01
6.282749370525309018e+01
6.314050101727193720e+01
6.287186450477882715e+01
6.152856864011030780e+01
6.178824059875317687e+01
6.163997159981192198e+01
6.130557102531625446e+01
5.987382772753348803e+01
5.985177456435076948e+01
6.023103242932194235e+01
5.815350718958418241e+01
5.984521863963303190e+01
5.860507857832391920e+01
5.825713924202813843e+01
5.841110266840990306e+01
5.778310135831840455e+01
5.602720990282757185e+01
5.816741818993330781e+01
5.948595057085923088e+01
5.818994668783986413e+01
5.879318035992196911e+01
5.755867891817469939e+01
5.631773624302515202e+01
5.638518248610617434e+01
5.754315383466371259e+01
5.710597243492401986e+01
5.547286199892103298e+01
5.644675698331786862e+01
5.707039356609846692e+01
5.513960032817602297e+01
5.562774550286536623e+01
5.548089807009006336e+01
5.472679273386206944e+01
5.439782359416231117e+01
5.378697149641352837e+01
5.659167979458277387e+01
5.095892519337991189e+01
5.235562282771604714e+01
5.197095847689890746e+01
4.937163499637146913e+01
5.197173285556301181e+01
5.087841088646331400e+01
5.434988871369310459e+01
5.067634578535086831e+01
5.152970025298002099e+01
5.105600724695654691e+01
5.031097864323064073e+01
4.625748857677503167e+01
4.836576074761494937e+01
4.916005171464203016e+01
4.674140712082279947e+01
4.857832874680416069e+01
4.924835357512079526e+01
5.148577629919828524e+01
4.934192524107106692e+01
5.040549327580715300e+01
4.790980212233196767e+01
4.915709056056885373e+01
4.994402062753793814e+01
4.853543049275373278e+01
5.317915254736902853e+01
4.509675735744749403e+01
4.474053349293642867e+01
4.524383587970776688e+01
4.294017235741713989e+01
4.559627534661345294e+01
4.402493440445785922e+01
4.480319244685421864e+01
4.827441237456170597e+01
4.599757082466605596e+01
4.419910682726255402e+01
4.341903947468943414e+01
4.901715244167331065e+01
4.488070482088475188e+01
4.539518783670585833e+01
4.342345711157310717e+01
4.128804726606211517e+01
