6.264628184941670241e+01
6.131868083672890180e+01
6.171532333574392482e+01
6.071913733709947536e+01
5.286041285992862981e+01
5.201779300674495232e+01
5.018911858667264880e+01
5.069967464832399884e+01
4.981906173216803069e+01
4.940571996825921985e+01
4.942596811917058375e+01
4.785728922206595115e+01
4.724242213578413185e+01
4.654112402103645962e+01
4.753778765031336917e+01
4.796372438071168887e+01
4.604231675092406562e+01
4.769229540184626615e+01
4.586026417008920220e+01
4.652817010606536030e+01
4.633842303948330965e+01
4.626015629046527522e+01
4.660230408344965269e+01
4.855822908885451028e+01
4.535106577218363100e+01
4.347401270014776031e+01
4.465043121994423103e+01
4.382550050168716638e+01
4.455491772911658188e+01
4.510431871250961677e+01
4.522420501595087927e+01
4.340253654982624454e+01
4.332436581431669964e+01
4.554847126343706520e+01
4.443802640724737074e+01
4.248028674132723381e+01
4.450475173247039606e+01
4.428802643120463500e+01
4.452832202138414175e+01
4.430051975027797084e+01
4.497245214836971172e+01
4.466768631716655591e+01
4.144240503099373996e+01
4.781380274247742079e+01
4.497264815939861649e+01
4.539513386476987478e+01
4.822266951645863031e+01
4.490375144407778407e+01
4.680838111916009581e+01
4.233616521593345539e+01
4.587786554008869189e+01
4.502714681591776014e+01
4.474990488507304320e+01
4.575760951147109523e+01
4.951660911337024373e+01
4.649958663681793780e+01
4.472921866610965225e+01
4.675766373829215894e+01
4.416491614691442891e+01
4.415738917431205124e+01
4.064101599081729432e+01
4.305726347679528487e+01
4.035572913385786364e+01
4.472728584175303013e+01
4.208349898462623884e+01
4.053608261163510207e+01
4.241023216891661463e+01
3.654401131992946006e+01
4.564184813789228912e+01
4.568732613397258291e+01
4.467345752801604419e+01
4.680800255536188104e+01
4.420465665291759194e+01
4.518598733959842662e+01
4.328949105052328861e+01
3.968478932445529495e+01
4.178780864195509537e+01
4.442932302061818461e+01
4.403988226288097252e+01
3.776509018147041274e+01
4.158782745082048393e+01
4.173471125183341712e+01
4.359696696240112601e+01
4.534144964692769975e+01
