5.418327346891224039e+01
5.507832398925772566e+01
5.543559025807328311e+01
5.667358770145523295e+01
5.848222015899070669e+01
5.907122894071601849e+01
6.055608322774939722e+01
6.124791335765996081e+01
6.232015271310287829e+01
6.321868522984632222e+01
6.541631273082555253e+01
6.639097109536886876e+01
6.755002404587054343e+01
6.834933043867764013e+01
6.893009020575129853e+01
6.998058564408147220e+01
6.980842317580629697e+01
7.051810519299318969e+01
7.091016167953137028e+01
7.067327755277813139e+01
6.996008105988398995e+01
7.075305731429628509e+01
7.033973748056247643e+01
7.094570300230991222e+01
7.049392016505836978e+01
7.075241063763471061e+01
7.125140704618740983e+01
7.085913442125050210e+01
7.099698097369468996e+01
7.074917189548970953e+01
7.066803078895247836e+01
7.089503363387753154e+01
7.108398895769357750e+01
7.058807942371214494e+01
7.140461062802187087e+01
7.097933248131198525e+01
7.128176988148179305e+01
7.053498102848158169e+01
7.105199652879963423e+01
7.027243657339225535e+01
7.092183597160037323e+01
7.088758234138279590e+01
7.128418268930619206e+01
7.120027819596555219e+01
7.105910923752860242e+01
7.111924071293768179e+01
7.076835945879000178e+01
7.129589314230395303e+01
7.146642773395731751e+01
7.092026850276853622e+01
7.054743990141734855e+01
7.130655387826168123e+01
6.997678143409956419e+01
7.059811147452049340e+01
7.101094487989192316e+01
7.148830247830420603e+01
7.096805116761412080e+01
7.171686866977542252e+01
7.138123536861668583e+01
7.110552299723750025e+01
6.988751669761997221e+01
7.143013094350079939e+01
7.123773286040287189e+01
7.018055790335091615e+01
7.041968424462849896e+01
7.016566481154106327e+01
7.092628366218843894e+01
7.027542128410614453e+01
6.973626895524684244e+01
6.980976986865026390e+01
6.965734511726884648e+01
7.010057239279440466e+01
6.932970843083745649e+01
6.982252773865440076e+01
6.987477493480690782e+01
7.005639705327070033e+01
7.062982800278025763e+01
7.004784052386754922e+01
6.964024902048869592e+01
6.998339398489967778e+01
7.076814824690985972e+01
6.945140737692328514e+01
7.059825730834323565e+01
7.052347298797150188e+01
