6.264535732873991236e+01
6.293768246991062654e+01
6.296557960862088521e+01
6.270199526821986780e+01
6.181396781743517010e+01
6.150542603491906135e+01
6.046801023258690577e+01
6.028605087619242653e+01
5.988522708300754260e+01
5.939091876047374541e+01
5.777529967121246557e+01
5.723040863675237944e+01
5.642716515406979028e+01
5.594241322523306081e+01
5.608617992651716833e+01
5.518349269810062907e+01
5.545972020007619818e+01
5.499969821914038448e+01
5.485370898507711956e+01
5.547094322476055339e+01
5.606691741192162937e+01
5.614886526000370282e+01
5.625581202295927596e+01
5.582842236614581566e+01
5.643562682834890154e+01
5.637475194125364908e+01
5.606908256248361511e+01
5.693006090772511385e+01
5.679744202515185236e+01
5.691641184715850699e+01
5.721080677768345879e+01
5.715462227757006985e+01
5.719955982079292767e+01
5.787908667940436658e+01
5.722795642013984718e+01
5.733101026089249075e+01
5.739495113256215575e+01
5.841858720264963267e+01
5.800698594498308580e+01
5.892341467262344423e+01
5.842870565718590825e+01
5.851765730660520859e+01
5.822328158057230496e+01
5.849833473352745017e+01
5.876580014769631077e+01
5.890849323466810006e+01
5.947271920703224168e+01
5.907374771047993534e+01
5.920944790529223667e+01
5.945641330463162433e+01
5.998671985077285740e+01
5.930254672153144213e+01
6.090288273374656569e+01
6.052925716884096374e+01
6.023423647919049273e+01
5.984639402033772626e+01
6.048567629118832656e+01
5.986224894499358840e+01
6.034130877539871562e+01
6.093243393212086545e+01
6.234527017037911634e+01
6.058195207668658355e+01
6.096270948686849067e+01
6.225219160182655997e+01
6.201409967579717630e+01
6.252166113655124491e+01
6.157742619324452704e+01
6.258752926332591926e+01
6.313194644362756947e+01
6.326886386202247081e+01
6.343321782588565583e+01
6.292972162770360001e+01
6.394584047154376805e+01
6.342050851378417775e+01
6.350021329892616961e+01
6.342786856428420350e+01
6.281551343566537327e+01
6.364845753831617259e+01
6.405205849487923331e+01
6.377492908458220455e+01
6.286971759876362853e+01
6.439844478756111812e+01
6.335455545698877700e+01
6.315121739761026021e+01
