1.892030591231413261e+00
1.506074981477152352e+00
1.492562885416979235e+00
1.238967873354252403e+00
1.027009478383564600e+00
1.035358269049931668e+00
9.634474765906984040e-01
8.962093961280970245e-01
7.740432024580889969e-01
7.262911374440733647e-01
6.282912122319221915e-01
5.962008717389568613e-01
5.390264664491740687e-01
5.380390501689003013e-01
4.365036434260181064e-01
4.765844541414341884e-01
4.530353808551467742e-01
4.205993964076373270e-01
3.622372091357229928e-01
3.670335629173480663e-01
3.764275615504906747e-01
3.369254467258133712e-01
3.217521033694955568e-01
3.093677709817743149e-01
3.239263499553102776e-01
3.116655241379783225e-01
2.709917210290884726e-01
2.875497013146718905e-01
2.923308314422280452e-01
2.858780011195578008e-01
2.801096045241002752e-01
2.549948183922313705e-01
2.421731966621346044e-01
2.366193019487926041e-01
2.347935908590092491e-01
2.703146690764937077e-01
2.365876488740757677e-01
2.468075330037300674e-01
2.184570151060140075e-01
2.082904507000943595e-01
1.934722655551992521e-01
2.030555310207168562e-01
1.972741170780742959e-01
1.866697709593770071e-01
1.603271836744611656e-01
1.772411088495271791e-01
1.724237668003320290e-01
1.682771972506412472e-01
1.587571561697151690e-01
1.612027085496156864e-01
1.741151601396923876e-01
1.436479763194389581e-01
1.788113241064908931e-01
1.458781162752485761e-01
1.522920360760345038e-01
1.364249277397916460e-01
1.483652364471355345e-01
1.353588723016886097e-01
1.356950521131976839e-01
1.317994691457042289e-01
1.366589358185109904e-01
1.255764562029854092e-01
1.285956918976374486e-01
1.135172833909636469e-01
1.157442663969835139e-01
1.259150722999357597e-01
1.116153605759332562e-01
1.140966572878070323e-01
1.012796129433344849e-01
1.167094923284793390e-01
1.055343979313781294e-01
1.214279034503749632e-01
1.063753554353406572e-01
1.002694299036185899e-01
9.091256703037199627e-02
7.874079549583110071e-02
9.165073491345734902e-02
8.997191644935480237e-02
8.206904636501083372e-02
7.818956888978235986e-02
7.783259288527659414e-02
7.782518467514840110e-02
5.921286040210793633e-02
7.671550322445640224e-02
