5.347998544285527487e+02
5.351336539522682187e+02
5.355472302720967264e+02
5.358414843814600772e+02
5.364779434304142569e+02
5.367284803470388397e+02
5.372836388505676268e+02
5.375666899326297425e+02
5.378891967068669828e+02
5.383095731375872219e+02
5.390236848293492358e+02
5.393178098991447769e+02
5.397287135337325026e+02
5.400517243194016146e+02
5.402333949262782653e+02
5.406975863648140148e+02
5.408098388242772216e+02
5.411178266130211796e+02
5.413160802205212576e+02
5.413525892960368537e+02
5.413158779258770892e+02
5.414882511270346868e+02
5.414984321589449792e+02
5.417669783866776925e+02
5.418134948313185077e+02
5.419267663572358060e+02
5.421004788501218172e+02
5.421157549163907561e+02
5.421600172608920047e+02
5.421899068572331544e+02
5.421984939888712915e+02
5.423048563581119197e+02
5.423648848092020671e+02
5.423265163412237371e+02
5.425863765097660689e+02
5.426644170650668002e+02
5.427335114428640281e+02
5.425054036496449044e+02
5.427603902369876323e+02
5.425450214533709641e+02
5.428058738066904425e+02
5.428410546545254647e+02
5.430673662093008716e+02
5.430449679844325601e+02
5.430383726421317760e+02
5.431147430632282749e+02
5.430885723073135978e+02
5.432899625379506006e+02
5.433251505779592208e+02
5.432443411241474678e+02
5.432041150412725301e+02
5.434276246785802869e+02
5.431118988007610824e+02
5.432590980019766675e+02
5.434330017658484167e+02
5.436361332035118039e+02
5.435080766843063884e+02
5.437602684606396224e+02
5.436918490296681057e+02
5.436308965878129129e+02
5.433500383343372278e+02
5.438565917630299964e+02
5.438503690644683957e+02
5.435818411379623285e+02
5.436811599044884815e+02
5.436783972806474594e+02
5.439520915415038189e+02
5.437880627793031181e+02
5.437576412209036789e+02
5.437509949407875638e+02
5.437985805755411093e+02
5.439795015661026127e+02
5.438048212510402664e+02
5.439892342496592619e+02
5.440363892051451558e+02
5.440959888388133550e+02
5.442972405356609897e+02
5.441891771762052485e+02
5.441794905403251050e+02
5.442489996310154083e+02
5.445699292516529795e+02
5.442630554439360822e+02
5.445751465541226253e+02
5.446089768757875618e+02
