4.705705701535674734e+02
4.697151243188498029e+02
4.703374832123299711e+02
4.693814634508972290e+02
4.685634012405790259e+02
4.689585900370868217e+02
4.689692478786230936e+02
4.682494738948723807e+02
4.675541918788809994e+02
4.677220698847355038e+02
4.674576449397555393e+02
4.670203745855229158e+02
4.664411919691032153e+02
4.671139280594966294e+02
4.656026114167792116e+02
4.663079812672784215e+02
4.666662078565764773e+02
4.664785154579485038e+02
4.658140595397522361e+02
4.659170495320466898e+02
4.660779330284544244e+02
4.654592723519435253e+02
4.655575872799899457e+02
4.656400335092641853e+02
4.658206526037238291e+02
4.659522131920868446e+02
4.654750877756939076e+02
4.657242341802487999e+02
4.658663289783121968e+02
4.655131645431080756e+02
4.663058275597165334e+02
4.655159612833929259e+02
4.653683997807057153e+02
4.652606060776051322e+02
4.652694490193688353e+02
4.664856407899332567e+02
4.657958466350135609e+02
4.652648140546461377e+02
4.653254470890069001e+02
4.655282570876127579e+02
4.648187230918258592e+02
4.660021057992050828e+02
4.651686448452243781e+02
4.648565141950502948e+02
4.649740065866945429e+02
4.655922294326410906e+02
4.649658353624236611e+02
4.648634273824672505e+02
4.652090647717029128e+02
4.651768488772285082e+02
4.652650550009306016e+02
4.649882088495621133e+02
4.651542731170712841e+02
4.648150838028458338e+02
4.648452176297631695e+02
4.649710063036520751e+02
4.649469051289428876e+02
4.647015223804702941e+02
4.647028055477687758e+02
4.653287898719028703e+02
4.648959475867863489e+02
4.648626910620067179e+02
4.648949445135725114e+02
4.646883627636707388e+02
4.649991068501531117e+02
4.654020879401672914e+02
4.650957520601385795e+02
4.644990314896111272e+02
4.644398106280691536e+02
4.646940212474028158e+02
4.651867330735485098e+02
4.662145379868749728e+02
4.647454510211147749e+02
4.655863913900438433e+02
4.647312665087611094e+02
4.642897432018272070e+02
4.644080414167513027e+02
4.649006231126859348e+02
4.646057833837853082e+02
4.648304610321807786e+02
4.647688727698377988e+02
4.646638029963035592e+02
4.640912423584080670e+02
4.649786380128047654e+02
