5.030589108441362214e+02
5.032561723170332471e+02
5.035467825088871905e+02
5.037210911099288069e+02
5.040081412881031042e+02
5.042465527338118818e+02
5.045402938615494577e+02
5.046850137476497480e+02
5.048578293379316619e+02
5.051260921845475877e+02
5.054793291780304685e+02
5.056778406428652488e+02
5.059282900145265671e+02
5.061528831399543833e+02
5.061840541902490713e+02
5.065180069619860319e+02
5.066311198583525766e+02
5.067683148078444901e+02
5.069446021167818230e+02
5.069654095336940713e+02
5.069556947884540250e+02
5.070524928342451290e+02
5.070963867117416157e+02
5.072567787952021376e+02
5.072475683921198879e+02
5.073433425229197837e+02
5.074138276168194466e+02
5.073737099559771195e+02
5.074750561654794296e+02
5.074526194169107498e+02
5.075151089002891922e+02
5.075924104603165574e+02
5.076093032663169424e+02
5.075559074860211695e+02
5.077312532864609693e+02
5.077695765485386232e+02
5.077870425183241423e+02
5.077205314441139308e+02
5.078011899577105623e+02
5.076961195643061160e+02
5.078853892662267526e+02
5.079094533749363904e+02
5.079751784103404475e+02
5.080161646998280958e+02
5.079909845015899350e+02
5.080485762057121519e+02
5.079735709399761845e+02
5.080883095978320512e+02
5.081121070708688876e+02
5.080840681286295535e+02
5.080885905400121487e+02
5.081827130261730190e+02
5.079663797499636075e+02
5.080614946988707743e+02
5.081212682693396800e+02
5.082148756511321039e+02
5.081265670846767648e+02
5.083061415765876632e+02
5.082569313714636792e+02
5.081920196814221526e+02
5.080449181961840281e+02
5.083306601449092454e+02
5.082955889848747688e+02
5.081942083508458836e+02
5.082573807446263459e+02
5.082150006952053332e+02
5.084259728275321777e+02
5.083018897907439850e+02
5.082669288020277918e+02
5.082980225159073484e+02
5.082659876149704701e+02
5.084164170682450958e+02
5.082937219270571063e+02
5.083898821591216119e+02
5.084407861201686956e+02
5.084823835193816421e+02
5.086023213538581444e+02
5.085819836716078726e+02
5.085264095585487780e+02
5.085952112310442317e+02
5.087813615530249649e+02
5.086197589079654335e+02
5.087837277515990877e+02
5.088603512797327539e+02
