6.548110364528422167e+01
6.591586457468464744e+01
6.607789916531000074e+01
6.619693746473834040e+01
6.623890610916498645e+01
6.621142054827599566e+01
6.610749057497906733e+01
6.613240507540220392e+01
6.614549679150944428e+01
6.620541798365837849e+01
6.579850931600084607e+01
6.583862914716551984e+01
6.566524626463578329e+01
6.569062032647305216e+01
6.562710149970077111e+01
6.543739971685836565e+01
6.557690001753422848e+01
6.541525133312735818e+01
6.547144883054831155e+01
6.566342569576610799e+01
6.588948939662901694e+01
6.599637154554456231e+01
6.604464724994146252e+01
6.598986634957103092e+01
6.606427718109459590e+01
6.616030571367792845e+01
6.597560981096256683e+01
6.638592123558557034e+01
6.637506663654157535e+01
6.626845542230736896e+01
6.650064210963614642e+01
6.650853251432631907e+01
6.647208708468079408e+01
6.669782543763147942e+01
6.646916524404754512e+01
6.651072397648658807e+01
6.654989668236031264e+01
6.692690436657289865e+01
6.671598281607305125e+01
6.699465584260431683e+01
6.686196009412596197e+01
6.693937270897673386e+01
6.686627967035899189e+01
6.695165658740563686e+01
6.704200526989735920e+01
6.717121642682123195e+01
6.725304262519563281e+01
6.715517447693127906e+01
6.732910423672788625e+01
6.721180117468509252e+01
6.742889601733145355e+01
6.723248003507478643e+01
6.759991758300280651e+01
6.770425499594688290e+01
6.756755592482905115e+01
6.747753073405398538e+01
6.764517058462851651e+01
6.747507393150105770e+01
6.771537525564662019e+01
6.795353786776664151e+01
6.828652045384798441e+01
6.777996559037622148e+01
6.790035026985887612e+01
6.827855257698162461e+01
6.824770060282361328e+01
6.836563607067398607e+01
6.817037636604722195e+01
6.851107176333221105e+01
6.860986288059579863e+01
6.868186480335380395e+01
6.861074783600368221e+01
6.846661426948178075e+01
6.878213183835238453e+01
6.857736923295607312e+01
6.861155115758663214e+01
6.863452339733943575e+01
6.840305903036606594e+01
6.876493834139991179e+01
6.875207374037455565e+01
6.863548857041443796e+01
6.839788370487192992e+01
6.885326629237336249e+01
6.854679213077181998e+01
6.857146235250260702e+01
