1.891436245142706696e+01
1.726161204351788925e+01
1.790792395178864638e+01
1.613027601016691293e+01
1.447862665488518630e+01
1.507479554518277354e+01
1.533760277501724190e+01
1.421478940254405465e+01
1.318805219622197278e+01
1.297601440795320116e+01
1.214503827621564902e+01
1.167223083447858301e+01
1.106152524019524108e+01
1.151330402478242831e+01
9.613737061768839354e+00
1.056563211979400307e+01
1.062447030929381597e+01
1.038060427049783563e+01
8.852987226405286236e+00
9.269137621739471200e+00
9.679448918866217610e+00
8.838730875760846928e+00
9.025824333806472310e+00
8.354769059381260021e+00
8.943440835023649171e+00
8.832498151008742582e+00
8.140491652006314638e+00
8.549076281621474038e+00
8.785036916553085717e+00
8.588656982670247686e+00
8.838147177330437643e+00
8.175457661536617238e+00
7.589370593545622157e+00
7.512338831522982652e+00
7.489936610911281711e+00
8.632516923592232772e+00
8.334195171503369082e+00
7.562850970819295249e+00
7.515418939035699353e+00
7.624991011599106194e+00
6.875089448179299012e+00
7.664564843893004742e+00
7.176731557017578922e+00
6.192933079778390137e+00
6.206187175465784911e+00
7.007827193630465246e+00
6.625784985791647763e+00
6.379364072005275332e+00
6.445569943129077828e+00
6.733853734837182081e+00
6.956830544568501473e+00
6.244875550199846082e+00
6.670492495573237868e+00
5.826220022317905922e+00
6.057530525342599503e+00
6.169003256233086319e+00
6.303973075856758257e+00
6.001610934418358134e+00
5.619715072124323640e+00
6.293194367253484245e+00
6.081081041643342289e+00
5.696457182716970102e+00
5.465777882350399963e+00
4.919759843790178167e+00
5.059981521862114917e+00
5.938822171766494407e+00
5.441838964018930191e+00
5.206921206416127212e+00
5.318613981370672761e+00
5.131263918045046779e+00
5.130790951788352316e+00
6.160648233292710607e+00
5.035845943813372472e+00
5.856833615396420001e+00
4.445573449662157728e+00
4.020104635766153400e+00
4.952044471096725964e+00
4.609912037697024623e+00
4.177577848839157504e+00
4.660624036936972914e+00
4.511949958502920133e+00
4.320734890507401005e+00
4.081975849238352438e+00
4.670918609946901334e+00
