4.719975838248726774e+01
4.795092807406250301e+01
4.822181322066936104e+01
4.909522779945411486e+01
5.008771045003851441e+01
5.050522541294824919e+01
5.126000223336289707e+01
5.168507847048302040e+01
5.235169812782549315e+01
5.281680656383605310e+01
5.384697887889596046e+01
5.440733318017195330e+01
5.498756801067447242e+01
5.541295608945705453e+01
5.584649711034072084e+01
5.629872592381104113e+01
5.625954545418987607e+01
5.655672666824946759e+01
5.677375283061927291e+01
5.678074800888798990e+01
5.663435860775701514e+01
5.702756247903762699e+01
5.695112223705200449e+01
5.720584889813282103e+01
5.701246831963341322e+01
5.719578737898259391e+01
5.740550362139593688e+01
5.735023234434095940e+01
5.745147198548817613e+01
5.725823175579228774e+01
5.731933425142450034e+01
5.745353868042740686e+01
5.759610694078074999e+01
5.741045031661742826e+01
5.760620890684129591e+01
5.745636977752018026e+01
5.767018870438541001e+01
5.754446029975650845e+01
5.768446069639720264e+01
5.746338508094439135e+01
5.774595151979996643e+01
5.774575008010814514e+01
5.783923359275606657e+01
5.791301641593219074e+01
5.788115468041751654e+01
5.794893570343591449e+01
5.782756975753211748e+01
5.806509027921001120e+01
5.822465070876940274e+01
5.791228297380362022e+01
5.781695865369654541e+01
5.810146138327321808e+01
5.767831542016219259e+01
5.798321213212596348e+01
5.816076490242492270e+01
5.831338396206531627e+01
5.816612661718575339e+01
5.850340292851242907e+01
5.840315348025362141e+01
5.836562327067910871e+01
5.797391013195611009e+01
5.844910159851956877e+01
5.840153672240088412e+01
5.809936272603932395e+01
5.819655235621253553e+01
5.813820344260155082e+01
5.835942551652347987e+01
5.820624455455973845e+01
5.794233704324915379e+01
5.809075542908033185e+01
5.796335530792451607e+01
5.814180741130419250e+01
5.789200939237205290e+01
5.805929906302275612e+01
5.813086156043717523e+01
5.824721115923096448e+01
5.845321136376616522e+01
5.829437948016343540e+01
5.807140857997686112e+01
5.828568750232998497e+01
5.849214676776393418e+01
5.803505899796628142e+01
5.852192939750275968e+01
5.840745492809756456e+01
