-4.036451288123692194e-02
-5.014134238964466916e-02
-5.396988867476974761e-02
-6.029963046913273950e-02
-6.716675104786376527e-02
-7.291650626845234962e-02
-7.740712190661605541e-02
-8.559300782699362509e-02
-8.916220821479624303e-02
-9.354797583981042108e-02
-1.025181305222659933e-01
-1.103918767320554856e-01
-1.150154656400114578e-01
-1.226175085055982855e-01
-1.275557258039910768e-01
-1.270229703632719531e-01
-1.335785693296605570e-01
-1.389746333561569513e-01
-1.394999757235192150e-01
-1.418590140763195950e-01
-1.431584806475426075e-01
-1.458234434457287843e-01
-1.478240700909569105e-01
-1.492197043438423520e-01
-1.526356593965647879e-01
-1.549897145693324707e-01
-1.576312351750157603e-01
-1.583796788722037774e-01
-1.599406104344308077e-01
-1.637083298691182076e-01
-1.640964881401836828e-01
-1.654600535247315873e-01
-1.714167827567558977e-01
-1.722711833931671044e-01
-1.708709339302683095e-01
-1.737285529423898967e-01
-1.785632060951164446e-01
-1.802199927140418212e-01
-1.769120663791698689e-01
-1.839641701445638433e-01
-1.854079810403198303e-01
-1.873174460499482663e-01
-1.901896329563208532e-01
-1.896206770318778490e-01
-1.944445553939720961e-01
-1.985999034984916312e-01
-2.011000890639591809e-01
-2.020609557058999639e-01
-2.051666397369877604e-01
-2.008684063746223603e-01
-2.069398476438244483e-01
-2.131418938676848951e-01
-2.136045368377051945e-01
-2.139641907193101378e-01
-2.246873931876918196e-01
-2.234675238763346727e-01
-2.363665172562748329e-01
-2.368910184852503487e-01
-2.379560044273249519e-01
-2.450691569898022226e-01
-2.411022310730869256e-01
-2.441028832575846408e-01
-2.420685362780702621e-01
-2.467013339360944746e-01
-2.482894924676444237e-01
-2.548119980478935620e-01
-2.564926569373067178e-01
-2.641265859305680919e-01
-2.679349259027413721e-01
-2.631342005057554778e-01
-2.727618876318261276e-01
-2.673835330005076560e-01
-2.712168037762866524e-01
-2.788552827973347914e-01
-2.863694217796313723e-01
-2.810583319110847023e-01
-2.884248839550003218e-01
-2.798814007041607876e-01
-2.925542831168782554e-01
-2.964614436001447029e-01
-3.074363450254770092e-01
-2.984057101137124191e-01
-3.077229570406083137e-01
-3.028539498458993062e-01
