5.030577487064953175e+02
5.034558654328380953e+02
5.035000087719986368e+02
5.036604143964422633e+02
5.046755901590058784e+02
5.049755758290288554e+02
5.054657057691351838e+02
5.054525651364700138e+02
5.058370561992372814e+02
5.061078436260065132e+02
5.062183658427584874e+02
5.067156941826239063e+02
5.068996937363247639e+02
5.071092689506951388e+02
5.072381974696340308e+02
5.073393535657021971e+02
5.078731506814927457e+02
5.078351269258706679e+02
5.084028947701562515e+02
5.083540183627658848e+02
5.084774240119920137e+02
5.087212540031387675e+02
5.087182871334469496e+02
5.085039490179847235e+02
5.091138109542682173e+02
5.095496957315436362e+02
5.094005097589248976e+02
5.096397812673992576e+02
5.095195005354382829e+02
5.094934489828974620e+02
5.097451689719129604e+02
5.100440501964736200e+02
5.100529059711167292e+02
5.098744123233941536e+02
5.101370829471579782e+02
5.104252430337982673e+02
5.101574358661386555e+02
5.103027363245897732e+02
5.102989432274156343e+02
5.105239820994423781e+02
5.105440207976244551e+02
5.103793865278540238e+02
5.111565282519010793e+02
5.102080043768540349e+02
5.106778577978236626e+02
5.107599794358050076e+02
5.102449838264242317e+02
5.108327236943372895e+02
5.105081034994875608e+02
5.114347808466473566e+02
5.108420955353314525e+02
5.109375571418199797e+02
5.109097079446298153e+02
5.109915023300569601e+02
5.101767626670491609e+02
5.107264558399972429e+02
5.110396254759265275e+02
5.107477941334853995e+02
5.110332695586250793e+02
5.112965552961633762e+02
5.119018425879389156e+02
5.114279790110301747e+02
5.119580492581507087e+02
5.112821733017090651e+02
5.116615695438885609e+02
5.120227085791962054e+02
5.116195942659637694e+02
5.129053221378915168e+02
5.111005105136631528e+02
5.110347680193300448e+02
5.112268719176341847e+02
5.109015957417735194e+02
5.113375931381359578e+02
5.111251234371886198e+02
5.114468698412734966e+02
5.122084640422079929e+02
5.117232929748027459e+02
5.116000925209257275e+02
5.116051783436100209e+02
5.129644300099529346e+02
5.120851541356363441e+02
5.121666507270473403e+02
5.118728431874612284e+02
5.110577361608121691e+02
