5.347993042330723483e+02
5.350848078004070203e+02
5.349698064539803681e+02
5.351596412590832870e+02
5.369773002641619541e+02
5.373736389421211470e+02
5.379350309994318877e+02
5.378897034218966837e+02
5.382499407182200457e+02
5.383885102477195232e+02
5.384202578455591492e+02
5.389155618080095564e+02
5.391514741186225592e+02
5.393444954046057092e+02
5.392385638674651318e+02
5.395218403795861377e+02
5.401051796857012732e+02
5.396016051762842380e+02
5.402050091933991780e+02
5.400740512501171224e+02
5.402256941480702608e+02
5.403012730975146951e+02
5.403341946460029703e+02
5.397975370951432978e+02
5.408331090035219404e+02
5.415858007560582337e+02
5.411653056598590865e+02
5.415607601516558134e+02
5.411816175416072383e+02
5.409373262211364590e+02
5.409855645628673528e+02
5.417866353548944289e+02
5.418146707420020221e+02
5.412797842122788552e+02
5.417394632745290437e+02
5.423362135747946695e+02
5.415025004167755469e+02
5.419884568592048026e+02
5.419820211593649901e+02
5.420320677355415455e+02
5.418743877956779897e+02
5.420673604277267259e+02
5.431178700058903814e+02
5.411050724132703635e+02
5.419079934718354252e+02
5.420291330654151807e+02
5.412337597141136030e+02
5.422302634494699305e+02
5.419068396641387153e+02
5.430912227552591958e+02
5.421745450499054186e+02
5.423440694129025132e+02
5.424844946341620471e+02
5.423607630994946476e+02
5.409377363816839761e+02
5.419714009474682825e+02
5.424158580529751816e+02
5.415563998708623785e+02
5.425362421567938327e+02
5.425682443083873068e+02
5.437143033337814586e+02
5.430980870051422471e+02
5.439466379114237498e+02
5.427527299469934405e+02
5.436557308888415037e+02
5.440441663535168573e+02
5.434695375307686618e+02
5.454904366814467949e+02
5.424282458396723996e+02
5.425682773892712021e+02
5.429724919607773472e+02
5.419927709533998268e+02
5.428977300829318438e+02
5.425900670634597418e+02
5.433267575969310883e+02
5.447197753097592567e+02
5.438599981168042632e+02
5.431874916446111001e+02
5.433174635733594187e+02
5.454538744857017036e+02
5.440677268302836183e+02
5.441061555968018411e+02
5.435039399977638368e+02
5.429165292307633308e+02
