6.907019239807854660e+01
6.861683239088584685e+01
7.114459901778947426e+01
7.005692183306742038e+01
6.904070269550803118e+01
6.679986050637087658e+01
6.261672094949908285e+01
6.490844013413916969e+01
6.392980759864626350e+01
6.356973730124261834e+01
6.405931810764093370e+01
6.260209522087254186e+01
6.174521243786797697e+01
5.971062579141128168e+01
6.124600221149675150e+01
6.179421019322187902e+01
5.885786800968268295e+01
6.107172868127546650e+01
5.924866641774444531e+01
6.192839456566613876e+01
5.998028356321916021e+01
5.968183684044750237e+01
6.267819864635186633e+01
6.393871561230921685e+01
6.006102800102476635e+01
6.103580775178681961e+01
6.036609910020391112e+01
6.195996217472373502e+01
6.129972712284266123e+01
6.004707353741164866e+01
6.009928861150724799e+01
6.074334547980368626e+01
6.235185531867695374e+01
6.093397539836183086e+01
6.318211837559406518e+01
6.170348526741430817e+01
6.228940041202602629e+01
6.398939934898954363e+01
6.405168358456811006e+01
6.198173179084162854e+01
6.705671225561144411e+01
6.561414040210625842e+01
6.490048799876288399e+01
6.816192834066031025e+01
6.629068965459309482e+01
6.779043438271855848e+01
6.684473771793719266e+01
6.574098291202224686e+01
6.706652202661582862e+01
6.765687857643600012e+01
7.000120381538852143e+01
6.974506798722826773e+01
6.931297516774027656e+01
7.075452033452793899e+01
7.218842029230148682e+01
6.807397677996918617e+01
7.012866984045140839e+01
7.235923723289239717e+01
7.007135631685083865e+01
7.374783101036116761e+01
6.980246738235540249e+01
7.201683266207584211e+01
7.422918959952390594e+01
7.366884217002120749e+01
6.909992651191294044e+01
7.390551558771669249e+01
7.043770782386268081e+01
7.335091837945218174e+01
7.135469278211252231e+01
7.461973886340513218e+01
7.423645872680054936e+01
7.384787105123290019e+01
7.465903299271734284e+01
7.405475793456317035e+01
7.391231599308586908e+01
7.387332172605813696e+01
7.368496351782158627e+01
7.643888179711512976e+01
7.974814623652375190e+01
7.798576404711981525e+01
7.653421223397806727e+01
7.619124571624504938e+01
8.020379326961311506e+01
7.878820256140346601e+01
