7.134906529675214415e+01
6.950443815985229890e+01
6.839019205839936433e+01
6.795152736453499642e+01
6.914085968728848286e+01
6.988690377817719934e+01
7.127875508627705869e+01
7.006071646931454211e+01
7.202694551549818414e+01
7.191170277897116137e+01
7.081252015846231984e+01
7.158244378278133979e+01
7.086500535432256243e+01
7.122863369992272453e+01
6.983039888798299444e+01
6.915081406496669558e+01
7.018930138660201123e+01
6.609737747337234737e+01
7.024705895899263908e+01
6.900674062739540204e+01
6.831591495071999987e+01
6.766320451742166142e+01
6.761766264727924636e+01
6.294007462676946574e+01
6.702913475450388603e+01
6.659180234403575582e+01
6.582918912594085725e+01
6.645768263859228853e+01
6.617357451057259254e+01
6.401597825602269154e+01
6.394696676184664597e+01
6.259056994402241259e+01
6.377232044758705598e+01
6.123431201546976155e+01
6.289549186936950065e+01
6.046440910316886175e+01
6.189756788282799249e+01
6.085694667205394381e+01
6.041809205081177225e+01
5.748616432392407916e+01
5.979152227764174654e+01
5.897006769115996860e+01
5.864202238968103842e+01
5.815521963410406414e+01
5.670293459578309836e+01
5.479731866032410181e+01
5.513199764160919614e+01
5.380151447775397600e+01
5.533941321935293445e+01
5.356975673784064895e+01
5.410721217484485379e+01
5.504851173968282296e+01
5.566081511910837065e+01
5.299738890688041693e+01
5.170650481871634696e+01
5.186581427799279709e+01
5.205076500878968204e+01
5.011231060006279847e+01
5.300017219712875516e+01
4.999992261254897130e+01
4.965359604989725995e+01
5.127604691582720164e+01
4.925465259828786202e+01
5.053849209678512011e+01
4.884182940979121668e+01
4.873871535701088931e+01
4.812056731454008229e+01
4.864437368243192594e+01
4.681108258208322326e+01
4.877406868538579943e+01
4.932086134779687114e+01
4.633913893483921953e+01
4.933367698716745053e+01
4.754368870100275046e+01
4.813685281899560664e+01
4.798968838261026804e+01
4.796598949073670326e+01
4.412275165843919922e+01
4.599194210187613407e+01
4.469440751607321261e+01
4.364077599973949617e+01
4.448075973306500686e+01
4.377350650394830467e+01
4.728623734811525026e+01
