5.904374530128749399e+01
5.886837889939203450e+01
5.887220710209036412e+01
5.935981865843845640e+01
5.989843425912955155e+01
6.039422200935108975e+01
6.098316795226804032e+01
6.144711219061667862e+01
6.177164441307147058e+01
6.218460660963337716e+01
6.295805499144386630e+01
6.360901267958296756e+01
6.406262266972130703e+01
6.454694769555605660e+01
6.467410442922026448e+01
6.543635073532828983e+01
6.525687855698080853e+01
6.543283073539053873e+01
6.550612501863382420e+01
6.557827058027181977e+01
6.553982305051786739e+01
6.588763670995524535e+01
6.569760048557009213e+01
6.596963471449350891e+01
6.583096739505478467e+01
6.608250864667827784e+01
6.597209032580850874e+01
6.611640675435891978e+01
6.632117804626901147e+01
6.597822269885196533e+01
6.606393378932905591e+01
6.617196870451950019e+01
6.624280415012286483e+01
6.603897399599684093e+01
6.623500244860534281e+01
6.629362731134064290e+01
6.634240178874419769e+01
6.640339582361552573e+01
6.632598582947187538e+01
6.595609070971579513e+01
6.637779723938406562e+01
6.638599981167207886e+01
6.647011359470914726e+01
6.664357745261862931e+01
6.634029198060540011e+01
6.663217550556308311e+01
6.646184987804885225e+01
6.671381141305292317e+01
6.700693278029217481e+01
6.651532534639002847e+01
6.656394082672809986e+01
6.664467225911566572e+01
6.639603895690048319e+01
6.666662689198096814e+01
6.692016099955729658e+01
6.696452582490326222e+01
6.690304567256821144e+01
6.724972964760829086e+01
6.716341442740049672e+01
6.714887953763650330e+01
6.676555953601440763e+01
6.720875519184211555e+01
6.718112201072446510e+01
6.682702864172583190e+01
6.693115343088230418e+01
6.699187284281302368e+01
6.719848116660473636e+01
6.712060554386741273e+01
6.663719999119672366e+01
6.702282737458772033e+01
6.669789674555994452e+01
6.708304130719838554e+01
6.674210734469525619e+01
6.681028591000659844e+01
6.691957382798476317e+01
6.699240988751675729e+01
6.731654979784300963e+01
6.723311234834693551e+01
6.685016910396466017e+01
6.708066566212957582e+01
6.737939250433642258e+01
6.690555794251419286e+01
6.735916504153040307e+01
6.736408731037111863e+01
