7.134893674658582086e+01
7.001990400506331014e+01
6.953877122645302222e+01
7.016756387189448674e+01
7.128464449958329396e+01
7.196848914211469150e+01
7.373325546706597322e+01
7.470746323088324914e+01
7.519654011141051342e+01
7.608585387129078015e+01
7.830409122166392422e+01
7.977108615740789332e+01
8.094242439595088001e+01
8.196199089420647965e+01
8.194929244638009891e+01
8.400914967233556752e+01
8.334839190860722624e+01
8.399342477346584701e+01
8.406102226552769707e+01
8.378348756601317859e+01
8.320068481140772576e+01
8.383807536863351118e+01
8.323083575030564418e+01
8.396117465801219737e+01
8.370687851963855053e+01
8.404201676476293414e+01
8.376484767851893309e+01
8.372643170391071976e+01
8.414823308685210179e+01
8.359656361620899645e+01
8.339489145309534024e+01
8.353615240547347298e+01
8.351160417017031534e+01
8.286713114917000667e+01
8.395182761828571927e+01
8.403733566599545668e+01
8.393033317991451270e+01
8.328359031012169567e+01
8.337982520945726606e+01
8.194972437735266624e+01
8.327683661931918380e+01
8.308373490483157298e+01
8.359344940652974287e+01
8.370917271146497285e+01
8.266527605781098487e+01
8.328646868644855772e+01
8.276030334196339311e+01
8.340354504969982941e+01
8.383578338148380737e+01
8.284517656013028386e+01
8.263197148017427196e+01
8.316945842326003913e+01
8.176469683685442646e+01
8.233125892050523476e+01
8.298197053663389511e+01
8.353282196753042399e+01
8.292536997425366962e+01
8.377817859101327258e+01
8.329520338656978140e+01
8.297202935747698405e+01
8.119764971344062587e+01
8.350115618764634462e+01
8.326487956988449923e+01
8.162272801465054783e+01
8.185601014339137294e+01
8.172447965610842857e+01
8.288752352875428642e+01
8.216764708619759006e+01
8.085022584543204971e+01
8.141932593544518681e+01
8.079539838884463165e+01
8.182265823564465279e+01
8.049886262935595482e+01
8.102479031932308828e+01
8.106147647020749503e+01
8.112233177528099759e+01
8.226768238985998494e+01
8.159471193471587469e+01
8.072369100661285302e+01
8.117628570930313003e+01
8.250825104392177423e+01
8.084662099305985805e+01
8.213480866604406572e+01
8.257472813784781351e+01
