7.810760182291451770e+01
7.902205956498042383e+01
7.952984467211066999e+01
7.964608834093662892e+01
7.985095962164041339e+01
7.997470887704461973e+01
7.953716047577316317e+01
7.942095706159838642e+01
7.942223040203967344e+01
7.967898343703416231e+01
7.904171496807671815e+01
7.910585685912278109e+01
7.881117064895809676e+01
7.894406292179968432e+01
7.863849247901180206e+01
7.841337800903538380e+01
7.871218996476278562e+01
7.840712292362860580e+01
7.858346711822900943e+01
7.891007374641928607e+01
7.935135430385182076e+01
7.945725240272581402e+01
7.953784526199554250e+01
7.959562886688553363e+01
7.934070664582556276e+01
7.972283543128965277e+01
7.949976207923165816e+01
7.996594807129280014e+01
7.999240349402641925e+01
7.964141164282027319e+01
8.017136086917746240e+01
8.029402000969461994e+01
8.024451530986827663e+01
8.047263197596744533e+01
7.990456826443703164e+01
8.007744051529060414e+01
8.012589018602878355e+01
8.070970012668992410e+01
8.050932686540082273e+01
8.084463484329394589e+01
8.054691717966238684e+01
8.081656361127092225e+01
8.063452852758699407e+01
8.078715629097278850e+01
8.111454392431463134e+01
8.125784851096469197e+01
8.123899377262388555e+01
8.112418304881873610e+01
8.153057669871012081e+01
8.118431773237232107e+01
8.156658636877061497e+01
8.124848443160878730e+01
8.165368578353104567e+01
8.203517446898179344e+01
8.184393611744491182e+01
8.158199480646491963e+01
8.186684242926645538e+01
8.179359380896501364e+01
8.216842860218068267e+01
8.247869800071640611e+01
8.307477399884363933e+01
8.209119853876971717e+01
8.220911385929841231e+01
8.285879952104922097e+01
8.292819401723794215e+01
8.309860134115947972e+01
8.274711035512110868e+01
8.319147049723017062e+01
8.341283624213971848e+01
8.353115838040662311e+01
8.332042704621437679e+01
8.319038477589694480e+01
8.368405532332924679e+01
8.322606414353190019e+01
8.345673532984784515e+01
8.357208454296667810e+01
8.304750170281718624e+01
8.370640731439345927e+01
8.355474885424997922e+01
8.337413829851094249e+01
8.310717809524980737e+01
8.355884052116250871e+01
8.328502924087064230e+01
8.311186064755359837e+01
