5.354950221844422913e+02
5.355063940886518594e+02
5.357179216123930701e+02
5.359811100102679120e+02
5.365663593635011921e+02
5.367876124702227116e+02
5.375032138033518549e+02
5.378945162832297910e+02
5.381586256873835055e+02
5.385809362188107343e+02
5.393739095879579963e+02
5.397806659782592078e+02
5.402491251073355443e+02
5.405937981480966528e+02
5.407396985692058706e+02
5.413853485174139450e+02
5.413951660525710849e+02
5.417399896974224021e+02
5.418954047254150055e+02
5.418787734627899226e+02
5.417813397317974022e+02
5.419784528150692040e+02
5.419173089274008817e+02
5.421996041023088537e+02
5.423304096704416679e+02
5.424151004250429651e+02
5.424671237630311680e+02
5.425396855482771343e+02
5.426171127230234106e+02
5.426414916241330957e+02
5.425802915346129112e+02
5.426738013547701485e+02
5.426898198694585744e+02
5.426302122426834558e+02
5.430315523348117495e+02
5.431449556458061352e+02
5.431455112191347325e+02
5.428782795876818454e+02
5.430691797524360709e+02
5.427284756562332859e+02
5.431365668078416320e+02
5.431189506385825325e+02
5.434125595715322561e+02
5.433972626255491605e+02
5.431991536680372974e+02
5.433769918708198929e+02
5.433369451595569899e+02
5.435616746212542694e+02
5.436130719364600736e+02
5.434832299634235824e+02
5.434354807868464832e+02
5.436664607665854874e+02
5.432957227920892365e+02
5.434158240965940649e+02
5.436319695411228849e+02
5.438921020206853427e+02
5.437243194741890875e+02
5.439814527122347272e+02
5.438783377355561015e+02
5.437865415150192803e+02
5.433567539557712962e+02
5.440865017026864052e+02
5.440813588259221660e+02
5.436513484842000707e+02
5.437358024140831958e+02
5.437450451671718383e+02
5.441318963088740475e+02
5.439346612791632651e+02
5.437665912433503763e+02
5.438215071787641364e+02
5.438123114159989200e+02
5.440817826715001502e+02
5.437954968106188289e+02
5.440348586651017513e+02
5.440430245300710794e+02
5.440779382588260660e+02
5.444191572967247339e+02
5.442496114833060119e+02
5.441884021137719856e+02
5.442809751796220326e+02
5.447092449289876868e+02
5.443420764679190142e+02
5.446773090616334230e+02
5.448495368569688253e+02
