6.907038944570722094e+01
7.125965939343117839e+01
7.243307531923430531e+01
7.238288745249938927e+01
7.205807653857078776e+01
7.181659218662379374e+01
7.007310165288636483e+01
6.938132861228679360e+01
6.930109113113007879e+01
6.902020596899082250e+01
6.706952408474779759e+01
6.613363271231493457e+01
6.506094255578587138e+01
6.451508055163722588e+01
6.480302344278769056e+01
6.313638231202077122e+01
6.396604053401118506e+01
6.341240970551683631e+01
6.352646276376543710e+01
6.449567837127737846e+01
6.565852116473487854e+01
6.556617183682739380e+01
6.613944115210908592e+01
6.577669873687977997e+01
6.597980525983312816e+01
6.625243779587120230e+01
6.640259743421293592e+01
6.722154385576746449e+01
6.691392032965018188e+01
6.696399920588503107e+01
6.775731224894043692e+01
6.787469374703623259e+01
6.809422103932682546e+01
6.899869676772186722e+01
6.740074509922608570e+01
6.766774949595250632e+01
6.803164341778324342e+01
6.928414870945582038e+01
6.931801542468365085e+01
7.078143278816668271e+01
6.963862397842923713e+01
7.007601615885550927e+01
6.949668965800849207e+01
6.981488967112304067e+01
7.108230191828079114e+01
7.085780351456503467e+01
7.155523952451237335e+01
7.100756151995106791e+01
7.133482118260982929e+01
7.161547406721949471e+01
7.232657902826196050e+01
7.158815265409387507e+01
7.347535197401118978e+01
7.345190583808962970e+01
7.293463568974998168e+01
7.235135394622724903e+01
7.322864480567794487e+01
7.262834044512642606e+01
7.337244455749429051e+01
7.426131031656589698e+01
7.658694312811014981e+01
7.353021524823955701e+01
7.396179732134586970e+01
7.621932971190862816e+01
7.608828230113704194e+01
7.669079196813537180e+01
7.514794848921859227e+01
7.649346441883275816e+01
7.782365483105701287e+01
7.767726848035076159e+01
7.805758925191082653e+01
7.712444002294397194e+01
7.888016222526732690e+01
7.790733294454932434e+01
7.837723126115255923e+01
7.852057268423389758e+01
7.697954680840923913e+01
7.845797342893889947e+01
7.903416837733486489e+01
7.854885728320468274e+01
7.723510937708481094e+01
7.915600793934923729e+01
7.801601627064265188e+01
7.701651867011767649e+01
