5.038155660696180007e+02
5.039971906455280646e+02
5.041783922547869565e+02
5.044263362875598204e+02
5.047054191567004864e+02
5.049422242943098240e+02
5.052563659980220905e+02
5.054693821653659143e+02
5.056290644223496997e+02
5.058892130981084847e+02
5.062199069967106198e+02
5.064794219687444752e+02
5.067410847769783118e+02
5.069651702577172045e+02
5.069803081643771066e+02
5.073750812501712062e+02
5.074413201108880571e+02
5.075578288471205042e+02
5.077273813343214215e+02
5.077385718959106384e+02
5.077237094108864426e+02
5.078375871664918577e+02
5.078507273869466871e+02
5.080041072476827253e+02
5.080139957416663492e+02
5.081111062988504727e+02
5.080969044904992984e+02
5.080946777518350927e+02
5.082293971357179316e+02
5.081760580708178736e+02
5.082272421325398568e+02
5.083048553624091142e+02
5.082967253812673221e+02
5.082349554104318941e+02
5.084457204526982537e+02
5.084902047634189444e+02
5.084741347434741101e+02
5.084579575224112773e+02
5.084563472062840788e+02
5.083161922717724224e+02
5.085678752674789393e+02
5.085634518380346094e+02
5.086298374841280747e+02
5.087032068472002493e+02
5.085792746868851282e+02
5.086923955655287273e+02
5.086007565945631086e+02
5.087154562181163442e+02
5.087617821197990224e+02
5.086961980878298846e+02
5.087245632052310498e+02
5.087792768056883688e+02
5.085796992999017903e+02
5.086644060351045482e+02
5.087273295396949493e+02
5.088084495471208584e+02
5.087237735941935171e+02
5.088945763847609101e+02
5.088435596131976695e+02
5.087733220094687567e+02
5.085983601671625252e+02
5.089188543875986284e+02
5.088828744698311084e+02
5.087532226127508466e+02
5.088055538019846153e+02
5.087691009848387012e+02
5.090088896032418120e+02
5.088980340340326052e+02
5.087850291798013700e+02
5.088737169172450194e+02
5.087801451711550840e+02
5.089712391958684634e+02
5.088186467221030966e+02
5.089038910337118864e+02
5.089474560056656856e+02
5.089741650894167719e+02
5.091427734790602813e+02
5.091249258221030232e+02
5.090232113126424451e+02
5.091027082372739301e+02
5.093060565000561155e+02
5.091536043734781174e+02
5.092956102174479724e+02
5.094423526997258023e+02
