-1.291411559572919754e-01
-1.291595049569456422e-01
-1.294686405540975416e-01
-1.293182476533869807e-01
-1.297037307450289445e-01
-1.295222628363140172e-01
-1.280810127614998573e-01
-1.275416679809441289e-01
-1.272812424452608726e-01
-1.276953159687174433e-01
-1.271288789480261028e-01
-1.272273807402957702e-01
-1.263941808718086202e-01
-1.265359646240525882e-01
-1.258607551705701877e-01
-1.259326644780391358e-01
-1.261338765868629253e-01
-1.255028034450511309e-01
-1.258294433023230408e-01
-1.274197424342741469e-01
-1.285951637856715402e-01
-1.290541307731011278e-01
-1.290287787709142875e-01
-1.297585485169192310e-01
-1.293162667826096845e-01
-1.305532589946625244e-01
-1.296900720243356897e-01
-1.307335456899231807e-01
-1.312734952022410195e-01
-1.301412885159163313e-01
-1.312687144309237219e-01
-1.317868903132964065e-01
-1.316303945776853557e-01
-1.323504162017030417e-01
-1.310971573649480360e-01
-1.317649481444630455e-01
-1.318302234554390995e-01
-1.332612902214534156e-01
-1.336662129697607504e-01
-1.332455983553742784e-01
-1.339760256299465935e-01
-1.340379244524606828e-01
-1.335140997494673465e-01
-1.346028268496633762e-01
-1.350030375690704498e-01
-1.354880564301615964e-01
-1.356318144126253677e-01
-1.353991808474816205e-01
-1.369349751995541931e-01
-1.357619830906095781e-01
-1.371837444204813683e-01
-1.360063287062164838e-01
-1.367992393186268363e-01
-1.377609873768449178e-01
-1.377325514112058003e-01
-1.376427118650160319e-01
-1.377859512213503168e-01
-1.380678443231054819e-01
-1.384625580555888802e-01
-1.397683097209468650e-01
-1.410154684865279340e-01
-1.394082226052935358e-01
-1.393365114022180606e-01
-1.411940599610443103e-01
-1.413405075539460320e-01
-1.418522467941122911e-01
-1.414090425240465410e-01
-1.426904368989429239e-01
-1.427504915940137620e-01
-1.431192819487314971e-01
-1.425474010497072008e-01
-1.426799412857567839e-01
-1.436695489551363392e-01
-1.420921333710947754e-01
-1.435584207546829749e-01
-1.435682963291380898e-01
-1.421838456996984135e-01
-1.445044395394747827e-01
-1.435928019169678826e-01
-1.429835917142006085e-01
-1.435447656545765505e-01
-1.442654639659327886e-01
-1.441163963411148941e-01
-1.429031228237889750e-01
