5.354950661617289143e+02
5.355308463449918008e+02
5.351636061479974842e+02
5.353338941128621400e+02
5.358060799233005582e+02
5.364473944884069851e+02
5.373009740049004677e+02
5.370567818662972286e+02
5.376308254203098613e+02
5.377436931807267229e+02
5.377334633775137718e+02
5.382521562855923776e+02
5.384745557909883473e+02
5.388832445627795096e+02
5.387384990653766863e+02
5.389556302941055037e+02
5.397162288574054401e+02
5.389037215056556533e+02
5.397464111532085553e+02
5.394026423117516060e+02
5.397401446548508375e+02
5.397117560710356656e+02
5.395132553069913683e+02
5.387651096234940269e+02
5.399999999999998863e+02
5.399999999999998863e+02
5.399999999999976126e+02
5.399999999999998863e+02
5.399999999999857891e+02
5.399999993073097357e+02
5.399999999999998863e+02
5.399999999999998863e+02
5.399999999999787406e+02
5.399999999992016910e+02
5.399999999999998863e+02
5.399999999999998863e+02
5.399999999998605063e+02
5.399999999999998863e+02
5.399999999999998863e+02
5.399999999999994316e+02
5.397290708892453495e+02
5.399999999999988631e+02
5.399999999999998863e+02
5.395975127634984574e+02
5.397131466434141203e+02
5.394986807828713609e+02
5.398070160081923632e+02
5.397541758162063843e+02
5.399999999999947704e+02
5.395240761170584847e+02
5.396574534020625151e+02
5.396812492977081774e+02
5.399999998550141527e+02
5.396219969077114911e+02
5.391453028783953414e+02
5.398015393931427752e+02
5.396020520287481759e+02
5.389922712688377260e+02
5.398907089193469346e+02
5.389549515301021074e+02
5.394427971204876258e+02
5.396547858761067573e+02
5.392301640992709508e+02
5.395421181978053937e+02
5.399752254981996202e+02
5.394160272606692388e+02
5.396971722363898607e+02
5.394323315070187164e+02
5.395320683731998770e+02
5.397466089052924190e+02
5.399999999999998863e+02
5.393961050889578246e+02
5.397700085686113880e+02
5.396933007610861068e+02
5.399999999999998863e+02
5.399999999999998863e+02
5.399999999999998863e+02
5.393321096822234040e+02
5.395026158541874111e+02
5.393635756553379679e+02
5.394512251159400194e+02
5.396018499808654951e+02
5.392265810751023309e+02
5.399999999999408828e+02
