5.038155792882126889e+02
5.040597061467777280e+02
5.041529719956812414e+02
5.043974326457336019e+02
5.048308445182937589e+02
5.051745527463796748e+02
5.057606922263586853e+02
5.056665900791959416e+02
5.060983459991238078e+02
5.063948347511694124e+02
5.064484511813602694e+02
5.069451922939470592e+02
5.070947367906308045e+02
5.073626385618991890e+02
5.075318696392649827e+02
5.075389279100150475e+02
5.081268165899462019e+02
5.080304369113749772e+02
5.087542579115786907e+02
5.085691495696792117e+02
5.087139292511166673e+02
5.089811032713195118e+02
5.088321481627364733e+02
5.085809919333762537e+02
5.091899613828274482e+02
5.092772692418047313e+02
5.093271034520279272e+02
5.093757567326453568e+02
5.094283173456042277e+02
5.095271244497089924e+02
5.098103717705442364e+02
5.096701785351760350e+02
5.096524962214067500e+02
5.097726134452343558e+02
5.098488903979294378e+02
5.097458504807599979e+02
5.099223130338165220e+02
5.097957552834236026e+02
5.097921939181369453e+02
5.099999999966127007e+02
5.099999999992409698e+02
5.097713287143615162e+02
5.099999999999999432e+02
5.099999999997842224e+02
5.099999999998507292e+02
5.099999999999913598e+02
5.099999999999991473e+02
5.099999999999986926e+02
5.099963203157549856e+02
5.099999999999993179e+02
5.099999999996215934e+02
5.099999999999973284e+02
5.099999999999999432e+02
5.099999999999401439e+02
5.097461914593475285e+02
5.099999999998202611e+02
5.099999999997344844e+02
5.099999999999806164e+02
5.099999999999093916e+02
5.099999999999999432e+02
5.099999999999989768e+02
5.099999999999948841e+02
5.099999999998318003e+02
5.099999999999882903e+02
5.099999999999956799e+02
5.099999999983368184e+02
5.099999999999964189e+02
5.099999999999997158e+02
5.099999999999994884e+02
5.099999999746133881e+02
5.099999999999999432e+02
5.099999999999947704e+02
5.099999999999999432e+02
5.099999999999999432e+02
5.099999999999823217e+02
5.099999999999997726e+02
5.099999999999996021e+02
5.099999999985334398e+02
5.099999999999049578e+02
5.099999999999977263e+02
5.099999999998987619e+02
5.099999999996572342e+02
5.099999999963675350e+02
5.098629978948196140e+02
