5.904376642334723613e+01
5.847933248571505516e+01
5.804340697744871136e+01
5.801793503402239338e+01
5.847770227073499427e+01
5.866692166527841579e+01
5.921709268697579631e+01
5.894994990630775789e+01
5.895849690543998634e+01
5.932236484509961372e+01
5.846037523007597514e+01
5.867805180709697765e+01
5.877455467441161119e+01
5.870339522160635681e+01
5.849419630923804903e+01
5.817427153020904029e+01
5.822037462899027815e+01
5.767769145989380775e+01
5.896467159986777062e+01
5.807617460757423089e+01
5.754059281795247927e+01
5.809077905425163380e+01
5.731854363708246325e+01
5.685283593100017896e+01
5.728129599435523289e+01
5.724487589913672991e+01
5.737243438174601096e+01
5.714301637074556339e+01
5.684200194934389572e+01
5.662872386564437477e+01
5.674418549848785176e+01
5.610929710477230969e+01
5.619401827093290080e+01
5.637477814549676225e+01
5.638716210990051536e+01
5.518513205910372932e+01
5.596231966568924321e+01
5.533777834837227516e+01
5.556292536078448308e+01
5.494352257813605434e+01
5.553231728206497309e+01
5.461683936498013736e+01
5.470829520427469816e+01
5.426310117494337248e+01
5.386889450571040783e+01
5.389589903223961898e+01
5.338152809007521427e+01
5.360460195661684679e+01
5.414422729059739225e+01
5.391614626917919395e+01
5.287315753359582260e+01
5.396796350304242651e+01
5.343203037015828016e+01
5.311045776772989058e+01
5.263720583741113757e+01
5.334483155697236612e+01
5.305484020327903494e+01
5.272297008560745724e+01
5.355496409700853633e+01
5.391373495579561848e+01
5.308908816589348589e+01
5.362620872533287297e+01
5.262043491614111446e+01
5.269465287981354606e+01
5.233274321566823062e+01
5.243635838368793145e+01
5.259547084838773401e+01
5.261332407386700538e+01
5.221564334216185443e+01
5.205219005393937692e+01
5.170552268951578156e+01
5.141380880248866703e+01
5.253320689560397483e+01
5.278787197394292008e+01
5.182283650403766018e+01
5.273658367634487831e+01
5.300095838996179509e+01
5.260193961691219755e+01
5.175451846530003053e+01
5.283072320438652270e+01
5.222952275020928425e+01
5.190189402219995429e+01
5.295133380923357436e+01
5.198265992904634913e+01
