7.810751844747633754e+01
7.768274069846782481e+01
7.800970871306593324e+01
7.729870266201116635e+01
7.732676765354375448e+01
7.633712970552630850e+01
7.517095175400025653e+01
7.555740460037640105e+01
7.470819013530663710e+01
7.473625551329794803e+01
7.404465234054889322e+01
7.392303686746149083e+01
7.359984462332198518e+01
7.231866152204196396e+01
7.296128239304719898e+01
7.252655794559380809e+01
7.188991348547345694e+01
7.267361653343996863e+01
7.310589338234433399e+01
7.273956265790278053e+01
7.127871723281893424e+01
7.226900555254293579e+01
7.229721848240585302e+01
7.303591040343783902e+01
7.160181085201114115e+01
7.186680946859114272e+01
7.167225286177152555e+01
7.186708211665856538e+01
7.144239154719217311e+01
7.162063009781293488e+01
7.215761274418913729e+01
7.171736833576353831e+01
7.140535498648385726e+01
7.195459512559645532e+01
7.266342070631354488e+01
7.121731465885557100e+01
7.157884147193347246e+01
7.174246491404046822e+01
7.191609164727900350e+01
7.215417010778011786e+01
7.339626513408325081e+01
7.117088134068920624e+01
7.144736960682405424e+01
7.255475514916412294e+01
7.173177716644460133e+01
7.330384115213834662e+01
7.210739541108303285e+01
7.221515863578623851e+01
7.222832226883029705e+01
7.277146606970784148e+01
7.300766419945090036e+01
7.300481693744832512e+01
7.179251682902898324e+01
7.295160609608639390e+01
7.269962022727196427e+01
7.225491866661960216e+01
7.294063579715066226e+01
7.397954950410155561e+01
7.233736451075978380e+01
7.549805834383761294e+01
7.315312254257136715e+01
7.370407841608279398e+01
7.522562442340202438e+01
7.364625995614134979e+01
7.272054837119112847e+01
7.458156056735572292e+01
7.375755608334161195e+01
7.394579401051390732e+01
7.350987130209891518e+01
7.428449286646595340e+01
7.307155034457278475e+01
7.404197461751357423e+01
7.333736462402072220e+01
7.426888117071707995e+01
7.317797582930680278e+01
7.414149154605975411e+01
7.395972474284808129e+01
7.615820023808620931e+01
7.610855288396184903e+01
7.650584842561342214e+01
7.611276965089236057e+01
7.461494776078130542e+01
7.671361662822636163e+01
7.423452231414360369e+01
