-1.291409819016767768e-01
-1.170604702071153524e-01
-1.279451133449620859e-01
-1.193566076802032444e-01
-1.200606606883612149e-01
-1.110823423435478019e-01
-9.601846333201928541e-02
-9.957019068648279014e-02
-1.138814172823275350e-01
-1.077599096376108817e-01
-1.111452938019572290e-01
-1.079331804253732680e-01
-9.423342492403773141e-02
-8.813040525373992684e-02
-8.663300251917628592e-02
-8.553625319694090068e-02
-7.861693040123221565e-02
-5.956005529387069231e-02
-7.551879406778437553e-02
-9.033297005573678873e-02
-7.896218409118438419e-02
-6.405740692040529094e-02
-8.951557030309090224e-02
-5.713317963375479092e-02
-6.856299771349860794e-02
-7.229316578440728169e-02
-6.016891542292902156e-02
-7.924905726537424810e-02
-7.495297419286171825e-02
-4.822635551084580863e-02
-4.734646284971291696e-02
-4.579472674656168835e-02
-6.743430959037624572e-02
-2.781293080023520409e-02
-5.968238218288928615e-02
-3.991285101903731258e-02
-4.980951899141878442e-02
-5.455922590698526059e-02
-4.731175418905290281e-02
-9.540019539332924084e-03
-5.995660476277604733e-02
-5.237639033469519007e-02
-4.751283782061720140e-02
-6.261997185413319122e-02
-4.460345774404694819e-02
-3.083911675417213769e-02
-3.047725712718480154e-02
-1.121660772165451563e-02
-2.511430986112624456e-02
-2.172919792669800870e-02
-4.468903159691352961e-02
-4.403429790691554963e-02
-5.500396149904181881e-02
-3.882948680662245272e-02
-3.554706826852547380e-02
-5.024585728248744977e-03
-2.235838294064838860e-02
-2.142506310983042020e-02
-2.747905020862128830e-02
-1.529851232896036785e-02
1.930546340895842585e-03
-2.210060189798278979e-02
-2.458596055455344528e-02
-3.165682615643052034e-02
1.030876521569768466e-02
-1.954796430245563099e-02
1.589281238308969807e-02
-1.985977256916744010e-02
2.053081112748030013e-02
-1.841283855330336922e-02
-2.931151508175896050e-02
9.724294140682404608e-03
-2.841488893740746688e-02
3.673836396962706832e-03
-1.124206172216660193e-02
2.060275115339681683e-03
-2.839435330040085325e-05
2.757074464389449100e-02
-2.645294831280563946e-02
3.708758761585323818e-03
2.974859970740512463e-02
1.531181351825347189e-02
2.820732423570965035e-03
-2.256380848793540506e-02
