3.684484907820840479e-09
3.685942558531273015e-09
3.686104147914960157e-09
3.686691262853183791e-09
3.690404832049147445e-09
3.691501481186440349e-09
3.693292534722919717e-09
3.693244526999153423e-09
3.694648961031476207e-09
3.695637748443376757e-09
3.696041247208355981e-09
3.697856367852807098e-09
3.698527693186687972e-09
3.699292183324398913e-09
3.699762411321149956e-09
3.700131305922085571e-09
3.702077340807723505e-09
3.701938753525874063e-09
3.704007588989682974e-09
3.703829538336252795e-09
3.704279073243425377e-09
3.705167122581932125e-09
3.705156318272125785e-09
3.704375689866519119e-09
3.706596401008114058e-09
3.708182788221444357e-09
3.707639907557794366e-09
3.708510566721684609e-09
3.708072915753402984e-09
3.707978118310798083e-09
3.708893985782925073e-09
3.709981152862277769e-09
3.710013360486693394e-09
3.709364141792087144e-09
3.710319490319591639e-09
3.711367262653497354e-09
3.710393504816189555e-09
3.710921854946324596e-09
3.710908063218046499e-09
3.711726217485964933e-09
3.711799061695218874e-09
3.711200544647381604e-09
3.714024945282792751e-09
3.710577393564192609e-09
3.712285546189057774e-09
3.712584018807377749e-09
3.710711860901245034e-09
3.712848389125326522e-09
3.711668494953727807e-09
3.715035688977699533e-09
3.712882447304776792e-09
3.713229346247942043e-09
3.713128148103478557e-09
3.713425363908304810e-09
3.710463786412000028e-09
3.712462179574334936e-09
3.713600217602047478e-09
3.712539732615918486e-09
3.713577124080442571e-09
3.714533623441782713e-09
3.716731657977156486e-09
3.715010984805210256e-09
3.716935700392197412e-09
3.714481380983763549e-09
3.715859288344122934e-09
3.717170413911338274e-09
3.715706865888837598e-09
3.720372823019379423e-09
3.713821429367313810e-09
3.713582568584399065e-09
3.714280492387334683e-09
3.713098669540173605e-09
3.714682688972989123e-09
3.713910851017749286e-09
3.715079595632828646e-09
3.717844624338244220e-09
3.716083409795839360e-09
3.715636048176529334e-09
3.715654516721993619e-09
3.720587187129315143e-09
3.717397077391436540e-09
3.717692871104329933e-09
3.716626379477081874e-09
3.713666019982256264e-09
