3.798947372701271683e-09
3.799961274833728187e-09
3.799552905787026568e-09
3.800226984399063963e-09
3.806675211149017040e-09
3.808079790380456802e-09
3.810068413881903200e-09
3.809907888168118824e-09
3.811183466777548781e-09
3.811674019469001798e-09
3.811786400869856739e-09
3.813539268522496918e-09
3.814373872761329068e-09
3.815056602477088720e-09
3.814681930389590094e-09
3.815683776310312576e-09
3.817746007004485130e-09
3.815965827906211731e-09
3.818098814299483562e-09
3.817635989384316841e-09
3.818171912885711268e-09
3.818438989528646997e-09
3.818555320005494477e-09
3.816658562732719085e-09
3.820317833393350004e-09
3.822975327810833883e-09
3.821490932792534049e-09
3.822886947798611083e-09
3.821548526320628432e-09
3.820685898615254059e-09
3.820856250552931797e-09
3.823684093208246057e-09
3.823783022445323750e-09
3.821895112080995899e-09
3.823517630021579938e-09
3.825622938430515504e-09
3.822681314020566500e-09
3.824396209170397009e-09
3.824373503207913926e-09
3.824550070302574907e-09
3.823993739113596418e-09
3.824674579975809433e-09
3.828378835974551781e-09
3.821278255438141072e-09
3.824112314475107595e-09
3.824539716848694676e-09
3.821732622598632441e-09
3.825249235718508729e-09
3.824108243403428797e-09
3.828284918035804147e-09
3.825052693533974412e-09
3.825650645750146313e-09
3.826145887699591029e-09
3.825709523246052298e-09
3.820687347114226939e-09
3.824336033463200028e-09
3.825903832965659314e-09
3.822871558118161598e-09
3.826328371117508535e-09
3.826441219739767665e-09
3.830480356030599442e-09
3.828309111228555480e-09
3.831298669967782416e-09
3.827091703307575553e-09
3.830274028331389980e-09
3.831642126307801159e-09
3.829618068487629849e-09
3.836731706019995060e-09
3.825947521041243501e-09
3.826441336390583382e-09
3.827866424662905325e-09
3.824411429764531449e-09
3.827602886143050930e-09
3.826518171027257459e-09
3.829114978162744675e-09
3.834020507254824491e-09
3.830993533281779969e-09
3.828624205793584647e-09
3.829082228039031029e-09
3.836603122935029969e-09
3.831725092309027746e-09
3.831860411738612886e-09
3.829739276959498463e-09
3.827669155576141985e-09
