4.720206226954551454e+01
4.714982418614504667e+01
4.735231765115732117e+01
4.801209196415810965e+01
5.286778434957476236e+01
5.298461961849632473e+01
5.332191432775295681e+01
5.317232144442643005e+01
5.320830865659046793e+01
5.338582268846831624e+01
5.297395372282980475e+01
5.317669983223083108e+01
5.316852147131824324e+01
5.317553560274577507e+01
5.282181483031522617e+01
5.286679913731999392e+01
5.280665516856635833e+01
5.243745066129886823e+01
5.311331301913899949e+01
5.258782632898187615e+01
5.226615487065896559e+01
5.267438843825905792e+01
5.230544327184892239e+01
5.189444577209456355e+01
5.242478301946675856e+01
5.274264213161296766e+01
5.252531971185100446e+01
5.271740715386876275e+01
5.216555921209092617e+01
5.180623153868994279e+01
5.198254917671152242e+01
5.221918461898187047e+01
5.216610943973070391e+01
5.178970920944473022e+01
5.203272280858505638e+01
5.184446463182235476e+01
5.166456468105770483e+01
5.179167516175112240e+01
5.172423587910489573e+01
5.136253559021627524e+01
5.165796939853167657e+01
5.103686258369469186e+01
5.230884734754533127e+01
5.034673646755581444e+01
5.075220051020740897e+01
5.063119472749422556e+01
4.968327993670965270e+01
5.070089526618730957e+01
5.061021392228823146e+01
5.175983777241165740e+01
5.024218958416725656e+01
5.121789392885170145e+01
5.070140553576732145e+01
5.065883375318269799e+01
4.934938145265161324e+01
5.032428580133436924e+01
5.082706152798723309e+01
4.994462004315991521e+01
5.071717596965566344e+01
5.161459111511652509e+01
5.206804857042352808e+01
5.157782842731307937e+01
5.142026764667210870e+01
5.097172122030989527e+01
5.118878022681575857e+01
5.155462551462779430e+01
5.136766897046193492e+01
5.322002398736208306e+01
5.008101769254786717e+01
4.987990526950050452e+01
5.010026464245348876e+01
4.919247836745586966e+01
5.068042917984671192e+01
5.067260318151812015e+01
5.032633477876505879e+01
5.241981904597560771e+01
5.151401859952155604e+01
5.084208337966599345e+01
5.049176881063707611e+01
5.343611336944752566e+01
5.155902849298112756e+01
5.175962414346977880e+01
5.183265112135103436e+01
4.999975530460806539e+01
