6.548188606807613610e+01
6.501149199795139566e+01
6.512033489235942341e+01
6.474870499641436083e+01
6.363791127865671626e+01
6.324720318776665096e+01
6.254353426275263672e+01
6.269055601378665443e+01
6.234098236721195008e+01
6.214305069009006388e+01
6.222348859744062821e+01
6.188441555185288934e+01
6.131263063147437720e+01
6.097636830869967639e+01
6.140876888117727361e+01
6.143072620652014137e+01
6.087788256261179498e+01
6.145001486514431832e+01
6.119996635724411504e+01
6.095567563014989076e+01
6.051321504554335462e+01
6.098574110284639005e+01
6.093603480229147351e+01
6.147591187834414939e+01
6.052313555809029566e+01
5.946706901967746006e+01
5.987941530742550356e+01
5.967900656792163261e+01
5.988044393926163167e+01
6.013617833678703306e+01
6.067787351898180503e+01
5.963816665316628729e+01
5.927072895229091642e+01
6.027319518966194067e+01
6.013272031618199520e+01
5.876163039957067014e+01
5.977730799535565609e+01
5.977308009187473203e+01
5.961741834681846797e+01
5.991137763225134449e+01
6.035374193175062629e+01
5.907307055777828708e+01
5.852128385526781784e+01
6.127453403948565125e+01
6.000705685282479607e+01
6.043108025445312137e+01
6.134689879480823294e+01
5.993772726109565951e+01
6.055704919347719795e+01
5.885086045113293096e+01
6.072516558949038057e+01
6.047047665214939371e+01
5.972948244111719873e+01
6.058237448926146129e+01
6.173030398790506013e+01
6.079956177963795483e+01
6.073716975576185462e+01
6.140168433163842110e+01
5.988271797285005249e+01
6.098230223537290584e+01
5.899359640854054021e+01
6.014123701193585703e+01
5.925451594604425765e+01
6.112357500400640475e+01
5.981952532674466738e+01
5.932032794462664782e+01
6.037345491447819512e+01
5.784627250392230025e+01
6.122105096671077007e+01
6.170524154822695806e+01
6.105239925003134260e+01
6.203035665786256203e+01
6.072399262668702846e+01
6.174053432034073552e+01
6.062067501838014749e+01
5.977142778406325618e+01
6.025432629599828971e+01
6.155595801244806609e+01
6.215360184024270040e+01
5.956162314535208679e+01
6.099984990241313909e+01
6.079648124307515644e+01
6.200686839551229212e+01
6.200364816204827179e+01
