-4.036798081608021505e-02
-3.964021574036658696e-02
-3.976906065970650661e-02
-3.956986508863929997e-02
-4.212056711661847641e-02
-4.167874534852183954e-02
-3.966333074071091980e-02
-4.101273253783545986e-02
-3.909892221498546122e-02
-4.034550715394593506e-02
-3.985785480064600594e-02
-3.927170591317265952e-02
-3.883815513380711737e-02
-3.836292669189333288e-02
-3.810601512234140786e-02
-3.738985660043807335e-02
-3.657915273904420450e-02
-3.788874115455954927e-02
-3.779965756370951002e-02
-3.730094318960169852e-02
-3.692655252151980094e-02
-3.713042313939894645e-02
-3.682778626236514474e-02
-3.727606943413768609e-02
-3.650423830613959419e-02
-3.548316558430996553e-02
-3.621636484341414497e-02
-3.601599369926204719e-02
-3.566916521720291805e-02
-3.556267239427620547e-02
-3.585574764097845119e-02
-3.542017382907323986e-02
-3.470383894216193255e-02
-3.563065662358502056e-02
-3.567028616289261156e-02
-3.453068934042440724e-02
-3.468215358646090096e-02
-3.509830297544928174e-02
-3.512922875113289045e-02
-3.474118512482044646e-02
-3.503650349436144423e-02
-3.419897120637314936e-02
-3.409073898870058905e-02
-3.510467923540051133e-02
-3.417770932831348113e-02
-3.453598222149462799e-02
-3.479286061798683022e-02
-3.412323740482221118e-02
-3.473106903956407060e-02
-3.388168683037828810e-02
-3.431229220300643923e-02
-3.450138491156276577e-02
-3.382883069333857823e-02
-3.432859202605502424e-02
-3.453035780825664675e-02
-3.400764445841042427e-02
-3.366336525658232548e-02
-3.367705445358819966e-02
-3.299195994953461192e-02
-3.377213763473266295e-02
-3.263220081229824265e-02
-3.318808879862955585e-02
-3.223414354290362466e-02
-3.359557827990874990e-02
-3.268045349318755843e-02
-3.227886964590851587e-02
-3.278763663161373548e-02
-3.185148781285640496e-02
-3.300450723576823370e-02
-3.307207829636044788e-02
-3.271500221623009630e-02
-3.289947787566788184e-02
-3.261375806893546114e-02
-3.285438038739871280e-02
-3.199979258471523369e-02
-3.196924705292395613e-02
-3.196098786492065219e-02
-3.275761116689124980e-02
-3.251024128605398134e-02
-3.176650955694777789e-02
-3.190028102892933370e-02
-3.211753638900716884e-02
-3.263683010627976139e-02
-3.223280652807687663e-02
