2.009753579568908423e-13
4.956621687640356735e-14
5.373524313785952503e-14
1.948896090701147691e-13
1.516184608133469975e-14
2.134609127065218593e-12
1.903835875045079597e-15
1.699434035651216260e-12
1.376682420366103848e-12
8.640961680011914519e-13
1.617336454817584124e-12
3.393712103679868139e-12
5.813326373307571661e-13
3.329693038318110160e-12
3.933912977416424838e-14
1.907016647936664513e-14
3.852551487304929797e-12
5.926991281145713754e-13
1.088600748471190329e-14
3.091644639259661451e-13
7.370337919572433751e-14
7.531218426979838866e-14
3.892605021894918841e-13
2.657746915663028292e-12
