3.438060128137074400e+01
3.302513060291686031e+01
3.227475989142483570e+01
3.129680211350354924e+01
3.058371927112021993e+01
2.979579916161118547e+01
2.903546111067388935e+01
2.837060891255599415e+01
2.751588898653378834e+01
2.690626588770641092e+01
2.610936090083493966e+01
2.557206973749554990e+01
2.493650013895232220e+01
2.437283265238365715e+01
2.388947923927176475e+01
2.348204952208524787e+01
2.294353022630042460e+01
2.258470677545727767e+01
2.224330692016706834e+01
2.176902732002197638e+01
2.150602828676463929e+01
2.115103150265172971e+01
2.080661270202336510e+01
2.060727124062732329e+01
