9.999999999999982947e+01
9.999999999999997158e+01
9.999999999999410250e+01
9.999999999999965894e+01
9.999999999999512568e+01
9.999999999996133226e+01
9.999999999999998579e+01
9.999999999995691269e+01
9.999999999997393729e+01
9.999999999888133573e+01
9.999999999996954614e+01
9.999999999999684519e+01
9.999999999986138732e+01
9.999999999969354292e+01
9.999999999999582201e+01
9.999999999999944578e+01
9.999999999996046540e+01
9.999999999997412203e+01
9.999999999995435473e+01
9.999999999997305622e+01
9.999999999999832312e+01
9.999999999947806373e+01
9.999999999985186605e+01
9.999999999954427210e+01
