5.399999999999926104e+02
5.399999999999313332e+02
5.399999999999154170e+02
5.399999999998736939e+02
5.399999999999920419e+02
5.399999999997727400e+02
5.399999999999959073e+02
5.399999999998857447e+02
5.399999999999474767e+02
5.399999999999998863e+02
5.399999999999312195e+02
5.399999999996921360e+02
5.399999999999976126e+02
5.399999999994539621e+02
5.399999999999479314e+02
5.399999999999849933e+02
5.399999999987716137e+02
5.399999999999471356e+02
5.399999999999934062e+02
5.399999999999562306e+02
5.399999999999998863e+02
5.399999999999998863e+02
5.399999999999153033e+02
5.399999999986424655e+02
