4.649158499110614571e+02
4.699930057079777157e+02
4.699999999472458967e+02
4.600499999998941689e+02
4.699995676963264373e+02
4.699999990387582898e+02
4.699999999999964757e+02
4.699999999997650093e+02
4.699999999944606657e+02
4.699999999529991896e+02
4.699999999993247570e+02
4.699999999942805289e+02
4.699999999997650093e+02
4.699999999997648388e+02
4.699999999999951115e+02
4.699999999999940883e+02
4.699999999985006980e+02
4.602844977324215279e+02
4.600109138272039218e+02
4.698970783670119431e+02
4.699999077636899187e+02
4.699999077636899187e+02
4.699999995388182015e+02
4.699999999976940899e+02
