5.069615384259437860e+02
5.070660974917384465e+02
5.071549275669847248e+02
5.072873597207722014e+02
5.073511147614175343e+02
5.074202477065937842e+02
5.074913972170825787e+02
5.075918654893088160e+02
5.076495291190175863e+02
5.077816631143172117e+02
5.078497911213740394e+02
5.079160494221691238e+02
5.079878811794245053e+02
5.080602532538903233e+02
5.081242393023580917e+02
5.082271205739031075e+02
5.082568027708618956e+02
5.083101927727279872e+02
5.083730192706207163e+02
5.083801067378602738e+02
5.084524844549266618e+02
5.085067119264176085e+02
5.085533027891942197e+02
5.085818248351214379e+02
