1.208581398285041075e+00
5.996257210489021361e+01
1.087546672500749878e+00
5.997392079214509408e+01
5.999999251961175162e+01
5.999999998934035261e+01
5.999999999999996447e+01
5.999999999987060306e+01
5.999999999991423039e+01
5.999999999399984318e+01
5.999999999972951059e+01
5.999999999961804775e+01
5.999999999984633092e+01
5.999999999969467268e+01
5.973306874707145653e+01
5.966670944694521950e+01
5.998908749634086490e+01
5.999953691773428233e+01
2.180377522688522163e+01
5.950791320811455165e+01
5.999955900163851652e+01
5.999955900163851652e+01
5.999999779500819130e+01
5.999999990319024334e+01
