4.628797626562361245e+01
4.543054825924541973e+01
4.486303556224530098e+01
4.426479693894255973e+01
4.376450363956205081e+01
4.312657260641341139e+01
4.264633862897294847e+01
4.208476098377955310e+01
4.146103875451051834e+01
4.102863117165999540e+01
4.043580392279667990e+01
3.997571569356110643e+01
3.953676095986694605e+01
3.910299367237935542e+01
3.874817048676106879e+01
3.845224604123669110e+01
3.805746807233193607e+01
3.774042879881627499e+01
3.747841457723874470e+01
3.706458142225554298e+01
3.683218201159358074e+01
3.663893435142482957e+01
3.638511570343739976e+01
3.607476545975940496e+01
