7.740219303412627028e+01
7.696056487751374675e+01
7.670741715768006941e+01
7.646000095085730663e+01
7.627136741771451511e+01
7.604232707373896005e+01
7.598458055252591237e+01
7.563685618054933002e+01
7.550798079097422999e+01
7.534661265441967259e+01
7.520455879259320398e+01
7.500454163681381203e+01
7.494465375428468690e+01
7.483199079221930106e+01
7.472755193552829667e+01
7.465624189679853373e+01
7.456630253803130870e+01
7.439577883630931865e+01
7.437553680948451529e+01
7.431699937607129414e+01
7.417780175142803500e+01
7.424489785821556609e+01
7.425067003113743169e+01
7.402859046603246895e+01
