-7.004208871405922729e-03
-2.169362565391871542e-03
5.801501363480204734e-05
3.649002872435346337e-03
6.704858365747369195e-03
9.291429072134958084e-03
1.354130465404774879e-02
1.386378173014605857e-02
1.811077850502296194e-02
1.930830912713170019e-02
2.280394317284869035e-02
2.378551872096553582e-02
2.702314285496480034e-02
2.905022996190169751e-02
3.084211632316187501e-02
3.204159744701309126e-02
3.424558852842779499e-02
3.441213028607514185e-02
3.602504194402399856e-02
3.865431930122339987e-02
3.827239657554573626e-02
4.101146349463201390e-02
4.284868030431867453e-02
4.172237827408849936e-02
