1.330688114454230092e-14
5.336068263288351659e-24
3.794127626518265678e-16
1.716180420720243551e-12
1.760717980003415286e-16
1.883333422320027352e-16
3.801213480328378910e-14
7.773578476685512583e-14
1.432394228000653443e-20
2.131170296499071711e-16
1.399159978771860697e-13
2.092848289974530906e-14
1.327228644249419801e-13
1.115097745047520821e-20
3.086046973410864120e-19
1.376456921827686802e-21
5.785755394954800723e-14
2.058295207127701623e-26
2.787032843926245123e-12
2.389699010821566568e-12
9.756082331759931902e-17
3.192451906281159408e-13
2.898949618974799119e-12
6.704192475278876943e-13
