1.547690854011839789e+01
1.507540013712541160e+01
1.443776319932122121e+01
1.371487965597985692e+01
1.332355447453668518e+01
1.289509367100596116e+01
1.252348801677855406e+01
1.180255969818260731e+01
1.164253123070712626e+01
1.128394170052110823e+01
1.087522383825090877e+01
1.045005918654692323e+01
9.831344386450947326e+00
9.571356420594527847e+00
9.214166875290066727e+00
8.670450321466438126e+00
8.518401273484860425e+00
8.339177618112865176e+00
8.022905394317609407e+00
7.875064171763620280e+00
7.813493107403034266e+00
7.803828717318777919e+00
7.722242920575901337e+00
7.627461221831725702e+00
