9.999999996592407570e+01
9.999999999967506881e+01
9.999999999752799340e+01
9.999999999997139355e+01
9.999999999999833733e+01
9.999999999996605027e+01
9.999999999999467093e+01
9.999999999876480672e+01
9.999999999999916156e+01
9.999999999999744205e+01
9.999999999991406696e+01
9.999999999968230213e+01
9.999999999933548622e+01
9.999999999999938893e+01
9.999999999999931788e+01
9.999999999999215561e+01
9.999999999980103382e+01
9.999999999999970157e+01
9.999999999996435918e+01
9.999999999967201347e+01
9.999999999999555200e+01
9.999999999972723685e+01
9.999999999966483699e+01
9.999999999996603606e+01
