5.084056957690851277e+02
5.084092734973064580e+02
5.085000169768741216e+02
5.085023739079663869e+02
5.085602382810748168e+02
5.087049374366158077e+02
5.086659864100682853e+02
5.087392596393133886e+02
5.088265667607064984e+02
5.089072165248455804e+02
5.089380162501232689e+02
5.090136370949926459e+02
5.090063944046293614e+02
5.090896956446250670e+02
5.091878131079885179e+02
5.092295346949657073e+02
5.091789237589525783e+02
5.093103614649052133e+02
5.093376348531671169e+02
5.094086906746522914e+02
5.094319517880082913e+02
5.094485095879045389e+02
5.095076295598380511e+02
5.095555029944411558e+02
