4.600500000000000114e+02
4.600500000000120622e+02
4.600500000000450314e+02
4.694203090510048924e+02
4.699971015452550205e+02
4.699999808172991607e+02
4.699999999993141842e+02
4.699999999965555730e+02
4.699999999871143359e+02
4.603170114368331838e+02
4.699515850571841611e+02
4.699997579252822675e+02
4.699999998460155552e+02
4.699999999996702513e+02
4.699999999997650093e+02
4.699999999529999855e+02
4.699999999987191472e+02
4.699999999529999855e+02
4.699999999964558128e+02
4.699999999997650093e+02
4.604004667080778290e+02
4.699763611124854492e+02
4.699994163452823273e+02
4.699999843723802542e+02
