5.399999999986571311e+02
5.399999999999998863e+02
5.399999999999998863e+02
5.399999999996442739e+02
5.399999999999998863e+02
5.399999999999998863e+02
5.399999999999697593e+02
5.399999999997936584e+02
5.399999999999998863e+02
5.399999999999998863e+02
5.399999999999987494e+02
5.399999999999445208e+02
5.399999999999747615e+02
5.399999999999998863e+02
5.399999999999998863e+02
5.399999999999998863e+02
5.399999999999974989e+02
5.399999999999998863e+02
5.399999999993201527e+02
5.399999999986456487e+02
5.399999999999998863e+02
5.399999999999147349e+02
5.399999999986283683e+02
5.399999999997830855e+02
