3.643123502220075949e+01
3.643123502220075949e+01
3.643123502220075949e+01
5.851375190553363836e+01
5.974271131142688773e+01
5.999871355655713501e+01
5.971415870550644911e+01
5.998824323629449395e+01
5.999980717623068216e+01
5.999999388726604366e+01
5.999999940420607203e+01
5.103611869541886392e+00
5.945192472801108607e+01
5.999807529579593535e+01
5.999995182055417331e+01
5.999995182055417331e+01
5.999999979674552719e+01
5.999999979674552719e+01
5.999999998584766558e+01
5.999999999964849451e+01
5.999999999975448617e+01
5.999999999998338751e+01
1.294999999970002591e+00
5.850410959458281468e+01
