3.125441896220210580e+01
3.078308061681457986e+01
3.043611337179930487e+01
2.953489524043115466e+01
2.912506916399363632e+01
2.879252878732950549e+01
2.839220584092166888e+01
2.774940117505651926e+01
2.750765351606795761e+01
2.707708034355353988e+01
2.657733304699038612e+01
2.622749669907410208e+01
2.555034175001007313e+01
2.523426083852374191e+01
2.457384703910534185e+01
2.411070748965209276e+01
2.377564933637486178e+01
2.352299140685810741e+01
2.325142800320425707e+01
2.283937110966614981e+01
2.294868103169731910e+01
2.304838921276191854e+01
2.284512468086100867e+01
2.279736693666981040e+01
