7.303340594881645131e+01
7.291089806615492819e+01
7.301436106384036862e+01
7.299058710988330745e+01
7.285591421952959479e+01
7.301781732747157605e+01
7.278321488613772772e+01
7.322086686772817643e+01
7.281383356083257752e+01
7.278760285631435067e+01
7.266983839678698587e+01
7.270006292036687512e+01
7.309170739227445779e+01
7.267268956273449021e+01
7.257200536454922712e+01
7.297190457443107903e+01
7.258631285569259717e+01
7.268552806525298138e+01
7.293807740734447975e+01
7.275549844750112527e+01
7.297988775138138351e+01
7.273085719154484252e+01
7.267424607771046396e+01
7.281010241701339680e+01
