6.165421842168044425e-02
6.266043918911268218e-02
6.701923594302114373e-02
7.101335919651698136e-02
7.149195468261902719e-02
7.523064452425996806e-02
7.463200336971735627e-02
8.344483955120450547e-02
7.937481051728353942e-02
8.084496638845718730e-02
8.163597184792882600e-02
8.394213447410436846e-02
9.173294361512331074e-02
8.803185810861990923e-02
8.869093427114727035e-02
9.590888996769184049e-02
9.232666188027138787e-02
9.427308355512285798e-02
9.851786310363867816e-02
9.740340396381493016e-02
9.991782483375578894e-02
9.706847556386548337e-02
9.665487145538871616e-02
9.854114463476819352e-02
