6.098784014891676009e+01
6.562955738482868639e+01
6.807849787801968944e+01
7.210743913063184607e+01
7.550323388067054964e+01
7.859052771843128937e+01
8.153546020143525652e+01
8.386449878147813308e+01
8.587061576284695263e+01
8.841872408866601063e+01
9.184880004005556486e+01
9.313852311353701907e+01
9.909618152957843051e+01
9.999999999998773603e+01
9.999999999999998579e+01
9.814064538210293165e+01
9.689795123604329774e+01
9.675316743661215924e+01
9.511952549644458088e+01
9.554480818668493214e+01
9.507479307481054320e+01
9.457459928185370757e+01
9.475429556822859922e+01
9.399295009183755667e+01
9.286590220738969492e+01
9.294870698690179722e+01
9.208796555339844758e+01
9.265700728470193326e+01
9.105756841633677823e+01
8.987522735158268006e+01
8.973721440354539425e+01
8.929265969349403065e+01
8.946562495063768949e+01
8.787414414980808886e+01
8.802538745780367435e+01
8.758584743417274865e+01
8.899675128478192221e+01
8.939709973883219618e+01
8.984512671798265160e+01
8.912547898538412028e+01
8.964368514486926642e+01
8.987926518202745285e+01
8.850850147679393842e+01
8.777072913928417108e+01
8.928031489491971229e+01
8.899478919910865216e+01
8.947631436675409589e+01
8.933381673702555759e+01
8.938972873971701461e+01
8.932390179590501589e+01
8.848775231013392784e+01
8.897259806730605192e+01
8.844738563210654547e+01
8.846961841673727633e+01
8.646169894085133478e+01
8.698709248879723077e+01
8.801865738281739482e+01
8.822398216423067652e+01
8.703228089000172929e+01
8.859174349299142648e+01
8.707720247130288271e+01
8.788529867707511301e+01
8.776540111077169115e+01
8.706360147279742989e+01
8.721561290351409923e+01
8.639965742968557549e+01
8.586783348480254574e+01
8.643879950293889181e+01
8.727136795584900142e+01
8.723939390230526669e+01
8.645880269924018080e+01
8.767076676083098619e+01
8.841424934091224941e+01
8.691397007335262970e+01
8.678824962078071792e+01
8.942853709382401917e+01
8.998350400985717101e+01
8.899317609948383279e+01
9.999999990416291951e+01
9.999999999924737892e+01
9.999999999999965894e+01
9.999999999999556621e+01
9.999999999987865351e+01
9.999999999999901945e+01
