6.753255178576843321e+01
6.248821502072198797e+01
6.049632417714723687e+01
5.676030388963872753e+01
5.361763016282832695e+01
5.056991393223690778e+01
4.764608160828013439e+01
4.506446081982045371e+01
4.301890789430830608e+01
4.020414465285750794e+01
3.664903386280758468e+01
3.489660730885758255e+01
2.927345554990840171e+01
2.780956521588705499e+01
2.704295092954909663e+01
2.646777567244716778e+01
2.670199745831959603e+01
2.580800178199367778e+01
2.662337376890925711e+01
2.603478450416286094e+01
2.605245486291109458e+01
2.590082213879985318e+01
2.494683261065802427e+01
2.520354663431539421e+01
2.575913499108564864e+01
2.556006759847787180e+01
2.567600179955937634e+01
2.502890920082404591e+01
2.582474242417053034e+01
2.646677885854276724e+01
2.608266576858022034e+01
2.572737768698573291e+01
2.578697001684853518e+01
2.650331689015570902e+01
2.650254457373196715e+01
2.658835212792664393e+01
2.553699894667916936e+01
2.482186414719167189e+01
2.392383340702042460e+01
2.463507397229269813e+01
2.356388171191670367e+01
2.294705734065280822e+01
2.399683493416953795e+01
2.426535026781910886e+01
2.244247893456232745e+01
2.255229901074904575e+01
2.251935808100852299e+01
2.260640117644686242e+01
2.203350588344517647e+01
2.206874067626885605e+01
2.257054828660177392e+01
2.187856010507293192e+01
2.158006203351470731e+01
2.245582062109277643e+01
2.280175275316443262e+01
2.251317355740665249e+01
2.193639562439033597e+01
2.130504099473649049e+01
2.193530071107353763e+01
2.102393776232847955e+01
2.146459320372032309e+01
2.067384040928806144e+01
2.133070029240186827e+01
2.164211238836017515e+01
2.124529896887941405e+01
2.125168576494539607e+01
2.143784951491516821e+01
2.141399256573311405e+01
2.017136494883295228e+01
2.050459318444363532e+01
2.062703423353882215e+01
2.016696891795334423e+01
1.996716933215228806e+01
1.974711185103193145e+01
2.049032079745439461e+01
1.885972940551306110e+01
1.874671691140214236e+01
1.886065853739525977e+01
1.004501359005852379e+02
9.890719020601009959e+01
9.689718183515186922e+01
8.770074927616910543e+01
8.733287765654768009e+01
8.605533001271037108e+01
