6.753583902362186109e+01
6.412283279994076679e+01
6.200954070258450201e+01
5.957139946454714874e+01
5.617908261330533293e+01
5.397072746408790067e+01
5.190659363912854474e+01
5.016675824209651324e+01
4.742355620216416412e+01
4.540340503525456484e+01
4.362066046873579239e+01
3.974868077995240156e+01
3.486485917655458877e+01
3.409766559486107695e+01
3.330828562583506880e+01
3.815637646411956752e+01
3.745560616375242091e+01
3.718349194279974057e+01
3.666613925681490116e+01
3.620214802032889168e+01
3.564464644680850114e+01
3.493600184488654747e+01
3.445200182978240377e+01
3.394067145401413654e+01
3.349769367266080167e+01
3.268910968593478117e+01
3.234668417589760026e+01
3.191339091558629804e+01
3.129397683126714469e+01
3.093344286360807160e+01
3.078358926488656166e+01
3.040838025082567952e+01
2.965604988418758126e+01
2.963697214817702275e+01
2.898288335310611785e+01
2.883249110459787090e+01
2.860819230249595080e+01
2.877239927418908749e+01
2.823106951293790345e+01
2.826298051520317500e+01
2.787132588944935563e+01
2.789726132239342249e+01
2.772013172760237865e+01
2.750412944577844598e+01
2.761856929198405908e+01
2.730562568661754952e+01
2.725764489764647536e+01
2.736795419330158907e+01
2.729679241912422327e+01
2.763322655034901487e+01
2.753033391692543930e+01
2.752304273722014827e+01
1.254224223637733218e+02
1.253140878291448530e+02
1.248116052260647990e+02
1.237207135828213893e+02
1.223200818743188307e+02
1.215052541052961743e+02
1.212197439765174636e+02
1.202877343024769914e+02
1.201659587730140402e+02
1.199067404016628302e+02
1.193938889746279983e+02
1.189805716217497462e+02
1.192651289748462915e+02
1.189230534259893659e+02
1.189548835136364460e+02
1.184280988903342262e+02
1.175723759386126517e+02
1.174166970507916119e+02
1.176408661387281995e+02
1.171769874183110289e+02
1.168237976081632041e+02
1.163310619308309981e+02
1.163070775211630945e+02
1.150184186276719203e+02
1.158555784776906279e+02
1.150130062446369124e+02
1.138304950976132943e+02
1.071131942974879934e+02
1.051769063884019317e+02
1.036800184731717422e+02
1.016964936000686635e+02
1.011787715791850530e+02
