6.098376815182142252e+01
6.508585946107575637e+01
6.775128703566382171e+01
7.091881698498478670e+01
7.498029530568210532e+01
7.789176319488441891e+01
8.031909541403156538e+01
8.231652305823068616e+01
8.517048706247099688e+01
8.735403311740506638e+01
8.928660022521161466e+01
9.347835121839803207e+01
9.895838886940609314e+01
9.999999999996990141e+01
9.999999999999998579e+01
9.999999999986862065e+01
9.999999999961679009e+01
9.999999999999998579e+01
9.999999999989158539e+01
9.999999999999998579e+01
9.999999999993160316e+01
9.999999999999930367e+01
9.999999999999975842e+01
9.999999999999992895e+01
9.999999999980970244e+01
9.999999999979660004e+01
9.999999999998340172e+01
9.999999999999086242e+01
9.999999999999208455e+01
9.999999999999998579e+01
9.999999999999998579e+01
9.999999999999998579e+01
9.999999999999998579e+01
9.999999999999998579e+01
9.999999999999992895e+01
9.999999999999998579e+01
9.999999999999975842e+01
9.999999999999998579e+01
9.999999999999985789e+01
9.999999999999998579e+01
9.999999999999998579e+01
9.999999999999998579e+01
9.999999999999998579e+01
9.999999999999998579e+01
9.999999999999998579e+01
9.999999999999998579e+01
9.999999999999998579e+01
9.999999999999998579e+01
9.999999999999998579e+01
9.999999999999998579e+01
9.999999999999998579e+01
9.999999999999998579e+01
8.340227508894874120e+01
8.448118783763730733e+01
8.696772509778153903e+01
9.063783787357905908e+01
9.492554172157306880e+01
9.999999999963135622e+01
9.999999807103662874e+01
9.999999999698471242e+01
9.999999999999857891e+01
9.999999999992282085e+01
9.999999999743347701e+01
9.999999999980178700e+01
9.999999999985375609e+01
9.999999999990414778e+01
9.999999999999528200e+01
9.999999999999413092e+01
9.999999999999982947e+01
9.999999999999980105e+01
9.999999999999921840e+01
9.999999999992303401e+01
9.999999999999276667e+01
9.999999999999988631e+01
9.999999999999998579e+01
9.999999999997116618e+01
9.999999999999582201e+01
9.999999999999998579e+01
9.999999999999998579e+01
9.999999999999998579e+01
9.999999999999998579e+01
9.999999999999990052e+01
9.999999999999998579e+01
9.999999999919270977e+01
