5.380529055508151259e+02
5.390590773744568196e+02
5.398330969562823611e+02
5.407445015770730379e+02
5.418877196177401174e+02
5.427148171165026724e+02
5.434955647751853576e+02
5.441732703555576336e+02
5.450756819508737863e+02
5.457707567509866067e+02
5.463573618327014856e+02
5.474276149671150051e+02
5.486995629803885777e+02
5.490226370708018067e+02
5.491235808169620896e+02
5.493203967781408892e+02
5.494127468626862765e+02
5.494135396827313116e+02
5.494966125503102603e+02
5.494661490048410997e+02
5.495114094966224911e+02
5.495972135844357354e+02
5.496988418806098480e+02
5.497435983021174479e+02
5.497574154001050601e+02
5.499454198509266689e+02
5.499107262932250251e+02
5.499353351747281522e+02
5.500885213539658025e+02
5.501735486155231456e+02
5.500889330871522134e+02
5.501714964268122685e+02
5.502370943046566936e+02
5.502817785882084536e+02
5.504227152434576738e+02
5.502943655567408996e+02
5.503830674981448965e+02
5.501240326255664286e+02
5.502779758674906816e+02
5.502228562854938900e+02
5.503266958357414751e+02
5.501109728028162635e+02
5.501475981775950004e+02
5.502075296400770412e+02
5.500704770225739821e+02
5.501538907741489766e+02
5.501343921098288092e+02
5.500420331910836467e+02
5.500193475881310405e+02
5.498351441433774198e+02
5.500158845558403300e+02
5.498438103875091656e+02
5.280812954552058045e+02
5.282202108502235660e+02
5.282996295656977281e+02
5.284752524509926843e+02
5.285418843711003092e+02
5.288132337728086441e+02
5.289341632367128341e+02
5.290601340028362074e+02
5.292266190991038002e+02
5.294421523416076525e+02
5.294933425440216297e+02
5.295873485692474105e+02
5.297546093687051325e+02
5.296801094520724291e+02
5.299079461100749313e+02
5.300945497370563544e+02
5.302293137180246276e+02
5.302882024249487358e+02
5.304683452483851624e+02
5.305766697516597787e+02
5.308811325332660545e+02
5.309274461411704351e+02
5.310783372704946714e+02
5.313805805012086694e+02
5.316366049198478549e+02
5.316633626971535023e+02
5.319893503674652493e+02
5.323421690186580690e+02
5.327167207629363475e+02
5.332897381278241937e+02
5.337348769922310794e+02
5.338549206631760171e+02
