5.030653065072326058e+02
5.036796764845101961e+02
5.042592048084079011e+02
5.049219537600808962e+02
5.056976662098164184e+02
5.063931914672305084e+02
5.070726461158633356e+02
5.077060765734292431e+02
5.084686631148891820e+02
5.091238824030194792e+02
5.097207250909499976e+02
5.106172620831011955e+02
5.117313293683598090e+02
5.121304962360275113e+02
5.123265110286578192e+02
5.116131882154916752e+02
5.118470188123022808e+02
5.120564638006495670e+02
5.122613345845986714e+02
5.124259096632029014e+02
5.126304304541029069e+02
5.128568333010413198e+02
5.130336726622882679e+02
5.132142708834270479e+02
5.133942143523198638e+02
5.136135238468214084e+02
5.137743098127042458e+02
5.139224098627729518e+02
5.141181982502970413e+02
5.143237541141203337e+02
5.143929751328412294e+02
5.145006151861553008e+02
5.146588839074605630e+02
5.147754036728121037e+02
5.149660250432061730e+02
5.150459535524340708e+02
5.150040348939094201e+02
5.149390944817686204e+02
5.150951577686408882e+02
5.151131062013137125e+02
5.151651352092810612e+02
5.151573524559763655e+02
5.152454607390279762e+02
5.153203259858156571e+02
5.153211648508739700e+02
5.153588985363305710e+02
5.153247356123403051e+02
5.153540791670722001e+02
5.153894576889588279e+02
5.153533795697152300e+02
5.153476162928851636e+02
5.153984327931093503e+02
4.700000000000000568e+02
4.700000000004673666e+02
4.700000000000019895e+02
4.700000000000000568e+02
4.700000000000000568e+02
4.700000000000000568e+02
4.700000000000000568e+02
4.700000000000000568e+02
4.700000000000000568e+02
4.700000000000000568e+02
4.700000000000001137e+02
4.700000000000023306e+02
4.700000000000020464e+02
4.700000000000000568e+02
4.700000000000000568e+02
4.700000000000000568e+02
4.700000000000000568e+02
4.700000000000000568e+02
4.700000000000000568e+02
4.700000000000001137e+02
4.700000000000002274e+02
4.700000000000000568e+02
4.700000000000000568e+02
4.700000000000006821e+02
4.700000000000000568e+02
4.700000000000000568e+02
4.700000000000000568e+02
4.700000000000000568e+02
4.700000000000000568e+02
4.700000000000000568e+02
4.700000000000000568e+02
4.700000000000077307e+02
