5.170277813753041585e+01
5.381686805640210736e+01
5.518673467974174685e+01
5.677390951813034548e+01
5.862152795059294164e+01
6.005626796084043661e+01
6.114038487533042598e+01
6.202542213002954696e+01
6.324427934551989239e+01
6.410428784943866276e+01
6.485638795117036182e+01
6.635279924947600705e+01
6.841843351675602491e+01
6.903606163559008735e+01
6.919034111098733320e+01
7.008004901365119110e+01
7.001427286904093705e+01
7.010998061147894589e+01
7.007121672628930753e+01
7.016468914186924621e+01
7.017831464064342128e+01
7.015461918231464722e+01
7.012462489654373599e+01
7.007161277361431928e+01
7.007538840098575861e+01
6.990945920017036030e+01
6.990028883353076594e+01
6.992774618290900435e+01
6.976367096884430907e+01
6.968322891563026644e+01
6.973658495289393500e+01
6.973858175100298240e+01
6.967078820598858613e+01
6.964834186154658369e+01
6.953716565185956711e+01
6.971141999994509320e+01
6.976168129262453022e+01
7.010620468475130451e+01
7.011931900522927208e+01
7.031495875862331957e+01
7.041389533664140288e+01
7.076805352371349045e+01
7.074064303268347942e+01
7.078268557934013927e+01
7.111538337233831442e+01
7.118801574538382226e+01
7.135248031051976625e+01
7.166722126897197143e+01
7.170533460525093972e+01
7.206458997736744720e+01
7.202787186440575340e+01
7.233940594702991689e+01
2.494463584359134813e+02
2.480113626744751230e+02
2.500942314183619430e+02
2.509510965168747418e+02
2.531534206243665039e+02
2.533994741438035589e+02
2.512606864550893988e+02
2.470369200614142642e+02
2.420903638183196165e+02
2.391926445938281347e+02
2.368047759457233212e+02
2.345829070343474712e+02
2.341885201670895924e+02
2.334450654966263414e+02
2.300062460554944153e+02
2.269658824773558479e+02
2.217299850060426252e+02
2.218044724495462106e+02
2.202188619692423970e+02
2.179287326594501621e+02
2.115797858562766010e+02
2.105686098715100059e+02
2.081065199429747281e+02
2.047462910313482212e+02
2.006317657047373473e+02
2.004002381797800751e+02
1.940268049598587083e+02
1.942347860933790571e+02
1.867864937873484337e+02
1.819321902097193799e+02
1.752345268458343241e+02
1.734343939868226130e+02
