6.830981229529336929e+01
6.715128410237089440e+01
6.643467250730027729e+01
6.555900130954893257e+01
6.418276781393417707e+01
6.329204928460515589e+01
6.226248606618649717e+01
6.145637989169575377e+01
6.032495936034808892e+01
5.930905144569403120e+01
5.848805944215423835e+01
5.606425563251118405e+01
5.292925337222308713e+01
5.229129831525237648e+01
5.085768981183983328e+01
5.738094455666129079e+01
5.684334988576043202e+01
5.649319655546237584e+01
5.613086432028711670e+01
5.557412507760327003e+01
5.503367874515773650e+01
5.435156413825556143e+01
5.394641344122697291e+01
5.326801678819181518e+01
5.273962838919636198e+01
5.193640226710858343e+01
5.155892673493930545e+01
5.096006251864299941e+01
5.040571324529738462e+01
5.029031382009195283e+01
4.971967408477274830e+01
4.919814091812509815e+01
4.832879014527318162e+01
4.851178724904239914e+01
4.776810882409183989e+01
4.748254375709282016e+01
4.705920856622346804e+01
4.675702096329403901e+01
4.612847489700734371e+01
4.601126828684423486e+01
4.543700737006084722e+01
4.538237812450140751e+01
4.496255654164274063e+01
4.467869411144787506e+01
4.473059399533897107e+01
4.417616000760229866e+01
4.386444112478921653e+01
4.372286297885072770e+01
4.372044708701326243e+01
4.387723274143912278e+01
4.363503319028664862e+01
4.383511950180830041e+01
7.966900943400781898e+01
7.967342437618249562e+01
7.961795507565302898e+01
7.924398226236807830e+01
7.890884972727536706e+01
7.868140238760156535e+01
7.861553759151991017e+01
7.846002162498714938e+01
7.852571264751662738e+01
7.843508960897250404e+01
7.835599726938576737e+01
7.828787820895551874e+01
7.836422776926870881e+01
7.841185086943299609e+01
7.840812619146190343e+01
7.824338598380460041e+01
7.819531504156606161e+01
7.812784428226838429e+01
7.806191373614984741e+01
7.789515394492201494e+01
7.789854743896842137e+01
7.789386336622418128e+01
7.800206827934019316e+01
7.724957745016914146e+01
7.763431888506956113e+01
7.728534498397280572e+01
7.688947991311620456e+01
7.648663189698007159e+01
7.574572605758979194e+01
7.509685924040259408e+01
7.438192049757245172e+01
7.427090397128674226e+01
