-4.783847260652854261e-02
-5.169795408071630599e-02
-5.374064982706571597e-02
-5.530065322233278929e-02
-5.711234225952013105e-02
-5.911353556563105766e-02
-6.063995005817721801e-02
-6.331431888831616506e-02
-6.530958087695448722e-02
-6.634959613509293364e-02
-6.832652108297823657e-02
-6.945843804966866930e-02
-7.157529322408814898e-02
-7.557484034735874323e-02
-7.452394800966788413e-02
-8.685410362203115076e-02
-8.741759072338502190e-02
-8.957047048144196888e-02
-9.215356405618077562e-02
-9.205489675579955899e-02
-9.298806014620861204e-02
-9.382293955179954459e-02
-9.459552745036825527e-02
-9.549653799911406171e-02
-9.624689317183365844e-02
-9.599009289605374418e-02
-9.743480788758515643e-02
-9.746561567878073151e-02
-9.768851749282607411e-02
-9.824377983192277008e-02
-9.931785253025975091e-02
-1.003977824536196745e-01
-9.997080886579878811e-02
-1.029428718391271064e-01
-1.037140417137479426e-01
-1.030026586384002046e-01
-1.036972120553576737e-01
-1.053989066924561346e-01
-1.090777030513904455e-01
-1.088231708416925736e-01
-1.113021080101778693e-01
-1.116957334590312767e-01
-1.129121972676589980e-01
-1.156403769117110569e-01
-1.200337903282102242e-01
-1.149906442285756614e-01
-1.179988072080691425e-01
-1.192882513577246534e-01
-1.213630413120228568e-01
-1.235279795831856764e-01
-1.236211304933097638e-01
-1.264962851327303961e-01
-2.531634649998958375e-01
-2.525126491739247414e-01
-2.596383488259451089e-01
-2.644325095655093993e-01
-2.627105609062216351e-01
-2.737095852298585541e-01
-2.779725362619041018e-01
-2.840638530936865358e-01
-2.769063260189912890e-01
-2.818535678673647626e-01
-2.796533030264263253e-01
-2.793737823750027105e-01
-2.861993601276621169e-01
-2.875042565297045716e-01
-2.893910606527465568e-01
-2.833653778474410911e-01
-2.949151072688690478e-01
-2.905305605796305590e-01
-2.967061895808267291e-01
-2.926262279542058975e-01
-2.945127927209745811e-01
-3.096940928422813877e-01
-2.972577229884739158e-01
-3.032308685157845130e-01
-3.029182028473787480e-01
-3.099167338990272969e-01
-3.072553964528900727e-01
-2.964633473235255279e-01
-2.900713793052764888e-01
-2.351636371539523873e-01
-2.325755599874202717e-01
-2.401600910889113705e-01
