5.030655260954005712e+02
5.038338445101963430e+02
5.044258918671922629e+02
5.053269622660346272e+02
5.061671790983228902e+02
5.070684321249718778e+02
5.079773972235253723e+02
5.088262794572674466e+02
5.096263522452501320e+02
5.104918175790626833e+02
5.114841308263735300e+02
5.121573058908863914e+02
5.136006491237897080e+02
5.139920384234299036e+02
5.143549146953816944e+02
5.145034804233066552e+02
5.146494371041684417e+02
5.150377581471844906e+02
5.150356997173405489e+02
5.153324603764543781e+02
5.155093152419933631e+02
5.156834750421146509e+02
5.159899754511870924e+02
5.161637839179267075e+02
5.161268470704270612e+02
5.163393150696045950e+02
5.164110064803230671e+02
5.166660478636831613e+02
5.166607323798201605e+02
5.167015965751842259e+02
5.168235057037520619e+02
5.169840768587788489e+02
5.170710144422753274e+02
5.170327562013595752e+02
5.170832208140669763e+02
5.170403974034414887e+02
5.174167017810019615e+02
5.176814313088442532e+02
5.178680247002474744e+02
5.178166497470723471e+02
5.180981963898262848e+02
5.182183943508090351e+02
5.180107609084742535e+02
5.180190507371474951e+02
5.185446696173158898e+02
5.185939703187273153e+02
5.185641262113166476e+02
5.184928669226736702e+02
5.187543699840944100e+02
5.188047933584085740e+02
5.186800743190893854e+02
5.188260966945978225e+02
5.190194294312128704e+02
5.189267092799431111e+02
5.187040063469189590e+02
5.187988606148210238e+02
5.190593466082174245e+02
5.192222367027038672e+02
5.189999968398772126e+02
5.192666033357816104e+02
5.191850313875014535e+02
5.193701254074792359e+02
5.191906719813274549e+02
5.192616142564880874e+02
5.193683962090615296e+02
5.194132783030115661e+02
5.193483323806707403e+02
5.193163418368674229e+02
5.196245322537228049e+02
5.195805012239685539e+02
5.195883586353886585e+02
5.197988008158741877e+02
5.197152448144061054e+02
5.198165678084609453e+02
5.195501694231169267e+02
5.199969518465786678e+02
5.200627528223985792e+02
5.199659141820994819e+02
4.700000000000401883e+02
4.700000000000000568e+02
4.700000000000000568e+02
4.700000000000000568e+02
4.700000000000000568e+02
4.700000000000000568e+02
