5.380535727860243469e+02
5.393208590589938467e+02
5.400593474191617815e+02
5.412773189224494672e+02
5.422997731739110350e+02
5.433587474223985510e+02
5.443499584068288186e+02
5.452474537653270090e+02
5.458960332761636209e+02
5.468719238166244168e+02
5.479333559456011926e+02
5.485593137829453099e+02
5.499246940760523330e+02
5.501124188499688898e+02
5.503214069721653914e+02
5.504013266809855622e+02
5.503986007263155216e+02
5.507709507722750004e+02
5.505507034703348381e+02
5.507621792167403783e+02
5.508111114857694020e+02
5.509167857950490088e+02
5.511706410762982387e+02
5.511663578147694125e+02
5.512316410325627203e+02
5.512982970417396018e+02
5.513300922606721315e+02
5.514608683989679321e+02
5.514813180975955902e+02
5.513912733988101991e+02
5.513613462299458661e+02
5.516177531125777023e+02
5.516490966837266114e+02
5.514927333513252279e+02
5.515289303054630636e+02
5.516582360389185169e+02
5.518475259034755709e+02
5.520205270985312609e+02
5.523536543488708048e+02
5.519777609485154244e+02
5.522328150795466399e+02
5.524522999670546142e+02
5.524005822577731806e+02
5.522185429513093595e+02
5.524805586434521274e+02
5.525646816730926503e+02
5.525445313500333668e+02
5.525854093541307748e+02
5.527617076017936597e+02
5.527167137426013142e+02
5.525420096089019353e+02
5.527843803959076467e+02
5.527931818670932671e+02
5.527577282675182460e+02
5.527300116244870196e+02
5.525481383968193541e+02
5.527208059853709301e+02
5.528048346783336910e+02
5.526974690453880612e+02
5.528422286891679960e+02
5.528627595228274458e+02
5.530860696409454249e+02
5.528440427271876842e+02
5.526889678723833867e+02
5.528807983631686511e+02
5.528255518528446828e+02
5.529198154136712446e+02
5.528164523499643792e+02
5.530246542606450930e+02
5.528271793489882384e+02
5.529193074222200721e+02
5.529439477156926159e+02
5.527208160428765495e+02
5.528609533631752129e+02
5.528532571146165537e+02
5.529911812531773876e+02
5.526756264466533821e+02
5.528337537509665935e+02
5.326463809212940532e+02
5.331146268400684676e+02
5.338624034243833876e+02
5.346099587173249574e+02
5.347727288665367951e+02
5.350307207318893461e+02
