-2.074086487804520929e-01
-2.080215660938241895e-01
-2.103740492179678734e-01
-2.111792026718346815e-01
-2.129539179322918474e-01
-2.155287308588146322e-01
-2.166961464009726779e-01
-2.189036491964501396e-01
-2.204176563011811529e-01
-2.206472216918819174e-01
-2.203788027426015206e-01
-2.201889814096129327e-01
-2.241948742435694586e-01
-2.260760443671264719e-01
-2.294637009903488234e-01
-1.988375517791717562e-01
-1.949876360595848290e-01
-1.915935682239971183e-01
-1.883158632341527527e-01
-1.863929524233061408e-01
-1.833283773822600715e-01
-1.827786317646097336e-01
-1.816028672465816729e-01
-1.802630269715112254e-01
-1.798811141421814419e-01
-1.789989137344966674e-01
-1.785977012222781657e-01
-1.778388063141649877e-01
-1.756009379200920428e-01
-1.761944537397617527e-01
-1.760468699017818106e-01
-1.749805250783848243e-01
-1.750783257669248083e-01
-1.730570834242032285e-01
-1.726903159090064366e-01
-1.726227111848203655e-01
-1.727944827383103843e-01
-1.718914876303430650e-01
-1.715053360034288210e-01
-1.708028908197498918e-01
-1.713663598919246411e-01
-1.707290481968674056e-01
-1.723687136867530223e-01
-1.706838521619137294e-01
-1.696415015776368829e-01
-1.692857546093301802e-01
-1.694286605692227332e-01
-1.695669924873736134e-01
-1.709902662910104121e-01
-1.700882492170902593e-01
-1.698141752778562774e-01
-1.680818160598339939e-01
-1.705073652539802753e-01
-1.698081282460048302e-01
-1.705047075321674266e-01
-1.725005779783279347e-01
-1.714466392969698216e-01
-1.711309031667102576e-01
-1.733683537230386318e-01
-1.722078765105903020e-01
-1.690686677567776464e-01
-1.737730165425480366e-01
-1.699947033142936437e-01
-1.704537076427811160e-01
-1.730090585739437192e-01
-1.683372423335658397e-01
-1.718054572876933639e-01
-1.728968270322704393e-01
-1.717591785115433201e-01
-1.725014131413766250e-01
-1.651477135547119723e-01
-1.630151869979648005e-01
-1.645692000558749701e-01
-1.624729421142102892e-01
-1.631624688805802248e-01
-1.660398878053190030e-01
-1.633968325730894011e-01
-1.665106874188951036e-01
-1.652319739110987562e-01
-1.632194368220699909e-01
-1.681863679370808606e-01
-1.663657277808923141e-01
-1.667567019795109517e-01
-1.646885713539404383e-01
