5.005161732753389288e+02
5.007223527196988471e+02
5.010088111753514681e+02
5.017936513432704260e+02
5.022197385577681530e+02
5.026785217640695009e+02
5.031247696944007544e+02
5.036447247693890290e+02
5.041420923722805583e+02
5.046484223783606353e+02
5.057383538563441903e+02
5.066662838453419795e+02
5.070310670147601400e+02
5.072366213327496780e+02
5.075413227009776733e+02
5.075801948929292280e+02
5.077689808108417537e+02
5.079124766572376188e+02
5.081856645920794904e+02
5.068124573473551209e+02
5.071973248350875565e+02
5.070728554146056126e+02
5.074312367029035613e+02
5.075299755119714291e+02
5.077257379180674661e+02
5.078891019992391875e+02
5.080409186333034768e+02
5.081401353613905485e+02
5.083079859798218649e+02
5.082824781075054261e+02
5.086133915860127672e+02
5.086159407119056937e+02
5.086152963190318701e+02
5.088864413522275072e+02
5.087719256418555460e+02
5.087755442849557426e+02
5.093219292805291047e+02
5.091735450655513091e+02
5.092925049462623974e+02
5.094997406986557280e+02
5.095659029155253279e+02
5.095926587270406571e+02
5.097103957586068077e+02
5.096065915530350026e+02
5.097613597428446610e+02
5.095988757927773349e+02
5.098775371104217129e+02
5.098143955844809625e+02
5.098348509106332926e+02
5.099762261003487538e+02
5.101199834564699813e+02
5.099364154081926017e+02
5.099811050219006461e+02
5.101499203663765343e+02
5.103223771677041896e+02
5.101213285113777829e+02
5.102913854689982145e+02
5.101170739041000957e+02
5.102358597277439571e+02
5.103948190674736338e+02
5.103804218777566462e+02
5.103451834488018903e+02
5.105114808240182356e+02
5.104243620159976444e+02
5.105651976785597412e+02
5.105648525104990654e+02
5.104959945153926242e+02
5.106246260566099409e+02
5.105180663262157168e+02
5.104338028562362410e+02
5.107922232243500389e+02
5.107917504717661359e+02
5.110017220479098228e+02
5.108012551687149880e+02
5.111306092589521768e+02
5.110655076140587312e+02
5.110563465205360671e+02
5.111179761165106470e+02
5.112141645596636863e+02
5.111480620786255145e+02
5.113522068694660447e+02
5.114005142838801135e+02
5.113282503152025811e+02
5.111275221140247140e+02
