5.208232672489656068e+01
5.229135870606197756e+01
5.287381782615474890e+01
5.334501327633816459e+01
5.409451386266150053e+01
5.461580241367592947e+01
5.509763096644793734e+01
5.562781565048001653e+01
5.576954376761884902e+01
5.790633930583220490e+01
6.005873158885863461e+01
6.167646405898219797e+01
6.127145304109805579e+01
6.047022047796201605e+01
5.971972999604214749e+01
5.754052535748161290e+01
5.649931540933238949e+01
5.510767852441706793e+01
5.504370245647621118e+01
5.333638266683934148e+01
5.405943425101319377e+01
5.163199972544811089e+01
5.233172762916952081e+01
5.114292306044520586e+01
5.127654849488996547e+01
5.100158244624817883e+01
5.084618514970848935e+01
5.052040183670217033e+01
5.022398167027947835e+01
4.930713901789566478e+01
4.989108323929050215e+01
4.885343670575993258e+01
4.819372564877769349e+01
4.872342185574802897e+01
4.815893686051327194e+01
4.740828496436583350e+01
4.931074021546135810e+01
4.810439498001493774e+01
4.784193514682865356e+01
4.836380953472007604e+01
4.786993385227135889e+01
4.792798232213598908e+01
4.789165209826275316e+01
4.718065703739929262e+01
4.706912742264687921e+01
4.646018401527413744e+01
4.727829501984793836e+01
4.665841102632173687e+01
4.661627885724696796e+01
4.712752299988800786e+01
4.726678651001788722e+01
4.635001968815691953e+01
4.647557832008151735e+01
4.696268969319016406e+01
4.756492255699814109e+01
4.705389193858717789e+01
4.706398677978536682e+01
4.670596161445467231e+01
4.641446509053554337e+01
4.748349486737097180e+01
4.735548306402679941e+01
4.669412452374657363e+01
4.724770561892065501e+01
4.696843254633031250e+01
4.764430109309456185e+01
4.723526401353596782e+01
4.737719885924941110e+01
4.763067844757587466e+01
4.737736149131993812e+01
4.671824076276084270e+01
4.667928833363885133e+01
4.672947046746543265e+01
4.747331499168672764e+01
4.664587921294742756e+01
4.777185114796228760e+01
4.759934251257277538e+01
4.756281255376576667e+01
4.795057333409363309e+01
4.820507232024414179e+01
4.803226420642577921e+01
4.924478055942339694e+01
4.918520034595682233e+01
4.881915194501326738e+01
4.764944542087778956e+01
