5.208232907865565409e+01
5.264210406805347020e+01
5.302450829192080306e+01
5.235408775565493755e+01
5.286917198600703216e+01
5.354493376571797825e+01
5.400149074588924947e+01
5.437909011348763499e+01
5.424108577343518789e+01
5.466656753500147659e+01
5.503715207356968619e+01
5.562920251503996383e+01
5.434615352668424748e+01
5.441927883521135101e+01
5.341968655366907370e+01
6.888915193056013209e+01
6.910667275613005245e+01
6.990336263217562873e+01
7.010454477462486977e+01
6.923148560482717073e+01
6.936404640128839105e+01
6.940478561481785391e+01
6.936028052786555520e+01
6.961073517512465969e+01
6.938584532245705816e+01
6.932575895810863642e+01
6.933955548624392407e+01
6.936513186021821298e+01
6.919206033435449399e+01
6.904964613642030713e+01
6.912136167064970493e+01
6.906762802466987239e+01
6.893264018516362057e+01
6.889446330093819881e+01
6.890738561056332401e+01
6.893547160756595815e+01
6.872148802226426767e+01
6.868866377541898771e+01
6.892932920682389408e+01
6.874581199965770395e+01
6.848832546965547863e+01
6.873406297872760717e+01
6.874619557087096666e+01
6.861809321575609033e+01
6.878063796757169257e+01
6.899005230492592489e+01
6.859125532828863925e+01
6.890582326114039802e+01
6.881269005258597815e+01
6.878374880684519610e+01
6.862708395751704415e+01
6.875551481827892530e+01
6.878789288833372950e+01
6.859945063356936146e+01
6.903669571589063025e+01
6.950147275880112829e+01
6.930682058324951811e+01
6.916754375067473859e+01
6.914458864876391431e+01
6.942318077415895061e+01
6.952673965122170330e+01
6.982716428739799142e+01
6.975644760455517712e+01
7.019378438957927813e+01
7.012762192667844374e+01
7.030234513217450854e+01
7.063603823066915766e+01
7.064144644248756322e+01
7.050555419317974781e+01
7.067900566384624028e+01
7.143029426188562070e+01
7.101249784890025296e+01
7.171816634163072024e+01
7.194346834963205595e+01
7.226821119322647746e+01
7.226012197795414238e+01
7.223866436722838102e+01
7.239114287113824275e+01
7.222197253087388447e+01
7.251537440287924596e+01
7.248121108615258379e+01
7.271702316859418147e+01
7.246387861646424255e+01
7.284620823289752423e+01
