9.970520139252258218e+01
9.957650180980728294e+01
9.977170491512380579e+01
1.009625100636411474e+02
1.005914189846058662e+02
1.003529690738692750e+02
9.972234039761926283e+01
9.934342634949670980e+01
9.889282548766811942e+01
9.775471405116795154e+01
9.457745258129067167e+01
9.238606338101476467e+01
9.200458825357412707e+01
9.267144402549607207e+01
9.175229543614744898e+01
9.333502929237143064e+01
9.292784669984297352e+01
9.351856801700164112e+01
9.260715611771152567e+01
9.999247005260758669e+01
9.911536687694537306e+01
1.001099919467297781e+02
9.910999512776277243e+01
9.945904023582627929e+01
9.893294283164317449e+01
9.891189546802549160e+01
9.798663385918307256e+01
9.789413546656955134e+01
9.750707214973222392e+01
9.794554366617430219e+01
9.780621533866191442e+01
9.780906352125366254e+01
9.779629724304294314e+01
9.711762616442166518e+01
9.675508741022872528e+01
9.709069245192270614e+01
9.641776218822724331e+01
9.636329283571552651e+01
9.610893490305532794e+01
9.644435104538914061e+01
9.705712981363569725e+01
9.630998443950771559e+01
9.668509603293405519e+01
9.636711388098085251e+01
9.660232121648618886e+01
9.644419415523113059e+01
9.656941516501046863e+01
9.611553811650105672e+01
9.650402272940119985e+01
9.608669679927930929e+01
9.627209850851760109e+01
9.614746931423559317e+01
9.619638881235425742e+01
9.614887969569842596e+01
9.554394477579367617e+01
9.598323301858069101e+01
9.618295855230407199e+01
9.547115435630809088e+01
9.581533086493999463e+01
9.530685151180551884e+01
9.547301354921260952e+01
9.570756269973034591e+01
9.535303838218294459e+01
9.567520510882810925e+01
9.529064628720418284e+01
9.576748783211711213e+01
9.570237604871540782e+01
9.560718523118202938e+01
9.521529988720807580e+01
9.509863944053958562e+01
9.597150827139395801e+01
9.595494416786911529e+01
9.533424592663423880e+01
9.596330395609027164e+01
9.662174799747285192e+01
9.605953900782124322e+01
9.528631239183434332e+01
9.646358771188857872e+01
9.628243688283261292e+01
9.545965277726205045e+01
9.653241613047650560e+01
9.586092885193306756e+01
9.678124251968601754e+01
9.673606516772164809e+01
