5.319885172910171605e+02
5.318592781973629826e+02
5.319460168949211720e+02
5.327876472532457228e+02
5.330975924471899816e+02
5.333368677308302495e+02
5.337417045853550235e+02
5.341761185000739260e+02
5.345258394201147212e+02
5.356253907281563897e+02
5.376470961939693325e+02
5.392371611428334290e+02
5.394307850257735026e+02
5.391573776598737595e+02
5.394924951043800547e+02
5.388049721162184369e+02
5.387995429009615691e+02
5.385100955261713125e+02
5.389925690799465201e+02
5.347666629190963477e+02
5.354247700566818366e+02
5.343456433878761800e+02
5.352048108328499438e+02
5.349557201201350836e+02
5.353237509530400757e+02
5.352531999670669620e+02
5.356766449179370966e+02
5.357343652825621803e+02
5.360006142681462507e+02
5.355621421582990251e+02
5.359940569545487961e+02
5.357793122630220068e+02
5.355818339366785494e+02
5.363788512233063557e+02
5.362087103904608512e+02
5.360160103900078639e+02
5.371315362495535055e+02
5.367612318708693238e+02
5.369060940891193923e+02
5.371950960219263607e+02
5.369985862875771545e+02
5.373660661727476509e+02
5.373882321697750513e+02
5.371352132951666363e+02
5.374348623004231058e+02
5.372297501551802270e+02
5.375978670786028033e+02
5.375785121375553217e+02
5.375461638705569385e+02
5.379269664473650892e+02
5.381684384066400071e+02
5.378407808347735681e+02
5.378592999517263706e+02
5.382727835551241924e+02
5.386659051667153335e+02
5.384123634908200984e+02
5.386056928096053298e+02
5.385850647293304974e+02
5.385886572672618513e+02
5.392147944337358467e+02
5.391870964723592579e+02
5.389115864303789749e+02
5.393465223330990739e+02
5.391027063978567639e+02
5.395925159331939085e+02
5.395285277889344115e+02
5.393764841974661977e+02
5.396424871228640541e+02
5.397942464619251268e+02
5.394797305066380204e+02
5.402694780911159569e+02
5.404613542663306589e+02
5.409255207765964997e+02
5.406749263506136458e+02
5.411967439283956764e+02
5.410489511083003435e+02
5.411536379348572154e+02
5.412062127954692414e+02
5.413431198898050525e+02
5.417647041433057211e+02
5.418207650965260882e+02
5.418856624042813337e+02
5.417225709673650726e+02
5.414906364696608989e+02
