5.005161739442161775e+02
5.007614705178136205e+02
5.009406384847049480e+02
5.016267514167739137e+02
5.019033087691490778e+02
5.022366273004176378e+02
5.025681895193622495e+02
5.028413669541148465e+02
5.030800697986429668e+02
5.031772142882232401e+02
5.034667291050001836e+02
5.038358919767706539e+02
5.038684161241713468e+02
5.041553091506306146e+02
5.041998418998073248e+02
5.078582247486858705e+02
5.081717243219403599e+02
5.086808543713103177e+02
5.089009581922321104e+02
5.091137553842902435e+02
5.094339035534898699e+02
5.096316932251465914e+02
5.098152466580182818e+02
5.101404050059854853e+02
5.101772478825932922e+02
5.103396956991204547e+02
5.104973725594715575e+02
5.107119520637983783e+02
5.107849091991766954e+02
5.108320091625384975e+02
5.110142481338265839e+02
5.111273217683009875e+02
5.111674367687463700e+02
5.112797501102484716e+02
5.114324083107597403e+02
5.115235860363617348e+02
5.114854263985229750e+02
5.115892253276718407e+02
5.117865140196037714e+02
5.117848611979646307e+02
5.117115070133872337e+02
5.118849039831744108e+02
5.119871092036689220e+02
5.119950644392033041e+02
5.121458296485045594e+02
5.122060532164625783e+02
5.121244027802797518e+02
5.123034195755188875e+02
5.122963123106545709e+02
5.122766160401886282e+02
5.122866957242156332e+02
5.124218831602801174e+02
5.123654714930396494e+02
5.123499257985178019e+02
5.125593123126072896e+02
5.126694772337750692e+02
5.126723258685441351e+02
5.125817028411854608e+02
5.125504253847939253e+02
5.127451049391813740e+02
5.127672896843575927e+02
5.127799359581180170e+02
5.128578805760807882e+02
5.130483045297839908e+02
5.129716646869821943e+02
5.131023892980388155e+02
5.131742580356461758e+02
5.131526743360678893e+02
5.130894310146341013e+02
5.131186801318750668e+02
5.143572703317616970e+02
5.141065331915227716e+02
5.143886499561610890e+02
5.146195299909653613e+02
5.145725800398337242e+02
5.145845743179563669e+02
5.145959336658781922e+02
5.145369924935962445e+02
5.146212590775479612e+02
5.145882059013327989e+02
5.145363734502689113e+02
5.146207537649739834e+02
5.146224276624662934e+02
5.146022963905022607e+02
