1.276347879838795052e+02
1.286894438343184675e+02
1.300771975153783728e+02
1.389148617880290146e+02
1.391070443011922180e+02
1.396820849060955823e+02
1.396546611468936874e+02
1.392297808795276524e+02
1.386724098720916629e+02
1.322125925011020513e+02
1.199788943970222448e+02
1.119471936386549658e+02
1.116609727428833025e+02
1.152881063246760505e+02
1.145368649025660659e+02
1.216809781070392802e+02
1.234032845928180819e+02
1.267198387015319838e+02
1.249364040026265457e+02
1.437565181639475895e+02
1.401035571714194248e+02
1.473151872073813706e+02
1.416098058764374343e+02
1.446417415799029982e+02
1.435351458368845385e+02
1.439570166558354174e+02
1.417610123689163117e+02
1.416456840975050397e+02
1.405308200429699923e+02
1.441173996913342137e+02
1.414279724959745010e+02
1.436578258302247946e+02
1.433532001438749148e+02
1.414902030088538538e+02
1.423933007143432405e+02
1.445961136334063895e+02
1.383689937329365875e+02
1.412993749434663755e+02
1.401391355048518790e+02
1.401892643537081824e+02
1.425740567466633024e+02
1.411157138475415422e+02
1.416208226004248445e+02
1.428292431109524330e+02
1.427864317078601744e+02
1.437616769407767947e+02
1.415886745414058510e+02
1.423733006472441218e+02
1.441575492754757875e+02
1.416904646628698572e+02
1.418017997427056400e+02
1.430039392745026703e+02
1.414691074414238017e+02
1.415567057903676869e+02
1.384456994865704758e+02
1.397176615072608286e+02
1.423927186898140462e+02
1.413774253127856468e+02
1.422656666222079878e+02
1.377300139320515768e+02
1.394739148538057520e+02
1.419497759210346146e+02
1.380478899140374267e+02
1.414899129787627601e+02
1.398889334710783316e+02
1.393435941587647164e+02
1.410416207418134604e+02
1.409116386047307117e+02
1.372861960140607209e+02
1.376829876154735359e+02
1.448694110670339512e+02
1.452785720265405871e+02
1.410110304556438336e+02
1.448506615286383976e+02
1.436534597627227470e+02
1.430499612690486515e+02
1.431907417655170605e+02
1.454193365885454909e+02
1.415871687531041232e+02
1.427818273131640581e+02
1.425050041579663116e+02
1.406902619651092152e+02
1.408832837771755919e+02
1.473621795402389125e+02
