5.319885189833796630e+02
5.320239964064112428e+02
5.320698107473029950e+02
5.324332856743534421e+02
5.326061574985026255e+02
5.328381220493273531e+02
5.330225251763491769e+02
5.331836525370038089e+02
5.331695700086011129e+02
5.333237557038650039e+02
5.334867307569243167e+02
5.339556378821248472e+02
5.334012663459233181e+02
5.334916519809293050e+02
5.331424989156561196e+02
5.417691856724642321e+02
5.423351573781216075e+02
5.433025692032623510e+02
5.436433936988090636e+02
5.429648622804088518e+02
5.434147379239944939e+02
5.437216118303057328e+02
5.439713132130340227e+02
5.445021831002741237e+02
5.444135881929989864e+02
5.446124315613261615e+02
5.448159507920386204e+02
5.451458331875792283e+02
5.452372198226286173e+02
5.451675098259131573e+02
5.454359676693118217e+02
5.456422284849372772e+02
5.456618366969544240e+02
5.457736605970183064e+02
5.460762752260238813e+02
5.461063445527425984e+02
5.460246991168837667e+02
5.461721593447150553e+02
5.464864266276949820e+02
5.464441831519582138e+02
5.463385973869926602e+02
5.465334511029108171e+02
5.467460747784740533e+02
5.467468169520150241e+02
5.470637029853146487e+02
5.471950386781123825e+02
5.470928905663603246e+02
5.472984456100730313e+02
5.473013052272416417e+02
5.472730416237133113e+02
5.472723371783664561e+02
5.476476198300262013e+02
5.474055218532056415e+02
5.473285874863696563e+02
5.478833362803126192e+02
5.480211682525032302e+02
5.480878147279915993e+02
5.480124267179022581e+02
5.478073590056093281e+02
5.483879528239334604e+02
5.484557121844530911e+02
5.483005656893290052e+02
5.486500493271111054e+02
5.489587430843058655e+02
5.488248961624921094e+02
5.492124529793052261e+02
5.493214112600318231e+02
5.492576890111055263e+02
5.492060020978968851e+02
5.493254234770816993e+02
5.510311494988659433e+02
5.507771273532473515e+02
5.511577613233276907e+02
5.518152692693445260e+02
5.516060373956908052e+02
5.516308451551924463e+02
5.517383811432854372e+02
5.516809979478729247e+02
5.518940751190170886e+02
5.516938057135732834e+02
5.516709489994317437e+02
5.516579322287599325e+02
5.518192037031127484e+02
5.517753416683574414e+02
