9.970520097012438043e+01
1.000988420495433218e+02
1.005638439276213063e+02
9.832747896376859842e+01
9.851102794499156801e+01
9.898507366127184071e+01
9.921366780594267709e+01
9.947891808756575927e+01
9.975877814871989813e+01
9.970355078360408640e+01
9.968139969012911195e+01
9.935550595002987961e+01
1.002769254276882265e+02
1.006876460741770813e+02
1.012721472369503033e+02
9.177840268548992242e+01
9.073921304419258149e+01
8.930580173412603529e+01
8.873572229427765024e+01
8.812132241244722763e+01
8.738372844896190372e+01
8.703254497694607039e+01
8.651900305178025974e+01
8.609385560512362190e+01
8.601185263189823615e+01
8.590637017992636970e+01
8.548147179130043583e+01
8.515198516206750412e+01
8.506014528354334914e+01
8.504542451863034103e+01
8.472819158746936807e+01
8.444314532754106040e+01
8.439285607020379132e+01
8.416280185946996539e+01
8.384413584495324301e+01
8.387422883071428714e+01
8.395193517179291121e+01
8.380300100442374855e+01
8.376617109494371505e+01
8.363896897363991911e+01
8.361207950403473887e+01
8.376824701849035648e+01
8.339079266715886263e+01
8.331966592149429118e+01
8.316229663433060182e+01
8.318108435019141211e+01
8.299756516280987739e+01
8.310076101740337151e+01
8.330927240717572602e+01
8.319630416678020879e+01
8.310320971259466205e+01
8.282099809114902200e+01
8.348963262598067558e+01
8.361413337830840931e+01
8.309776287891379809e+01
8.345533124103265266e+01
8.319561287100663094e+01
8.331999647396318665e+01
8.387229364523427932e+01
8.317610155950819717e+01
8.314562171947629565e+01
8.395701400323731889e+01
8.306147870547120249e+01
8.291179000500548568e+01
8.355525998795135934e+01
8.267032330514425098e+01
8.291540192536382392e+01
8.308083466198463896e+01
8.309466204331134520e+01
8.317671375198516159e+01
7.946785835498718598e+01
7.979038076686589420e+01
7.938472575582945012e+01
7.881665717205848409e+01
7.936848109362499315e+01
7.936398369436179223e+01
7.904674746960901643e+01
7.950709953200836821e+01
7.925792054538455034e+01
7.891164493971866989e+01
7.964743940733592353e+01
7.996363764225070270e+01
7.931192897548264398e+01
7.967764362046514748e+01
