1.276348409006568687e+02
1.284073345157474648e+02
1.302686422130480253e+02
1.320076005002143518e+02
1.334828012885213013e+02
1.351396803210645885e+02
1.361892826201792559e+02
1.377158066690549276e+02
1.398143953612855341e+02
1.391319488366693236e+02
1.397606900945304460e+02
1.384740912874441392e+02
1.439388731036533216e+02
1.449841035183368376e+02
1.489021959679552936e+02
9.456933775359148342e+01
9.192364544631843160e+01
8.735756109374040079e+01
8.588900255681969043e+01
8.098886908372503513e+01
7.901260807259146191e+01
7.812469191674057356e+01
7.729910199328341491e+01
7.553663024126383618e+01
7.625086221993679203e+01
7.582996961499659960e+01
7.509552967135006440e+01
7.415939187206555516e+01
7.411286705285041876e+01
7.476290971518986339e+01
7.386760120946425445e+01
7.328703314241492706e+01
7.374376040745021044e+01
7.328250092266090121e+01
7.247065452195417379e+01
7.253801928527072107e+01
7.345223777317174552e+01
7.305446853802547480e+01
7.228539090944941847e+01
7.265819411874278444e+01
7.352255992551610575e+01
7.316129439232244636e+01
7.258819453932076726e+01
7.286898777336858757e+01
7.192570890580485354e+01
7.188542295154196893e+01
7.260940136440629544e+01
7.206468657619679163e+01
7.278911217820868274e+01
7.301026562927926022e+01
7.327405653364139937e+01
7.212605669474120873e+01
7.382242458405788454e+01
7.439517702826073275e+01
7.265268450491667807e+01
7.265806377636509694e+01
7.263687869958859267e+01
7.340291339609262877e+01
7.480538624518061397e+01
7.265745844533562092e+01
7.266663060094400350e+01
7.379955056528390855e+01
7.230012496819945511e+01
7.133416834383699268e+01
7.272167056089601544e+01
7.087661668513190705e+01
7.098065121759640306e+01
7.167851510056605946e+01
7.214115764947879939e+01
7.204077509271549218e+01
6.492039060726426669e+01
6.650617193705794250e+01
6.485480825605328903e+01
6.296973944252906819e+01
6.394288498854965042e+01
6.445428513175002649e+01
6.394275277012043546e+01
6.505460834791344382e+01
6.441436726524021594e+01
6.434521129864285172e+01
6.536826623656072854e+01
6.565113274470324711e+01
6.522422721684368696e+01
6.562044291400384566e+01
