4.818843381859440456e+01
4.829709913854419767e+01
4.801046710798630102e+01
4.558029959085394722e+01
4.537207239425987382e+01
4.537300918991871157e+01
4.521601134570080660e+01
4.490540208198024175e+01
4.374120562959126346e+01
4.442271114035338542e+01
4.414495230090888356e+01
4.510705495507271934e+01
4.166327714111397285e+01
4.135693925931204262e+01
3.896148159441020908e+01
8.063037053069977844e+01
8.206425264806816244e+01
8.536423556705450721e+01
8.599979003457913507e+01
8.662216777446303695e+01
8.757656422702459054e+01
8.814104079675419712e+01
8.843622899218802047e+01
8.971611171128509454e+01
8.900402907516837558e+01
8.910253609629057792e+01
8.941356180115253949e+01
8.999352271032061878e+01
8.954484428489205072e+01
8.909411577357721512e+01
8.961300610140555989e+01
8.977434478976499577e+01
8.948307700757156624e+01
8.927090532263264322e+01
8.979983878691398047e+01
8.978094877854562128e+01
8.895528234367608889e+01
8.907121512274292741e+01
8.989135063176473750e+01
8.929580390001541446e+01
8.849473530680668887e+01
8.899240247251397307e+01
8.957748940968050988e+01
8.905808642272614861e+01
8.980178595980724765e+01
9.011084399425585900e+01
8.918247511691734530e+01
8.995059266845413504e+01
8.966429621997187382e+01
8.936793541954931186e+01
8.896251171568269456e+01
8.975185043245332395e+01
8.909333435646789212e+01
8.839744587541494525e+01
9.025600084665524037e+01
9.111033742511824585e+01
9.083882702961263078e+01
9.020315273909743325e+01
8.953717292657829319e+01
9.125110428143163688e+01
9.107137781484397010e+01
9.128731628813710586e+01
9.177305648007511252e+01
9.302825420840791537e+01
9.249635447817065881e+01
9.336189748948903855e+01
9.417231980867492780e+01
9.391660650634517538e+01
9.339272470751625121e+01
9.381896228710765229e+01
9.818762759968299747e+01
9.649028786406375957e+01
9.863173670596951581e+01
9.999999999945089257e+01
9.995516604865333932e+01
9.999999999999957367e+01
9.999999999999744205e+01
9.999999999999992895e+01
9.999999999999995737e+01
9.999999999999991473e+01
9.999999999999492672e+01
9.999999999999998579e+01
9.999999999915893056e+01
9.999999999999970157e+01
