-2.074085510960301248e-01
-2.084855283351688959e-01
-2.107444217569109379e-01
-2.235258729716949888e-01
-2.214604480466671743e-01
-2.215158080298610110e-01
-2.233484480613350809e-01
-2.232391544546926954e-01
-2.194356624923522736e-01
-2.181862746304351897e-01
-2.026860319313811554e-01
-1.996282727106661881e-01
-1.940658625173218854e-01
-2.012922973971564555e-01
-1.999848380723426855e-01
-2.054008622244121451e-01
-2.109942772498029362e-01
-2.103412198775458375e-01
-2.111899278361073218e-01
-2.260637868403783945e-01
-2.254686734604597620e-01
-2.281404025554694404e-01
-2.155420595642420223e-01
-2.207765380025651925e-01
-2.232218274048859419e-01
-2.210888115550389832e-01
-2.210163667425407430e-01
-2.197469654962606878e-01
-2.198057921860795960e-01
-2.188547265264299824e-01
-2.126906198915777257e-01
-2.166513795132520848e-01
-2.146120420955663910e-01
-2.171590397616263157e-01
-2.130293718613775478e-01
-2.157996465709382528e-01
-2.141073156374250774e-01
-2.175258403433438792e-01
-2.111397314410120851e-01
-2.147428957159175644e-01
-2.187135462622682158e-01
-2.172838729526623269e-01
-2.168616716395271038e-01
-2.165643717728817641e-01
-2.195814148725819814e-01
-2.134801145492128127e-01
-2.122052127102920793e-01
-2.152919852465361994e-01
-2.185601078134097874e-01
-2.117632243215679944e-01
-2.190481884321276995e-01
-2.154392863404983038e-01
-2.087492187613946559e-01
-2.137204291670422862e-01
-2.046985449261448098e-01
-2.138100290012397708e-01
-2.131343535300364023e-01
-2.171850824884938580e-01
-2.128042230854302330e-01
-2.129023316118209830e-01
-2.085279107824094813e-01
-2.193311707030480839e-01
-2.133448627266068542e-01
-2.148389117516809610e-01
-2.070638943280812272e-01
-2.155929675661488465e-01
-2.072011806510972998e-01
-2.111874724062996755e-01
-2.056053668997007144e-01
-2.042894326422896034e-01
-2.159703832430408255e-01
-2.204093094668559683e-01
-2.122169101372018141e-01
-2.171209807045380857e-01
-2.063612957452129193e-01
-1.992033439240241677e-01
-2.107474996886372631e-01
-2.163394564414057586e-01
-2.006031368831495409e-01
-2.078584039667539518e-01
-2.196313094840712521e-01
-1.974909915097588786e-01
-2.047793260627806533e-01
-2.129921692168273983e-01
