1.145315881171312666e+00
1.100785231814683796e+00
1.054862080628202747e+00
7.706831978346747603e-01
7.424221641732494659e-01
7.142839829051422784e-01
7.515455806518410720e-01
7.523490555463525631e-01
8.446629495359335715e-01
7.948975306636759663e-01
8.928220566258051605e-01
8.442268218995396811e-01
9.492261265171062501e-01
1.001489239624480776e+00
1.327642891864242447e+00
2.354482091385085685e+00
3.018972272649131483e+00
4.295663374400404244e+00
4.478364474941393780e+00
1.185463742673013465e+00
1.229318647896066929e+00
1.117643549827556315e+00
1.248493328249119294e+00
1.222965702666544807e+00
1.335781640556124694e+00
1.277299113645614881e+00
1.316005308512490979e+00
1.326641382520972412e+00
1.471567060814206407e+00
1.270096568159464923e+00
1.313873777002552812e+00
1.334109105994874200e+00
1.140986644452193888e+00
1.526790791696694960e+00
1.325913899180985567e+00
1.208186404635961830e+00
1.469509266540522052e+00
1.398980888207631335e+00
1.441132918036566402e+00
1.537538697868747528e+00
1.592779865399038375e+00
1.540174186312811777e+00
1.610648030314924206e+00
1.328165710650296649e+00
1.816645321469954943e+00
1.516211081905714186e+00
1.479664285868895757e+00
1.572405485002891234e+00
1.585072716229752432e+00
1.580130002735756989e+00
1.631581354571472797e+00
1.532724001678643200e+00
1.332552081354468676e+00
1.516284644707138973e+00
1.446429683664974375e+00
1.289527067305387797e+00
1.347875075998562711e+00
1.207864436415768017e+00
1.340688046255808841e+00
1.395777127062262091e+00
1.543984479597894088e+00
1.374149422535195786e+00
1.353618292149661118e+00
1.162979039041106333e+00
1.209777411530326807e+00
1.296487036694381922e+00
1.153464745123923052e+00
1.102586281706153803e+00
1.255875909615832065e+00
1.073653788488280636e+00
1.264195397805059518e+00
1.332115402285712236e+00
1.298217086665548248e+00
1.389508437826988851e+00
1.684232950000991158e+00
1.440263915099544212e+00
1.224473945406848729e+00
1.399710764602418056e+00
1.322985063678967288e+00
1.702548852999199003e+00
1.122439766615993761e+00
9.199873595574907803e-01
1.082012218048792551e+00
1.114889460950430289e+00
