1.353146237588180512e+01
1.343580482596705039e+01
1.330167534937257834e+01
1.214797978799574985e+01
1.223008402806637740e+01
1.215123020209872529e+01
1.288389108445455555e+01
1.310447412395045497e+01
1.489290162210510182e+01
1.465303112619660197e+01
1.623585954188326141e+01
1.575789854649008248e+01
1.751049528127090227e+01
1.873424203730215609e+01
2.359123418624914237e+01
3.856115408430495251e+01
4.692907586766840211e+01
5.999998289936460338e+01
5.994289136910779803e+01
1.875976086980026025e+01
1.969221096937046056e+01
1.822872795583726457e+01
2.013395585921971076e+01
2.014174891094671693e+01
2.217954089178265065e+01
2.233478995558155589e+01
2.182517993735245554e+01
2.284540750967321188e+01
2.531081365256673976e+01
2.333060366726556367e+01
2.382426510240604500e+01
2.471570222520788107e+01
2.298271874631068101e+01
2.905066220552847156e+01
2.570377069748035126e+01
2.435765722413191625e+01
2.989417426909832187e+01
2.861331693528240550e+01
2.852772582523514444e+01
3.254723272542045009e+01
3.495625466159965100e+01
3.284891666369531293e+01
3.678436191631254104e+01
3.045106702914842600e+01
4.093181889267937379e+01
3.801599176617094855e+01
3.666050372305599581e+01
3.764270187245497112e+01
4.120659360287966422e+01
3.912512645353860563e+01
4.018370292679677647e+01
4.061795423206361733e+01
3.841352476195486787e+01
4.073515686731676055e+01
4.078093262813121811e+01
3.700333475534123551e+01
3.952195146321262342e+01
3.555144356744867196e+01
3.653659783350578039e+01
3.824250404339997544e+01
4.431276359807123555e+01
3.928357652239326825e+01
4.042032740579399075e+01
3.726624268384373551e+01
3.668249859882303809e+01
4.004038969044816554e+01
3.959776804979733811e+01
3.602575672402748097e+01
4.005447483107023743e+01
3.839858699671824382e+01
4.093631734690386992e+01
4.334451053279698840e+01
4.400786175825890467e+01
4.241275678922335857e+01
4.399930638839306596e+01
4.347649379836843053e+01
3.836411214679536386e+01
4.085211443893909689e+01
4.340638692388789366e+01
4.435661779053713616e+01
3.735516472920092212e+01
3.509974348944999178e+01
3.908028474264126828e+01
3.971083552607239398e+01
