4.818840499521054710e+01
4.762507875413794523e+01
4.753281612627851871e+01
4.541356205602964025e+01
4.535029621837855984e+01
4.506553868881746894e+01
4.519068392194750317e+01
4.544526414073565235e+01
4.503635144468863416e+01
4.992275266647686749e+01
5.627919637412073683e+01
6.168360094676522465e+01
6.055652063512554406e+01
5.829374251160999876e+01
5.756798595149531650e+01
5.204757933017609162e+01
5.030487901188580224e+01
4.690847613795103399e+01
4.771379620037239278e+01
3.958121308188623289e+01
4.166344262529910480e+01
3.637173928948104873e+01
3.846764462556956943e+01
3.658002999614310369e+01
3.729323431880025197e+01
3.649549895124951604e+01
3.725091496937118052e+01
3.663281667756612592e+01
3.652846216698175397e+01
3.467131933458581727e+01
3.582233621358371778e+01
3.427494607692665340e+01
3.259426493314062157e+01
3.500864085092293010e+01
3.390107880415097696e+01
3.267236762661474359e+01
3.662623208816378906e+01
3.455247053623587306e+01
3.424190095831919223e+01
3.530429004293298334e+01
3.397738484687112503e+01
3.482993799259502765e+01
3.461403641540956500e+01
3.335013519735403520e+01
3.353139400557006411e+01
3.236080273282055231e+01
3.352875311187318630e+01
3.297664217070427384e+01
3.277694548752831594e+01
3.369000592718022347e+01
3.425634868851825843e+01
3.239536671677141300e+01
3.194874704750007766e+01
3.328893629999902970e+01
3.457030346654329378e+01
3.301487012243940455e+01
3.386627465805059956e+01
3.327853549449199022e+01
3.277029411611688658e+01
3.457169302208323813e+01
3.429251352879725800e+01
3.324748286483772830e+01
3.409836236177488900e+01
3.371231414339692378e+01
3.515711430599757392e+01
3.407808570435292239e+01
3.379616934926626470e+01
3.484001809371947900e+01
3.404758340201546218e+01
3.280801038788052892e+01
3.286822717492479740e+01
3.323291248909317375e+01
3.449149346124898585e+01
3.311923487105593011e+01
3.463098338744251237e+01
3.421716855399127155e+01
3.476481370551508121e+01
3.471820263182653576e+01
3.440214485109189724e+01
3.566435603483218841e+01
3.679118418944220537e+01
3.657990415217360436e+01
3.495801234800175905e+01
3.409434503694872376e+01
