4.654193905295792320e+02
4.652320297323872751e+02
4.648449373927757620e+02
4.645960909863026700e+02
4.642604741331529112e+02
4.639353036612189953e+02
4.635130864615967425e+02
4.633839703749233649e+02
4.629907183646483873e+02
4.627152811666020398e+02
4.623723857944479505e+02
4.623324799109694254e+02
4.621197182484677342e+02
4.616985221592145194e+02
4.614953487166780519e+02
4.599359247004158533e+02
4.590278186936601514e+02
4.576904229690015313e+02
4.566767283854306925e+02
4.623881959558607946e+02
4.622282529402969544e+02
4.624996053885487299e+02
4.622966663129828362e+02
4.621189812521451472e+02
4.619880757011567880e+02
4.617287990793413996e+02
4.619021382872960544e+02
4.618393774866813146e+02
4.617906601488866158e+02
4.614052744955319554e+02
4.614710236076708156e+02
4.612471632561087631e+02
4.615593673721476193e+02
4.604785817036299704e+02
4.608707622047352288e+02
4.610238628453898855e+02
4.601827398201295978e+02
4.603089767405691077e+02
4.605375585516651995e+02
4.590213874821208151e+02
4.582764339427743039e+02
4.587614768674905008e+02
4.574797853263004299e+02
4.587916568935699502e+02
4.563424053190026370e+02
4.566537877224337763e+02
4.562315572694451475e+02
4.564053919288647307e+02
4.550000000000739533e+02
4.550000000000000568e+02
4.550000000000000568e+02
4.550000000000000568e+02
4.550000000001156764e+02
4.550000000000000568e+02
4.550000000000000568e+02
4.550000000000000568e+02
4.550000000000350724e+02
4.550000000000000568e+02
4.550000000000000568e+02
4.550000000000000568e+02
4.550000000000007958e+02
4.550000000000000568e+02
4.550000000000000568e+02
4.550000000000002842e+02
4.550000000000000568e+02
4.550000000000000568e+02
4.550000000000147224e+02
4.550000000000009095e+02
4.550000000000000568e+02
4.550000000000000568e+02
4.550000000000000568e+02
4.550000000000000568e+02
4.550000000000000568e+02
4.550000000000000568e+02
4.550000000000000568e+02
4.550000000000000568e+02
4.550000000000000568e+02
4.550000000000000568e+02
4.550000000000000568e+02
4.550000000000000568e+02
4.550000000000000568e+02
4.550000000000000568e+02
4.550000000000000568e+02
4.550000000000000568e+02
