1.603745078515226510e+02
1.682189205031444033e+02
1.715767418147158594e+02
1.754923560769980213e+02
1.796198677601965983e+02
1.754817847172841425e+02
1.800367842416607402e+02
1.832850045221864264e+02
1.886834289386835621e+02
1.915340655246199333e+02
1.949133407506382412e+02
2.002910921905889552e+02
2.027558781862867932e+02
2.034700369958932811e+02
2.066915464400352391e+02
2.060257125361996771e+02
2.065335091630119564e+02
2.105316213792625035e+02
2.125923522637058909e+02
2.249550035514209583e+02
2.235034469200153922e+02
2.268780082086168761e+02
2.273183790053194002e+02
2.312206647176560921e+02
2.377805119791863149e+02
2.387735583071586518e+02
2.402055231464690621e+02
2.425412632764392526e+02
2.431666251385296675e+02
2.357568049621762327e+02
2.393984457939470758e+02
2.332870397376866549e+02
2.326633302301657125e+02
2.272784311984884482e+02
2.222340849129488731e+02
2.200452558595015944e+02
2.202466399998439215e+02
2.162740174582657460e+02
2.242622653846832463e+02
2.222227590099948031e+02
2.186775513659455612e+02
2.068984690710114762e+02
2.046028573102256303e+02
2.059840581050729043e+02
2.106736536324727922e+02
2.094054190067111278e+02
1.829860971310450566e+02
1.860031849697660675e+02
1.751848768510680259e+02
1.637880716825587513e+02
2.733376087030106873e+02
2.876800811228482075e+02
2.900431259009528731e+02
2.862805014174896314e+02
2.896606378092691330e+02
2.955016022736797368e+02
3.048499520626003800e+02
3.020165232088824609e+02
3.080820269940057301e+02
3.051134005626730072e+02
3.047517761580458000e+02
3.095397560389186538e+02
3.115950023308511732e+02
3.025582863978049204e+02
3.147338276226075777e+02
3.114704943813728164e+02
3.123332991705368613e+02
3.248978339110282718e+02
3.154863374006394565e+02
3.123668386917901216e+02
3.179220325988821969e+02
3.244691407689412017e+02
3.335950322288373400e+02
3.178721929474384638e+02
3.281227311239718460e+02
3.236253202330337899e+02
3.207125062776823938e+02
3.231927741150278734e+02
3.195698147282221271e+02
3.312465104878493207e+02
3.304270805570926655e+02
3.369683088919613851e+02
3.248756945506901275e+02
3.243391252393130912e+02
