2.585101602223480555e+01
2.553607532990071149e+01
2.526445200789795820e+01
2.498363509297886509e+01
2.480733803434617712e+01
2.524335291254235258e+01
2.527911047980845538e+01
2.522884627276715719e+01
2.555628270834709070e+01
2.528968176727712347e+01
2.549980313498141982e+01
2.602950641912643803e+01
2.617721572067373970e+01
2.571339529891483267e+01
5.945786855207720834e+01
5.998475147131172491e+01
1.294996223287654402e+00
5.657866050642344646e+01
5.976277306978867188e+01
5.988736582597076108e+01
5.952114000889801559e+01
5.999976843339208443e+01
3.259259785868103165e+00
5.786981423945123026e+01
5.900845711106846636e+01
5.970499999999999829e+01
5.997259444301700881e+01
5.994265619232474762e+01
1.294999999999994600e+00
5.970646762500000193e+01
5.956333737314945864e+01
1.294557713818811351e+00
1.017326716777954498e+00
2.698864613143179270e+00
5.999852500000000077e+01
1.117637475566546357e+00
1.117637475566546357e+00
9.534286338847877573e+00
5.969962181993572159e+01
5.996483201707732036e+01
1.010909080982282049e+00
1.295000000000001705e+00
1.293525000000002478e+00
5.184721542874774514e+01
1.300522810161549581e+00
5.970647499999999752e+01
5.970499999999999829e+01
1.287146351861281346e+00
5.485462899284467397e+01
4.734019193060953512e+01
5.998763410634498427e+01
1.120139429154150434e+00
2.156712261091923466e+01
5.213253285834661455e+01
1.293525000000002478e+00
8.760131422349431318e+00
5.970499999999999829e+01
5.999943445666885111e+01
5.999999929588643965e+01
2.737640413486825253e+01
5.563619914890452378e+01
5.122718170501887158e+00
5.970674611449940983e+01
4.689753102044801381e+01
1.002841907250347830e+00
5.970647500000000463e+01
1.279489993034900408e+00
5.260725924316856350e+01
3.387299591158381418e+01
5.910494812938474496e+01
5.970500000000000540e+01
1.053865551968605985e+00
1.298655998487457985e+01
5.048761344646163707e+01
5.970500000000000540e+01
1.295000000000001705e+00
5.339717181097468313e+01
1.205246528737916378e+00
5.970499999999999829e+01
5.998078687070557180e+01
5.970499999999999829e+01
1.029985647469654708e+00
3.975655843768490172e+01
5.970499999999999119e+01
