-2.693435857183446580e-01
-2.796068034082963005e-01
-2.834793305592028245e-01
-2.886314551030335074e-01
-2.936608106572288213e-01
-2.866730266057116450e-01
-2.920503354518521610e-01
-2.957805659920623165e-01
-3.037472471578698263e-01
-3.077809140182721781e-01
-3.114568183625514575e-01
-3.137092103677822652e-01
-3.197233906368408540e-01
-3.235858793973480640e-01
-3.269108029153621198e-01
-3.252682424145910689e-01
-3.254986389177593753e-01
-3.321329068603586232e-01
-3.348047860402946219e-01
-3.464744393762758112e-01
-3.406004421715628228e-01
-3.514493550818287848e-01
-3.560198600870010388e-01
-3.517136403139420331e-01
-3.621812902658648192e-01
-3.631352794461327749e-01
-3.679034814927958918e-01
-3.713615268480593978e-01
-3.715784443581506835e-01
-3.555279587392622398e-01
-3.695895774974321535e-01
-3.588012908628782083e-01
-3.576656170154965952e-01
-3.491915654182096707e-01
-3.470100844398034123e-01
-3.464389502202042115e-01
-3.419251565135232318e-01
-3.404467978710095100e-01
-3.493791064366446042e-01
-3.341223285723089464e-01
-3.322662731075883835e-01
-3.235433704759865248e-01
-3.228951975299121369e-01
-3.110601185535286639e-01
-3.290960036875029693e-01
-3.271949750416750513e-01
-2.945001815123925448e-01
-2.946568380863580083e-01
-2.804698346927269603e-01
-2.500345091738462311e-01
-4.080826519664349505e-01
-4.186769094474004915e-01
-4.268438168899548191e-01
-4.244304933988942152e-01
-4.239612704745110983e-01
-4.279465034705579596e-01
-4.419143184611536435e-01
-4.375857565442869967e-01
-4.411535687775486880e-01
-4.361026238189906201e-01
-4.389144894139793696e-01
-4.438805207989765522e-01
-4.493930558316383550e-01
-4.310352746687375891e-01
-4.543476389856514475e-01
-4.459368492080563184e-01
-4.334611838408424789e-01
-4.628445828378711102e-01
-4.515426235984536518e-01
-4.400643372773442308e-01
-4.432554939831106489e-01
-4.492367597168153703e-01
-4.704163543367999578e-01
-4.513421181286475514e-01
-4.637966414724638553e-01
-4.546579785489677783e-01
-4.420016933472731280e-01
-4.523381932369653358e-01
-4.430892896552902083e-01
-4.684280795287587562e-01
-4.550405596431496003e-01
-4.584460323134029180e-01
-4.329116556356494283e-01
-4.414813516717630559e-01
