5.671568238892053841e+02
5.675889474789310043e+02
5.677632524242427507e+02
5.679370112812853222e+02
5.681312086607009633e+02
5.678260924785399766e+02
5.680180704410938688e+02
5.682042580883722849e+02
5.683633275098488866e+02
5.685089121222208632e+02
5.685861189402264699e+02
5.689149172097193059e+02
5.689302766739273238e+02
5.689846412088614898e+02
5.690856008942207609e+02
5.691743623871785758e+02
5.696609909856737204e+02
5.697526201467870806e+02
5.700299758226188942e+02
5.702127178763906841e+02
5.706233485698952563e+02
5.704726217680918126e+02
5.704954377451623486e+02
5.711572967544855146e+02
5.712626269740535463e+02
5.714246105620671869e+02
5.714937307666898505e+02
5.717101879637416459e+02
5.718436426694499914e+02
5.722499789335519154e+02
5.719219064243984576e+02
5.720583494891054670e+02
5.721398121593205133e+02
5.722317427566250672e+02
5.721036508644111791e+02
5.720147219638055276e+02
5.722887896690186835e+02
5.722814608376089609e+02
5.726056827425727533e+02
5.730320833961902736e+02
5.728878665891760420e+02
5.725318252512076924e+02
5.726518991916781260e+02
5.732322063339493070e+02
5.728520008661549809e+02
5.728156611649632168e+02
5.719184438270434612e+02
5.723241659273985533e+02
5.720979850426223265e+02
5.709069161837877573e+02
5.733599167637207756e+02
5.732533241412550069e+02
5.731890524333429084e+02
5.734487286213541211e+02
5.736275540719958599e+02
5.738835309540415892e+02
5.740472205706213344e+02
5.742552068492876742e+02
5.744646755737535386e+02
5.746210934804249746e+02
5.748083695600112151e+02
5.749557429880157997e+02
5.750228499014368708e+02
5.754168261438031777e+02
5.752839198232819626e+02
5.755559191976144575e+02
5.761362430234977410e+02
5.758173541867760150e+02
5.759032845713286406e+02
5.762730793522358681e+02
5.765293698502866846e+02
5.766348326753005722e+02
5.765196346425090042e+02
5.765735531725985084e+02
5.766749893003553780e+02
5.770078835050824182e+02
5.774952927956666144e+02
5.772869044384306108e+02
5.776134142118174850e+02
5.772698961677001535e+02
5.777943843474458845e+02
5.780158196880613559e+02
5.785135693302294158e+02
5.782698877651108660e+02
