5.165598486433902963e+02
5.169025591677166176e+02
5.172405842057837617e+02
5.176258122626447857e+02
5.180111440269794230e+02
5.179540752508734158e+02
5.182087092218297357e+02
5.184617261686885286e+02
5.185761535130833408e+02
5.188097700111221684e+02
5.189743932768017203e+02
5.191217180218537806e+02
5.191999982134400398e+02
5.193286727865473722e+02
5.194578685319415854e+02
5.196117041737537647e+02
5.199175184369163389e+02
5.200355896891137490e+02
5.202446646748841204e+02
5.204001794486511017e+02
5.205037737400103879e+02
5.206703244701868698e+02
5.208416622296192600e+02
5.209795673269788949e+02
5.211610711953202326e+02
5.212359260404246015e+02
5.214139578398608137e+02
5.215176426535711016e+02
5.216556395862858153e+02
5.218013387638818585e+02
5.219774852092067476e+02
5.222008167752890131e+02
5.222800819777297647e+02
5.224184214325971425e+02
5.226470797725107786e+02
5.227573614595497702e+02
5.228698237051951310e+02
5.230846151624948561e+02
5.232236043086134032e+02
5.233351792154601299e+02
5.235715738910632808e+02
5.237091842342797463e+02
5.239755997035862265e+02
5.239425372217804124e+02
5.240085017863610801e+02
5.242037721432225226e+02
5.246207156962535691e+02
5.246508654145083028e+02
5.248550997528816424e+02
5.252946774601766720e+02
5.227443267792729102e+02
5.210156946786723893e+02
5.210718813268700842e+02
5.211632202662926829e+02
5.213262929496104334e+02
5.213629763401854689e+02
5.215183755359681754e+02
5.214702608442713654e+02
5.216519487347652557e+02
5.218236040763899837e+02
5.217524400000099831e+02
5.218842646971542081e+02
5.220364093222623296e+02
5.221498144154454621e+02
5.223097776999109101e+02
5.223687073811692017e+02
5.225679905297233745e+02
5.225006827057148939e+02
5.227266513577454816e+02
5.227758118682550048e+02
5.229512437477437743e+02
5.229802788935206763e+02
5.231314383197136522e+02
5.232128740840006458e+02
5.233653840499514445e+02
5.234122780756956672e+02
5.236709305214594679e+02
5.236157282455740187e+02
5.237114004162326637e+02
5.239540452430779851e+02
5.242161987517135913e+02
5.242964889721394002e+02
5.241532999286896484e+02
5.245633910673681157e+02
