5.165641442262633518e+02
5.169180772953766336e+02
5.173047926679124657e+02
5.176260040231933317e+02
5.179477464968167624e+02
5.177824543087505162e+02
5.180240667089823319e+02
5.182019698853395084e+02
5.184088976775877882e+02
5.185436103603332185e+02
5.186830841488953183e+02
5.188579529113964099e+02
5.189156605002666538e+02
5.189733798320194182e+02
5.190402761215798364e+02
5.190422907417420220e+02
5.193473279047535698e+02
5.194497804029116423e+02
5.195991708211485047e+02
5.198715214696690055e+02
5.199552652159223953e+02
5.200395938985399198e+02
5.201164403758876915e+02
5.203091933500345476e+02
5.204331544474044904e+02
5.205878960670784181e+02
5.206412879196483345e+02
5.207453907560206972e+02
5.209110068862615890e+02
5.209535447250128755e+02
5.210399002849945873e+02
5.211531496026681225e+02
5.212601257476703722e+02
5.214070297679650139e+02
5.213691625191964931e+02
5.215216309891328592e+02
5.216638578557758592e+02
5.218215477650918501e+02
5.219246440486011807e+02
5.221259767408964763e+02
5.222116554021666843e+02
5.221939884174396411e+02
5.222474203302932665e+02
5.225336451828188729e+02
5.225978124215013167e+02
5.226227078282491902e+02
5.226024454510566102e+02
5.227868159084277977e+02
5.227927413649050550e+02
5.226848191061304760e+02
5.214974949922149108e+02
5.210012695501965254e+02
5.211401453881857151e+02
5.211093683033866455e+02
5.213604656767611232e+02
5.214956621953117519e+02
5.216562430488480686e+02
5.216723459855230658e+02
5.218929733271254463e+02
5.219543899380834091e+02
5.220000711737158099e+02
5.221465853026296600e+02
5.222934568299208422e+02
5.222020782205290743e+02
5.223876631477834280e+02
5.224783789992605989e+02
5.227877576357624321e+02
5.227975681316825103e+02
5.227750109278503032e+02
5.228289323050320263e+02
5.229485694549947539e+02
5.232933212941127294e+02
5.232776891500469674e+02
5.231646287624972729e+02
5.233363765679215476e+02
5.233342291641744168e+02
5.234788696372201002e+02
5.235225604999744746e+02
5.236371648690333132e+02
5.236212286108171838e+02
5.238667616781626748e+02
5.241161307693542994e+02
5.241932241795508389e+02
5.241646103228287075e+02
