9.999999943612523623e+01
9.999999999973394438e+01
9.999999999999931788e+01
9.999999999999988631e+01
9.999999999999998579e+01
9.999999999999998579e+01
9.999999999999998579e+01
9.999999999999998579e+01
9.999999999999998579e+01
9.999999999999998579e+01
9.999999999999998579e+01
9.999999999999998579e+01
9.999999999999998579e+01
9.999999999921215021e+01
9.999999999995362998e+01
9.999999999999998579e+01
9.999999999999998579e+01
9.999999999999998579e+01
9.999999999999998579e+01
9.999999999999998579e+01
9.999999999999998579e+01
9.999999999999998579e+01
9.999999999999998579e+01
9.999999999999998579e+01
9.999999999999998579e+01
9.999999999999998579e+01
9.999999999999998579e+01
9.999999999999998579e+01
9.999999999999998579e+01
9.999999999999998579e+01
9.999999999999998579e+01
9.999999999999998579e+01
9.999999999999998579e+01
9.999999999999998579e+01
9.999999999999998579e+01
9.999999999999998579e+01
9.999999999999998579e+01
9.999999999999998579e+01
9.999999999999998579e+01
9.999999999999998579e+01
9.999999999999998579e+01
9.999999999999998579e+01
9.999999999999998579e+01
9.999999999999998579e+01
9.999999999999998579e+01
9.999999999999998579e+01
9.999999999999991473e+01
9.999999999999998579e+01
9.999999999999947420e+01
9.999999999999997158e+01
9.999999999999998579e+01
9.999999999999998579e+01
9.999999999999998579e+01
9.999999999999998579e+01
9.999999999999998579e+01
9.999999999999998579e+01
9.999999999999998579e+01
9.999999999999998579e+01
9.999999999999998579e+01
9.999999999999998579e+01
9.999999999999998579e+01
9.999999999999998579e+01
9.999999999999998579e+01
9.999999999999998579e+01
9.999999999999998579e+01
9.999999999999998579e+01
9.999999999999998579e+01
9.999999999999998579e+01
9.999999999999998579e+01
9.999999999999998579e+01
9.999999999999998579e+01
9.999999999999998579e+01
9.999999999999998579e+01
9.999999999999998579e+01
9.999999999999998579e+01
9.999999999999998579e+01
9.999999999999998579e+01
9.999999999999998579e+01
9.999999999999998579e+01
9.999999999998210853e+01
9.999999999999947420e+01
9.999999999999991473e+01
9.999999999997838529e+01
9.999999999999951683e+01
