1.602915087997611181e+02
1.700224738870526267e+02
1.788399237753144462e+02
1.877458014680321980e+02
1.955226502269366904e+02
1.948769464711463684e+02
2.028088331712930881e+02
2.079058864625879721e+02
2.128266583511392298e+02
2.217035346186727622e+02
2.285168377027640929e+02
2.327961697072615550e+02
2.369440958883299686e+02
2.401564204463495855e+02
2.436353094031122168e+02
2.512177550834074964e+02
2.567935206145590996e+02
2.596623119792755006e+02
2.662521949480240551e+02
2.702536464015392426e+02
2.736251992748989323e+02
2.726773529565551826e+02
2.775299985590302754e+02
2.866185197004879797e+02
2.923096448146995385e+02
2.927545533084169165e+02
2.939158711256712309e+02
3.010300393675955206e+02
2.992949973417420892e+02
2.989730174982171889e+02
2.985723453910645731e+02
2.961589320905325735e+02
2.884291218823235567e+02
2.887520659524083158e+02
2.847569478685139757e+02
2.808769624352343612e+02
2.797440607200586555e+02
2.761211584212582011e+02
2.853949154517327997e+02
2.879910854458016729e+02
2.827572338461811796e+02
2.735256691213851923e+02
2.691548903656543530e+02
2.725483692928659707e+02
2.738643746168021380e+02
2.697067276864354426e+02
2.465443438163313203e+02
2.487967454676585248e+02
2.408019929376139601e+02
2.199979812811694444e+02
3.460164242982127689e+02
2.825175615993819065e+02
2.902687844876465988e+02
2.922228328361090917e+02
3.038853982581991318e+02
3.083650149065431378e+02
3.152104548508217476e+02
3.136673071814642526e+02
3.200595222433535127e+02
3.230162624357122922e+02
3.295576124894997179e+02
3.334867762029839469e+02
3.327899972206727170e+02
3.378525837121306381e+02
3.472995043320147488e+02
3.511114599452629363e+02
3.527792559360668747e+02
3.539934826601535178e+02
3.523304318710449934e+02
3.649599390476520284e+02
3.708543810500137283e+02
3.647333433031894288e+02
3.718014261761683201e+02
3.652245440748760075e+02
3.691752260529452769e+02
3.840332223476029299e+02
3.789034693135661200e+02
3.776396743907012024e+02
3.770558793200951868e+02
3.952510856368455165e+02
4.027271814383461219e+02
4.066619821042686453e+02
4.008546614593701065e+02
4.224896054928921671e+02
