4.799999999999999432e+02
4.799999999999999432e+02
4.799999999999999432e+02
4.799999999999999432e+02
4.799999999999999432e+02
4.799999999999999432e+02
4.799999999999999432e+02
4.799999999999999432e+02
4.799999999999999432e+02
4.799999999999999432e+02
4.799999999999999432e+02
4.799999999999999432e+02
4.799999999999999432e+02
4.799999999999998863e+02
4.799999999999999432e+02
4.799999999989324238e+02
4.799999999975264018e+02
4.799999999999395186e+02
4.799999999953890324e+02
4.799999999999999432e+02
4.799999999999984652e+02
4.799999999995367261e+02
4.799999999981981773e+02
4.551249999999710667e+02
4.550062016276336294e+02
4.778014257564947229e+02
4.797957520281109396e+02
4.799213878409782410e+02
4.790537020465824298e+02
4.582041255713780288e+02
4.550130271042240793e+02
4.798864019148330726e+02
4.799994320095580065e+02
4.552869703975239872e+02
4.550116158688442169e+02
4.722838792653545283e+02
4.722838792653228097e+02
4.799963340663077247e+02
4.797891291087063905e+02
4.797653716727496089e+02
4.562884441647681797e+02
4.799701205844473861e+02
4.562203941744785993e+02
4.770625648717372655e+02
4.550001921353605212e+02
4.798786212359610772e+02
4.554008415285427418e+02
4.762514852610593721e+02
4.550180058486240000e+02
4.551248280452896893e+02
4.798405629806916295e+02
4.594498320808270933e+02
4.550694678230721024e+02
4.550301189617997579e+02
4.719020628129704278e+02
4.799062373869671774e+02
4.799653195962432051e+02
4.799945145212117836e+02
4.799999977140350893e+02
4.799999999043790240e+02
4.799999999572211209e+02
4.550028179799190298e+02
4.550000167058892089e+02
4.551229275789638109e+02
4.797865874178054924e+02
4.738568297229581390e+02
4.798884157055856008e+02
4.550039226726284483e+02
4.550193568468291119e+02
4.550007228094371499e+02
4.551914584468558473e+02
4.773802857795726595e+02
4.799887620190500002e+02
4.799607288665116016e+02
4.760713192907711573e+02
4.789515612327220992e+02
4.799947877407716987e+02
4.701514361229751557e+02
4.799301367954003581e+02
4.556797750550554156e+02
4.799310163581400275e+02
4.568467495138838785e+02
4.799967960020154010e+02
4.714104840691929326e+02
