7.642481298791490474e+01
7.659050320873870987e+01
7.684530818336851610e+01
7.713998822775414510e+01
7.744859502982279764e+01
7.749612836066613397e+01
7.776489535920362073e+01
7.797438261138124460e+01
7.816181274713203209e+01
7.828280250138925567e+01
7.852990204622689419e+01
7.894003287071453201e+01
7.889274036969590043e+01
7.881380670380022480e+01
7.899653590767285039e+01
7.906971671107332611e+01
7.911533064457458408e+01
7.917949719092680994e+01
7.921905178073902221e+01
7.986189182320072177e+01
7.999492971052656287e+01
7.986573376208352215e+01
7.970175069181215122e+01
8.024494373094023558e+01
8.032992393192569125e+01
8.039689524140675303e+01
8.037449140067721487e+01
8.040936754805255759e+01
8.050195878507273051e+01
8.072328463258349984e+01
8.049551486906416642e+01
8.063027362681766874e+01
8.073036949488312075e+01
8.081311404125982278e+01
8.053044337241904316e+01
8.052289213577299165e+01
8.083347530920390511e+01
8.059332650187111824e+01
8.091352991416320606e+01
8.163969253366266798e+01
8.155471869736142310e+01
8.112134376094411436e+01
8.090542124983164740e+01
8.172583663158468426e+01
8.137019776539291627e+01
8.156375080284908563e+01
8.092738237016209268e+01
8.125607816933872130e+01
8.104356060943446494e+01
8.060135272621511149e+01
8.223833422736370835e+01
8.251535548679723320e+01
8.239045407126420173e+01
8.224914582491486215e+01
8.267684731544053989e+01
8.302210110779732588e+01
8.304388500513374538e+01
8.315915306922748584e+01
8.356828307763976227e+01
8.376963904402319372e+01
8.346949400754897397e+01
8.372299170742243746e+01
8.368827193503145168e+01
8.404251135462482125e+01
8.387938243342010480e+01
8.410764095092966386e+01
8.485848068780941844e+01
8.438681461076657797e+01
8.442665639766963182e+01
8.479010112395403098e+01
8.522416508460132434e+01
8.546371527893177245e+01
8.515976462626215948e+01
8.506912768947105974e+01
8.529323944160803705e+01
8.541660335262776016e+01
8.588329652553817084e+01
8.561637057397814488e+01
8.585806908913846769e+01
8.566189984440981675e+01
8.633194266996027011e+01
8.670248216377967765e+01
8.717107850738965169e+01
8.682239704837775207e+01
