7.640628027493416141e+01
7.658378805100525710e+01
7.691182063779525890e+01
7.742902829810211074e+01
7.784662893965136732e+01
7.799801311439667018e+01
7.838127212427613699e+01
7.864125659210183983e+01
7.895507538963072136e+01
7.919490293421455362e+01
7.943343569028790796e+01
7.978071009394693647e+01
8.001421233345514850e+01
8.011185835844094072e+01
8.015843134597746200e+01
8.064276262155485142e+01
8.060635444447972020e+01
8.063763660583423132e+01
8.104270566796839148e+01
8.120778046259930250e+01
8.119264057628232933e+01
8.154587524621372552e+01
8.182910170975694086e+01
8.187302144437703078e+01
8.211296068470839771e+01
8.223776328393246615e+01
8.243358739546148684e+01
8.229720264720657497e+01
8.256968546154793387e+01
8.263480191897420468e+01
8.290437370602383282e+01
8.317342622375832661e+01
8.305888640192861772e+01
8.269189194260954423e+01
8.331895247321233455e+01
8.297405936058832765e+01
8.339052507601675757e+01
8.361043935608165611e+01
8.380279764343246995e+01
8.368782229447147358e+01
8.408331840706132709e+01
8.388387935688213304e+01
8.418825743850204901e+01
8.385745753916886258e+01
8.385375459263914877e+01
8.378812193204770153e+01
8.420941762438177136e+01
8.428516812864279473e+01
8.378251899250857093e+01
8.439380343435126974e+01
8.488802899120445034e+01
7.955540928280711910e+01
7.994833997496442635e+01
7.988245617606341398e+01
8.037818139128417272e+01
8.047137286471070183e+01
8.093593430481055861e+01
8.056404351289762644e+01
8.110879444885165412e+01
8.143797341056861683e+01
8.100934495112389300e+01
8.141887258641790481e+01
8.155866005641773597e+01
8.197209626258586468e+01
8.239562219763948292e+01
8.226924353366268861e+01
8.276850433993682543e+01
8.251012528554434766e+01
8.334834658408141195e+01
8.318807462806798014e+01
8.321824264985555430e+01
8.348785219316197015e+01
8.372859250465310765e+01
8.365369083346894286e+01
8.409579142619180914e+01
8.380728922724294705e+01
8.460251071509287613e+01
8.483515420250903105e+01
8.483238495600986084e+01
8.561217351627830396e+01
8.608949167956183146e+01
8.642569062853638684e+01
8.538630064011786658e+01
8.685121091105490621e+01
