-2.691451909196186931e-01
-2.816768429570812859e-01
-2.940527668703314945e-01
-3.039601058860115224e-01
-3.133429369226268246e-01
-3.132185345956580713e-01
-3.227319202034964474e-01
-3.291012294015280282e-01
-3.341592298039628983e-01
-3.473106448896415288e-01
-3.555520024179376626e-01
-3.581769344502871433e-01
-3.626346233618961690e-01
-3.676279292264184595e-01
-3.733994701539615768e-01
-3.778785026753500031e-01
-3.891910585140190282e-01
-3.952182047105147755e-01
-3.990842908770687036e-01
-4.036290849628337285e-01
-4.103586842855815320e-01
-4.036675535506268897e-01
-4.081307250778605233e-01
-4.203003093963892933e-01
-4.260655057349888031e-01
-4.266558056607970828e-01
-4.265504470367610934e-01
-4.419281286624082150e-01
-4.352066514822036103e-01
-4.356818531900362723e-01
-4.314367090029028740e-01
-4.245549497335662781e-01
-4.172587999158412497e-01
-4.246223936042605729e-01
-4.095398739539917177e-01
-4.102239376363684409e-01
-4.036009366378083829e-01
-3.944556503731440622e-01
-4.066489341284162395e-01
-4.141334086538179249e-01
-4.031534614482806811e-01
-3.948635391988428167e-01
-3.825850997294264477e-01
-3.983283073883956416e-01
-3.999992889156651077e-01
-3.952021431843248944e-01
-3.553451046964454796e-01
-3.602565886362318337e-01
-3.572805757189035925e-01
-3.165803011215220786e-01
-4.887243171062359837e-01
-4.157626528720380077e-01
-4.215233865853998951e-01
-4.274902051013676485e-01
-4.358612983441887412e-01
-4.438905554505131468e-01
-4.437092936799590381e-01
-4.512411107221923623e-01
-4.526628051936413266e-01
-4.515600710234596860e-01
-4.714700180958601439e-01
-4.690041992791461611e-01
-4.682004983224592465e-01
-4.708129047701922198e-01
-4.780205023434005995e-01
-4.860173060578190096e-01
-4.821368823380886570e-01
-4.915993870524175136e-01
-4.726404129272852028e-01
-4.989713221777667962e-01
-5.063530581792016205e-01
-4.976410267317107894e-01
-5.038225154076287904e-01
-4.974180315874992542e-01
-4.954965070316706410e-01
-5.231857942521701554e-01
-5.032953132670491270e-01
-5.009876898774979770e-01
-5.035079943370300848e-01
-5.169860421270812134e-01
-5.237008787934704923e-01
-5.281263974891677870e-01
-5.389840538290269212e-01
-5.494741971184637919e-01
