1.690320181861115323e+00
1.211502616469414706e+00
8.984702460088115350e-01
6.401352016076826690e-01
4.432928604077512325e-01
5.102134431938168957e-01
4.128683493783699143e-01
3.020471646111387853e-01
2.471497651496357972e-01
1.760131099518754960e-01
1.111364433234908883e-01
9.890883353290257085e-02
3.539170550022065209e-02
2.601413224230939014e-02
3.388775179358008573e-10
4.657157535839722123e-11
1.518112993052936142e-11
9.546956377880824779e-12
3.260693344238711094e-11
4.764620039598050406e-10
1.633943957266753713e-11
1.028886621590073033e-11
4.881691555875408616e-13
6.656557186937308070e-14
1.632653209320564256e-12
1.414675513002272934e-12
1.795308675772666819e-11
9.224176268909027540e-12
9.157786413680493612e-12
5.287345800989329502e-12
1.677420285912451721e-14
7.664667672600836714e-12
8.369547467643597432e-12
2.201681417702092397e-12
1.277543890575214119e-13
6.685914670420794576e-14
1.076416073955222720e-15
1.792030234592083980e-14
3.902977288527212963e-14
5.457493774951253052e-13
2.175644306122256718e-14
1.971598209203791866e-13
3.146971808975793572e-13
2.059947063537346126e-12
4.940484908095858659e-14
1.010459559112467056e-12
2.941388237916622706e-14
6.223695527356256759e-14
8.397153626181197448e-14
2.880464133303588344e-12
1.121339224872196204e-18
7.531087042699120833e-12
3.352750453450807163e-13
1.571088486952647620e-12
1.979578819127310537e-12
4.170753218649393365e-14
9.729689922630168512e-14
4.443371811911641490e-11
5.017873779463691013e-13
1.172397356255719200e-11
2.042761516946420179e-11
2.785665866192092612e-12
5.624664521169687842e-12
9.303071363656553431e-12
9.053818574261940700e-13
8.409989668409412224e-12
1.692345465589586796e-12
4.563984045033224528e-13
2.065344906536745226e-13
2.848627379989256439e-12
8.743031299597294408e-12
8.003399344708891991e-14
5.660874744063208226e-14
2.750560466743206533e-12
3.111166769903127652e-13
6.542022947172869245e-12
3.608702276963282752e-12
1.084533963952817427e-13
5.399677000940071131e-12
2.691846003685143649e-13
1.362805826268104370e-12
9.541750380291977254e-13
8.607039588786673194e-13
1.567134897113443402e-12
