1.842566785972875039e+02
1.897505722086425237e+02
1.914619460807975315e+02
1.929320142810116465e+02
1.947773027147470088e+02
1.922524684996066355e+02
1.948592935254092140e+02
1.964487182422475655e+02
1.992451173093941179e+02
2.004962131322126595e+02
2.021831746855718279e+02
2.063986272145199621e+02
2.068819256823015564e+02
2.061220039251762728e+02
2.078631031043510120e+02
2.071863047977234089e+02
2.071573050623224503e+02
2.088791228250339032e+02
2.098600576473457977e+02
2.175228286245251752e+02
2.174006611240286020e+02
2.171937007360131133e+02
2.162513756400578302e+02
2.201001559465754269e+02
2.227820981623039245e+02
2.231932187134069352e+02
2.225828317126710374e+02
2.233612898646555607e+02
2.236398113826460872e+02
2.206562876164214231e+02
2.199048054002433616e+02
2.168093898293095947e+02
2.161438089331341530e+02
2.131149317338063724e+02
2.089630245609994859e+02
2.067738800860194885e+02
2.075730763361497964e+02
2.044291396214734391e+02
2.086380185211469325e+02
2.099527385392929091e+02
2.069136186678506988e+02
1.977133302505981760e+02
1.956263092642460037e+02
1.993849723357782580e+02
1.990845353056641898e+02
1.974485806950695803e+02
1.806855144168542324e+02
1.831547838910042572e+02
1.752968770398631477e+02
1.647999976215616584e+02
2.318864145844494544e+02
2.413129581461496116e+02
2.408639385636905672e+02
2.378347374796805695e+02
2.401462895393357826e+02
2.430385783517813820e+02
2.464510769003896371e+02
2.445694402631894775e+02
2.477563020912349430e+02
2.459144812350822349e+02
2.451402642705346295e+02
2.468874545589778506e+02
2.467521591005340724e+02
2.433417027642451842e+02
2.466358453947773626e+02
2.458606280692608550e+02
2.492192170386489352e+02
2.510138526764121139e+02
2.460767830050216105e+02
2.461450374818227260e+02
2.485687381351617944e+02
2.520801398973145240e+02
2.529311268520702356e+02
2.455676271088625811e+02
2.497170182452254608e+02
2.481932469296924921e+02
2.486669988659667183e+02
2.478893260008639743e+02
2.470736979435434364e+02
2.487649647437747831e+02
2.510540098989781654e+02
2.548002525697671956e+02
2.518091228518152320e+02
2.489037526098458102e+02
