1.841233343936738720e+02
1.909583897160497372e+02
1.956378829352602224e+02
2.003687177774263546e+02
2.043299344449052910e+02
2.028377864168577105e+02
2.069262637730394658e+02
2.092554329058880569e+02
2.112909030918012547e+02
2.152768214607209529e+02
2.185018847543618676e+02
2.208799660276846453e+02
2.224614914747045873e+02
2.233085915279934852e+02
2.244421055085503269e+02
2.290336386986488719e+02
2.301599571901418528e+02
2.303545108471905110e+02
2.340921840381754464e+02
2.354856908514943825e+02
2.360981645164907263e+02
2.362670087576640583e+02
2.383023999050891462e+02
2.420569582310912153e+02
2.443262511790990459e+02
2.436556107092093271e+02
2.441123691968908247e+02
2.451078386467588359e+02
2.448225988278259990e+02
2.438401873037721828e+02
2.440751662796015182e+02
2.435251335853713499e+02
2.387800774227689828e+02
2.373049363811451258e+02
2.370710651193028582e+02
2.339875932091423465e+02
2.335002897242137294e+02
2.323933232749490685e+02
2.358695942196073929e+02
2.356524441451549592e+02
2.336882822203951093e+02
2.283459619344429825e+02
2.279089258438265517e+02
2.258481576884898345e+02
2.261785139731104834e+02
2.241896749290256423e+02
2.152320150204304809e+02
2.149370148436691750e+02
2.097078700123783221e+02
2.017982009503251675e+02
2.560492629796801793e+02
2.515642506545118238e+02
2.549612586866134336e+02
2.541950993482701051e+02
2.600454619209878615e+02
2.602841533149077122e+02
2.647718690398697845e+02
2.608801952498510559e+02
2.641805355431851581e+02
2.660673087651318269e+02
2.648141598760338411e+02
2.673859531317317533e+02
2.661858157845903179e+02
2.679232507943645487e+02
2.715650976860071637e+02
2.716716182268426678e+02
2.726849364817768446e+02
2.702237428568454334e+02
2.732807334934148571e+02
2.744474013374871220e+02
2.762557768670316705e+02
2.732925448477193413e+02
2.759340230696116123e+02
2.727986317838242485e+02
2.753434853912298195e+02
2.779376064531614361e+02
2.788433488301932357e+02
2.773211262917956788e+02
2.755182143775018631e+02
2.836280305115871556e+02
2.861133387953915417e+02
2.867089722325284242e+02
2.798107351905069322e+02
2.900693339744594823e+02
