9.999999988848742305e+01
9.999999999998280487e+01
9.999999999999998579e+01
9.999999999999992895e+01
9.999999999999998579e+01
9.999999999999998579e+01
9.999999999999998579e+01
9.999999999999998579e+01
9.999999999999998579e+01
9.999999999999998579e+01
9.999999999999998579e+01
9.999999999999998579e+01
9.999999999999998579e+01
9.999999999999998579e+01
9.999999999999998579e+01
9.999999999889284652e+01
9.999975550187372164e+01
9.999994589977261228e+01
9.999998605766012361e+01
9.999999999465654810e+01
9.999999999878626511e+01
9.999995805793238901e+01
9.999998381495434785e+01
9.999763897079660069e+01
9.999993918613489541e+01
9.999999549456293835e+01
9.999999939023224726e+01
9.999999992627081724e+01
9.999999999317067534e+01
9.999734887943891692e+01
9.999999293634471087e+01
9.999999971222329975e+01
9.999999990741736156e+01
9.999999999954847851e+01
9.999999741907498674e+01
9.999999999650215443e+01
9.998575410762289550e+01
9.999999533174629107e+01
9.999974441709461814e+01
9.999999999899880265e+01
9.999999856490771322e+01
9.999999016347513248e+01
9.999999903571053039e+01
9.999800436050408337e+01
9.999998115420538625e+01
9.999999100937156982e+01
9.999999657418396737e+01
9.999944165700658516e+01
9.999999999302755782e+01
9.999998802873736281e+01
9.999999576234202436e+01
9.999999999999968736e+01
9.999999769131102312e+01
9.999999976527071510e+01
9.999959753342992030e+01
9.999998966396044864e+01
9.999999998242093113e+01
9.999999998917832045e+01
9.999997731388566535e+01
9.999999302922923050e+01
9.999987087190470447e+01
9.999998989090512680e+01
9.999999995008258225e+01
9.999603995576356397e+01
9.999999713977403815e+01
9.999941462817631077e+01
9.999999996093485777e+01
9.999998014810385882e+01
9.999999996882371534e+01
9.999990884365874422e+01
9.999656439542467012e+01
9.999991038798908960e+01
9.999998921439171795e+01
9.999999984096082528e+01
9.999999996945044245e+01
9.999999999759651814e+01
9.999854715438297603e+01
9.999999474767196261e+01
9.999291459624463130e+01
9.999993904474779072e+01
9.999882754091372306e+01
9.999970306580577528e+01
9.999991078214945617e+01
9.999997885179587342e+01
