5.671445646131614922e+02
5.677121759264125558e+02
5.680306223779451784e+02
5.684658553372779579e+02
5.687973763524502147e+02
5.685817234482336744e+02
5.688562119036537297e+02
5.690663829773533280e+02
5.693093236864945084e+02
5.694510838770233931e+02
5.697440054894711920e+02
5.699413844668044931e+02
5.701268524052723023e+02
5.703212589660005278e+02
5.704665869226772656e+02
5.707953255457466639e+02
5.711167062696364383e+02
5.712492096258723677e+02
5.716512384710637207e+02
5.719530677494622068e+02
5.720505498974345073e+02
5.724670813874635087e+02
5.726889893977840984e+02
5.730532985192890010e+02
5.733598984744039626e+02
5.735895724778721387e+02
5.737749855345387004e+02
5.738159705681067635e+02
5.742006213245819026e+02
5.743717612851212380e+02
5.746633541901542230e+02
5.749178270318845989e+02
5.750312317217097871e+02
5.750323544572385117e+02
5.754877374071942313e+02
5.753629734912950653e+02
5.757338831424650607e+02
5.760710566708414717e+02
5.763208228890936198e+02
5.763943329441723336e+02
5.765289963927198187e+02
5.764734486600035552e+02
5.768166686659089919e+02
5.766306266670547984e+02
5.769245510368855321e+02
5.770069564275673883e+02
5.768750667790839088e+02
5.770818278185148529e+02
5.767343804257550346e+02
5.765896030236536944e+02
5.765788504380526547e+02
5.726195174196830067e+02
5.730329524864617952e+02
5.731900100629245571e+02
5.736967797743398023e+02
5.737697818744049982e+02
5.744846144056842832e+02
5.744107322535804769e+02
5.748065927412600331e+02
5.751828487762187478e+02
5.751137298598632697e+02
5.756623557707968075e+02
5.758382305932531153e+02
5.761038373719069341e+02
5.765444876821269418e+02
5.766930048575470664e+02
5.770810458500403684e+02
5.770278073067163405e+02
5.779232886098898234e+02
5.774904207476156444e+02
5.778923397693798734e+02
5.779651342771671807e+02
5.783418212093419015e+02
5.784944406373911079e+02
5.789584270675595690e+02
5.788293868727062090e+02
5.793769570110811173e+02
5.796351955112073711e+02
5.797971470141364989e+02
5.799999999998537987e+02
5.799999999999998863e+02
5.799999999999998863e+02
5.799999999992305675e+02
5.799999999999998863e+02
