6.790352983995614977e+01
7.099199418909955739e+01
7.442749268431393261e+01
8.039646607812704815e+01
8.118967520114318859e+01
8.017918207751399962e+01
8.004816599512986386e+01
7.979236651847780593e+01
7.873126367447621021e+01
7.785684445957082289e+01
7.631755315607664159e+01
7.573225717999372364e+01
7.494356633207664231e+01
7.582522957300496103e+01
7.465424383954132281e+01
7.409953145762821691e+01
7.307865839048932344e+01
7.173988725561557089e+01
7.149097775508269592e+01
7.055011201582122737e+01
6.918060260817767926e+01
6.838543265026892470e+01
6.878139495941280757e+01
6.823699101207184015e+01
6.589092785265867747e+01
6.537550659804763598e+01
6.443462009506522747e+01
6.364652879377467798e+01
6.213560525919299238e+01
6.021232211287643565e+01
5.942511794512272871e+01
5.882892716162736235e+01
5.825696749927232787e+01
5.664025716338480265e+01
5.648262499327945818e+01
5.493874434874232549e+01
5.618521780344035221e+01
5.541240282025265174e+01
5.480223968927223410e+01
5.378853890449205721e+01
5.396378011723579959e+01
5.209421482065247488e+01
5.031828049275651438e+01
5.048043568522477642e+01
5.073156885360486257e+01
4.877216882466505865e+01
4.936827747548890954e+01
5.152728369198091940e+01
5.074717439357111459e+01
5.042901334294511173e+01
4.980141517072895141e+01
4.897371605848329779e+01
4.905178712662019080e+01
4.899180224383419358e+01
4.593319669936619931e+01
4.837680005673391292e+01
4.548380072134821006e+01
4.849833697060633853e+01
4.634996055021740347e+01
4.884182068280406952e+01
4.402890113240822956e+01
4.765903093459839823e+01
4.578023714464089977e+01
4.579095902003521701e+01
4.668274399148300091e+01
4.484679369775509628e+01
4.632239769141497021e+01
4.580870402803049046e+01
4.591208129438206953e+01
4.487039599641527587e+01
4.597037139720715260e+01
4.718994795352822536e+01
4.892745774586276042e+01
4.728848820746258497e+01
4.674622471265446677e+01
5.149321830787238952e+01
5.076427105815466945e+01
5.052422735883406091e+01
5.446580048565605381e+01
5.925398689927995122e+01
6.910745698136963711e+01
6.769592460849129623e+01
6.708121269911484319e+01
6.535987739693587173e+01
