9.999999999999998579e+01
9.455608814058342659e+01
9.092282702240822800e+01
8.405328304144951801e+01
8.324330422962572129e+01
8.410424890567841771e+01
8.570477269279719224e+01
8.737628404411471195e+01
8.692571729043027062e+01
8.799926078339584024e+01
8.730886756393591952e+01
8.844759130226491095e+01
8.748818258107526447e+01
8.675880654686856985e+01
8.617854573798850026e+01
8.278498960640057192e+01
8.263018874998486751e+01
8.136288749222774186e+01
8.215325547287082486e+01
8.160989424428264272e+01
8.109811902009194284e+01
8.113460187862303030e+01
8.003814147794922462e+01
8.093344279796072271e+01
8.141461961574293582e+01
8.201720331437070399e+01
8.261832944988734084e+01
8.266191505607488921e+01
8.408449442708841559e+01
8.399131701066359312e+01
8.319656486396033301e+01
8.503268516733190552e+01
8.521682401439896637e+01
8.529571103087025108e+01
8.532642353029324056e+01
8.483735519009681525e+01
8.663136902277892659e+01
8.663588350836093355e+01
8.640486467046027030e+01
8.550864692219897734e+01
8.561692325255144453e+01
8.316669163378273311e+01
8.363641686426383615e+01
8.459354090587864050e+01
8.412580815490785824e+01
8.172801219101883419e+01
8.248538455965790206e+01
8.672633706110936203e+01
8.584967278378285016e+01
8.627012234940337976e+01
8.590938346920792412e+01
8.483152941207292486e+01
8.565634566941970718e+01
8.714238564718060331e+01
8.374788857858005997e+01
8.620391416378325289e+01
8.137163514747429360e+01
8.590161173084298696e+01
8.277898618000543252e+01
8.553675764462570896e+01
8.093192965948911421e+01
8.586736430853451907e+01
8.185205834532787605e+01
8.328828171500569510e+01
8.589043418829179188e+01
8.320823822782810453e+01
8.502935690902963017e+01
8.469927626457356951e+01
8.329213770190979460e+01
8.153856531527750917e+01
8.418589430557923947e+01
8.462561750339725108e+01
8.374739590494117181e+01
8.455771183722984574e+01
8.273849863697589058e+01
8.354456909722203761e+01
8.267413322008555099e+01
8.249983808507131755e+01
8.197908248511684803e+01
8.053446002152462313e+01
8.117256688192509273e+01
7.749992070059434468e+01
7.954555853361217999e+01
8.074990182355973900e+01
