8.521975235520473291e+01
7.987033457495414268e+01
8.033286748844628278e+01
8.067763177674707720e+01
8.200474102714684932e+01
8.319105420045265475e+01
8.456989196788569529e+01
8.526451132813198797e+01
8.696536041787140903e+01
8.762859008870313460e+01
8.755421922714170080e+01
8.697008902620231652e+01
8.752479415430127574e+01
8.847519910424310297e+01
8.791688076059573120e+01
9.648363994090455265e+01
9.573830086549072860e+01
9.543674043256339701e+01
9.390380194836593830e+01
9.313668793646833421e+01
9.230384069980627260e+01
9.145123921253926369e+01
9.038008615304283921e+01
8.993193318536232539e+01
8.878085018905608194e+01
8.633577264594447342e+01
8.674016222092575390e+01
8.396833748354869442e+01
8.544703665588711772e+01
8.581620048802302847e+01
8.414711760977331778e+01
8.430657357775599792e+01
8.269514481368274517e+01
8.365767916646916547e+01
8.198230343106196472e+01
8.096837424821832485e+01
8.260846648678590043e+01
8.207929940421328752e+01
8.123384675568338764e+01
8.202250029314936342e+01
8.072142560422884117e+01
7.961725255052338923e+01
7.997898695056376539e+01
8.004508472551830778e+01
7.943837900983169220e+01
7.935400953600060348e+01
7.939128470754170053e+01
7.918035642119477302e+01
7.913444485007211426e+01
7.928901807339741481e+01
7.978025625304906043e+01
7.926494561750739365e+01
7.948498693639061230e+01
7.908606015101676689e+01
7.944355938063453948e+01
7.925112836607830502e+01
7.658154716598113509e+01
7.919285284962144544e+01
7.701402468083203701e+01
7.555082827885007646e+01
8.428442455540319145e+01
7.929966523280859292e+01
8.061146383845893126e+01
8.379852864465136975e+01
8.461601901712897700e+01
7.994111257769247914e+01
8.386245487889937067e+01
8.394366548260920524e+01
7.306213022303091975e+01
7.238856712052829323e+01
7.860967771795944259e+01
8.269766083336999429e+01
8.015055705582255996e+01
7.336106596218388631e+01
7.182386388950939704e+01
7.254230983710185399e+01
7.989142684835940145e+01
7.311699692482923751e+01
7.416144694131871518e+01
7.623470930481445862e+01
8.509300869082920826e+01
8.857118201787839951e+01
8.961677326300407742e+01
8.483689224047422783e+01
