-1.852996813159409339e-01
-1.802239834568645782e-01
-1.828679042877362215e-01
-1.817528006993246736e-01
-1.827500963114503107e-01
-1.837621275427902268e-01
-1.852242129900206757e-01
-1.854969860888324995e-01
-1.881581325078815758e-01
-1.894146466635494575e-01
-1.873832599854978742e-01
-1.845687708572983921e-01
-1.839597940174678425e-01
-1.843553077067003054e-01
-1.822322930889486714e-01
-1.982449178961132596e-01
-1.960777781358821470e-01
-1.946390410170965035e-01
-1.922643168194134444e-01
-1.914500266208558898e-01
-1.913813003041977545e-01
-1.886465529079479897e-01
-1.877649708903087744e-01
-1.875447580829514849e-01
-1.825184746651208612e-01
-1.771125035864054009e-01
-1.783233641064601027e-01
-1.739629143985068349e-01
-1.745823469693097985e-01
-1.728561482674424998e-01
-1.688775441666037491e-01
-1.680620797100728370e-01
-1.630549023036383938e-01
-1.609203417914228107e-01
-1.581060885665375726e-01
-1.558031368973678554e-01
-1.589702266791186425e-01
-1.583143519264113286e-01
-1.536867898176446368e-01
-1.551384657192539374e-01
-1.522981211571406146e-01
-1.521927789650984741e-01
-1.497990203850018132e-01
-1.506007469774524876e-01
-1.487796105730227469e-01
-1.489270275625771411e-01
-1.487947249711143172e-01
-1.510517326126238902e-01
-1.480443619217794160e-01
-1.475267158157108627e-01
-1.500162261256506313e-01
-1.495887581136642885e-01
-1.532207403177281990e-01
-1.535766137136568288e-01
-1.551603564463846230e-01
-1.527421746623702781e-01
-1.506290250698626709e-01
-1.551697473720436982e-01
-1.547595409730657678e-01
-1.505998895058385245e-01
-1.835570285718242656e-01
-1.681381483016860245e-01
-1.745030519259551938e-01
-1.780726432970311246e-01
-1.844441968861239567e-01
-1.756268256460095378e-01
-1.741174186238268196e-01
-1.774446919589833804e-01
-1.593813150371779785e-01
-1.596241371130469600e-01
-1.679302726269980561e-01
-1.686599480507761095e-01
-1.643872328983727593e-01
-1.574907587766426476e-01
-1.489723151084555441e-01
-1.495226882134217117e-01
-1.546514489410045212e-01
-1.430821098045167994e-01
-1.377705516169240030e-01
-1.342375039133580084e-01
-1.436305490400136831e-01
-1.456833225813728150e-01
-1.387634143374234796e-01
-1.308888858622157259e-01
