5.385588643665500967e+02
5.396487119086247048e+02
5.399999999999998863e+02
5.399999999999998863e+02
5.399999999999998863e+02
5.399999999999998863e+02
5.399999999999998863e+02
5.399999999999998863e+02
5.399999999999998863e+02
5.399999999999998863e+02
5.399999999999998863e+02
5.399999999999998863e+02
5.399999999999998863e+02
5.399999999999998863e+02
5.399999999999998863e+02
5.399999999999998863e+02
5.399999999999998863e+02
5.399999999999998863e+02
5.399999999999998863e+02
5.399999999999998863e+02
5.399999999999998863e+02
5.399999999999998863e+02
5.399999999999998863e+02
5.399999999999998863e+02
5.399999999999998863e+02
5.399999999999998863e+02
5.399999999999998863e+02
5.399999999999998863e+02
5.399999999999299689e+02
5.399999999999271267e+02
5.399999999999879492e+02
5.399999999999752163e+02
5.399999999999994316e+02
5.399999999999998863e+02
5.399999999999998863e+02
5.399999999999987494e+02
5.399999999999968168e+02
5.399999999999995453e+02
5.399999999999899956e+02
5.399999999999523652e+02
5.399999999999890861e+02
5.399999999999998863e+02
5.399999999999996589e+02
5.399999999999998863e+02
5.399999999999998863e+02
5.399999999999998863e+02
5.399999999999998863e+02
5.399999999999998863e+02
5.399999999999998863e+02
5.399999999999998863e+02
5.399999999999998863e+02
5.399999999999998863e+02
5.399999999999998863e+02
5.399999999999998863e+02
5.399999999999998863e+02
5.399999999999998863e+02
5.399999999999998863e+02
5.399999999999998863e+02
5.399999999999998863e+02
5.399999999999998863e+02
5.381501764028752177e+02
5.399999999999998863e+02
5.385609877625965964e+02
5.386936862019849741e+02
5.389030864361417343e+02
5.390561557673373727e+02
5.389637540300946057e+02
5.390316194582807157e+02
5.399999999999998863e+02
5.399999999999990905e+02
5.397174264746887502e+02
5.392665585535871742e+02
5.398358583798511745e+02
5.399999999999893134e+02
5.399999999998981366e+02
5.399999999999997726e+02
5.399999999999998863e+02
5.399999999999978400e+02
5.399999999999998863e+02
5.399999999999998863e+02
5.399999999999982947e+02
5.399999999999998863e+02
5.399999999999998863e+02
5.399999999999998863e+02
