8.319930473178234820e+01
8.129204457991271227e+01
8.105543835929897512e+01
8.129523641962703095e+01
8.129319341704919566e+01
8.158649185845976604e+01
8.161426126675712567e+01
8.184833237087430291e+01
8.220035667571428917e+01
8.226006047645489616e+01
8.235579879056875541e+01
8.170007646934377021e+01
8.119399670396325064e+01
8.145578065731643846e+01
8.057916610979964389e+01
8.785805967646452075e+01
8.740473041767201323e+01
8.697506626070963875e+01
8.678329443498439844e+01
8.632265339872931520e+01
8.607186941191527296e+01
8.559105925234629808e+01
8.556710361212140015e+01
8.480943296049829883e+01
8.424146646361511159e+01
8.374807444595158756e+01
8.331308416708421305e+01
8.287197452840524647e+01
8.227321561906570935e+01
8.187783088284902533e+01
8.119801148241002409e+01
8.062987654333242915e+01
7.979735513363864641e+01
7.975964416986130345e+01
7.920863149854034191e+01
7.849618793321036492e+01
7.858043154305445910e+01
7.789231188341032919e+01
7.768786875657019664e+01
7.757528277457934962e+01
7.741412545553686186e+01
7.687922593054997833e+01
7.660910594545325125e+01
7.647995221258148035e+01
7.613813440176357972e+01
7.609355610809284087e+01
7.600298406098704618e+01
7.571695343520325139e+01
7.557407896409651471e+01
7.536221195934848538e+01
7.582859780319033405e+01
7.551086472773148728e+01
7.541958204301788271e+01
7.568801441573997124e+01
7.572820128861049227e+01
7.558363684631173385e+01
7.541993347874593212e+01
7.561632037439295573e+01
7.553285727275452643e+01
7.575171774182494744e+01
7.957552933009355911e+01
7.561155355104857279e+01
7.840839005081446089e+01
7.820175739474653653e+01
7.837067639375858619e+01
7.788800355942753129e+01
7.807115387957843211e+01
7.789992052250987342e+01
7.589849450613090198e+01
7.590071791921360500e+01
7.623853701137674932e+01
7.672809080455925823e+01
7.570837152410635440e+01
7.509895525048077047e+01
7.508984151077490310e+01
7.416630273722276456e+01
7.459520910068452793e+01
7.443043339009035719e+01
7.400164336432007417e+01
7.378226901281664141e+01
7.304468994563949025e+01
7.323860282966550983e+01
7.274647569503233058e+01
7.272442740638699377e+01
