6.411483746907948955e+01
6.542057953762170541e+01
6.620987942022546235e+01
6.679325613751842639e+01
6.733586420397557504e+01
6.801938780025182041e+01
6.842851818289747712e+01
6.891796295507917591e+01
6.939953896669675260e+01
6.983977402228882170e+01
7.005439859633872857e+01
7.045451827951164603e+01
7.132006305487789177e+01
7.219267356970627247e+01
7.265942932860204451e+01
7.347963668759312839e+01
7.344020711322934858e+01
7.373200820020011292e+01
7.388492487919992868e+01
7.433932973160352731e+01
7.494368292582107927e+01
7.515508215607137288e+01
7.547396726793711252e+01
7.558469922088374915e+01
7.571195656881201330e+01
7.542069864730716233e+01
7.561767222852196824e+01
7.603450717265022263e+01
7.559299026913679143e+01
7.499123111567581645e+01
7.513948236837087791e+01
7.516889761272183534e+01
7.484904753511041520e+01
7.455440483568858667e+01
7.423505500043491168e+01
7.452384559465298253e+01
7.505322030745752215e+01
7.581065981249652452e+01
7.594882967006419960e+01
7.657240059781685204e+01
7.727533871023574363e+01
7.821935092028799374e+01
7.801196974090966307e+01
7.803115980417403819e+01
7.885712665047974212e+01
7.963258286742168934e+01
8.044883807847946855e+01
8.177568759958710132e+01
8.146851043773229151e+01
8.205112289964465333e+01
8.276507473588425512e+01
8.290369840932240209e+01
8.407534185727661225e+01
8.569983654770594228e+01
8.555611076620829181e+01
8.660071140260374989e+01
8.730490303285706943e+01
8.919834496846222294e+01
9.009196141388675017e+01
9.048009984219807222e+01
9.999999999982945553e+01
9.434836977108861333e+01
9.999999999996640554e+01
9.999999999999998579e+01
9.999999995891676008e+01
9.999999999999775468e+01
9.999999999999975842e+01
9.999999999999275246e+01
9.999999999999998579e+01
9.999999999999998579e+01
9.999999999980943244e+01
9.999999999970752640e+01
9.999999999676332152e+01
9.999999999997410782e+01
9.999999999999934630e+01
9.999999999999688782e+01
9.999999999999998579e+01
9.999999999999980105e+01
9.999999999999998579e+01
9.999999999999998579e+01
9.999999999999843681e+01
9.999999999999998579e+01
9.999999999999998579e+01
9.999999999999998579e+01
