8.393169298979894677e+01
8.727996737730620680e+01
8.974222605439392453e+01
8.856071021277270461e+01
8.838599924064831725e+01
8.816204352775170605e+01
8.787405255162558149e+01
8.723050963870585406e+01
8.743957519534481548e+01
8.722176734007800292e+01
8.614673061284331368e+01
8.492823647449350233e+01
8.560636770813493968e+01
8.589057542770405007e+01
8.558959864250853400e+01
8.514354816423909256e+01
8.531159325842767771e+01
8.553693342846185033e+01
8.494375087178892159e+01
8.555893658406829161e+01
8.659369295866933669e+01
8.695977950962489444e+01
8.670798779338926465e+01
8.730587068666007156e+01
8.680405842705819452e+01
8.447306204107923122e+01
8.591333987571962894e+01
8.434059185012721116e+01
8.545569436027945187e+01
8.459368306466501508e+01
8.309388903022687600e+01
8.336906283061799172e+01
8.188358793426509408e+01
8.184277446469602069e+01
7.958857407573475484e+01
7.933830017765835407e+01
8.164738731994779641e+01
8.260644357526192039e+01
8.129547517325305250e+01
8.250176581552588573e+01
8.197585559362205743e+01
8.265729191343639570e+01
8.219910453686122764e+01
8.185667388460774418e+01
8.237659074672443182e+01
8.295630256424303184e+01
8.394475504588329784e+01
8.495797835068044890e+01
8.453261260872986327e+01
8.504119295756652264e+01
8.560091711670416714e+01
8.537306299598149906e+01
8.702261697472549429e+01
8.803722741056895984e+01
8.772843244625629211e+01
8.862423490279878990e+01
8.721386602735427118e+01
9.170058119296369625e+01
9.013869456497027954e+01
8.859362526201705634e+01
9.504147041691743425e+01
9.824614408799934040e+01
9.495392444163016421e+01
9.979649765433580910e+01
9.999999999961303843e+01
9.765397007961169606e+01
9.999999999999987210e+01
9.999999999999980105e+01
9.775574935047421832e+01
9.616396040524234934e+01
9.999999999999998579e+01
9.999999999999997158e+01
9.999999999999997158e+01
9.808017073292047883e+01
9.596268117077850945e+01
9.698495806875453695e+01
9.952713610901110997e+01
9.235715111758212004e+01
9.033333540341895684e+01
8.825260405361832738e+01
9.503904112677062699e+01
9.103583762702372439e+01
8.886327398884925799e+01
8.301416583768462942e+01
