5.035272615106119929e+02
5.042184121397745002e+02
5.046543235360205131e+02
5.049357931105388957e+02
5.051615788295760012e+02
5.054610763020998547e+02
5.057321172941403802e+02
5.060391779532196210e+02
5.063165365753359879e+02
5.066119109850745303e+02
5.068979771730674884e+02
5.070460887198923956e+02
5.072708954608256136e+02
5.075034640097953798e+02
5.075963900030587865e+02
5.073298119693544095e+02
5.075985851210873534e+02
5.078134046502812566e+02
5.080645139718599808e+02
5.082859671569257785e+02
5.086109990824495526e+02
5.088745345244980740e+02
5.091032243387725202e+02
5.092730220382123321e+02
5.094244259219539117e+02
5.095779479103589438e+02
5.097723964103568619e+02
5.099643512761816169e+02
5.099999999999974420e+02
5.099999999999998863e+02
5.099999999999999432e+02
5.099999999999999432e+02
5.099999999999999432e+02
5.099999999999999432e+02
5.099999999999999432e+02
5.099999999999986926e+02
5.099999999999999432e+02
5.099999999999999432e+02
5.099999999999987494e+02
5.099999999999995453e+02
5.099999999999945999e+02
5.099999999999999432e+02
5.099999999999905640e+02
5.099999999999999432e+02
5.099999999999999432e+02
5.099999999999999432e+02
5.099999999999999432e+02
5.099999999999999432e+02
5.099999999999999432e+02
5.099999999999999432e+02
5.099999999999998863e+02
5.099999999999999432e+02
5.099999999999999432e+02
5.099999999999999432e+02
5.099999999999982947e+02
5.099999999999997158e+02
5.099999999999999432e+02
5.099999999999999432e+02
5.099999999999999432e+02
5.099999999999999432e+02
5.099999999999999432e+02
5.099999999999999432e+02
5.099999999999999432e+02
5.099999999999999432e+02
5.099999999997119176e+02
5.099999999999999432e+02
5.099999999999997158e+02
5.099999999999918714e+02
5.099999999999999432e+02
5.099999999999999432e+02
5.099999999999892566e+02
5.098379041379116643e+02
5.093742336303359366e+02
5.099999999999412807e+02
5.099999999996095994e+02
5.099999999998685212e+02
5.088027320552124593e+02
5.091007400003286421e+02
5.081009824809601696e+02
5.069180970446829519e+02
5.054112877655264242e+02
5.038287863743850608e+02
5.022554792692235424e+02
5.016909738469199738e+02
