5.361008562982677859e+02
5.371099834010765335e+02
5.380597234778100528e+02
5.396725639344912224e+02
5.399999999999998863e+02
5.399999999999998863e+02
5.399999999999998863e+02
5.399999999999998863e+02
5.399999999999998863e+02
5.399999999999998863e+02
5.399999999999998863e+02
5.399999999999998863e+02
5.399999999999998863e+02
5.399999999999998863e+02
5.399999999999998863e+02
5.399999999999998863e+02
5.399999999999998863e+02
5.399999999999998863e+02
5.399999999999998863e+02
5.399999999999998863e+02
5.399999999999998863e+02
5.399999999999998863e+02
5.399999999999998863e+02
5.399999999999998863e+02
5.399999999999998863e+02
5.399999999999998863e+02
5.399999999999998863e+02
5.399999999999998863e+02
5.399999999999998863e+02
5.399999999999998863e+02
5.399999999999998863e+02
5.399999999999998863e+02
5.399999999999998863e+02
5.399999999999998863e+02
5.399999999999998863e+02
5.399999999999998863e+02
5.399999999999998863e+02
5.399999999999998863e+02
5.399999999999998863e+02
5.399999999999998863e+02
5.399999999999998863e+02
5.399999999999998863e+02
5.399999999999998863e+02
5.399999999999998863e+02
5.399999999999998863e+02
5.399999999999998863e+02
5.399999999999998863e+02
5.399999999999998863e+02
5.399999999999998863e+02
5.399999999999998863e+02
5.399999999999998863e+02
5.399999999999998863e+02
5.399999999999998863e+02
5.399999999999998863e+02
5.399999999999998863e+02
5.399999999999998863e+02
5.399999999999998863e+02
5.399999999999998863e+02
5.399999999999998863e+02
5.399999999999998863e+02
5.399999999999998863e+02
5.399999999999998863e+02
5.399999999999998863e+02
5.399999999999998863e+02
5.399999999999998863e+02
5.399999999999998863e+02
5.399999999999998863e+02
5.399999999999998863e+02
5.399999999999998863e+02
5.399999999999998863e+02
5.399999999999998863e+02
5.399999999999998863e+02
5.399999999999998863e+02
5.399999999999998863e+02
5.399999999999998863e+02
5.399999999999998863e+02
5.399999999999998863e+02
5.399999999999998863e+02
5.399999999999998863e+02
5.399999999999998863e+02
5.399999999999998863e+02
5.399999999999998863e+02
5.399999999998145768e+02
5.399999999999195097e+02
