5.023398964969408667e+02
5.029206360397616891e+02
5.035889046134724367e+02
5.046061137225634070e+02
5.050651542846337065e+02
5.053894448319414323e+02
5.057270681551518692e+02
5.060669305226920187e+02
5.064669379513941294e+02
5.067464451219159969e+02
5.070511416709719015e+02
5.072998103983053966e+02
5.075472747842110834e+02
5.076928535478949698e+02
5.078338338514882366e+02
5.085077304188007474e+02
5.086896221605690016e+02
5.090374757159033834e+02
5.091746558450257112e+02
5.092986395151675083e+02
5.094227582976158146e+02
5.095341302246137047e+02
5.098486260256111677e+02
5.099999999999059241e+02
5.099551059599327232e+02
5.099999999998088356e+02
5.099999999999999432e+02
5.099999999999832312e+02
5.099999999999998863e+02
5.099999999999997726e+02
5.099999999998246381e+02
5.099999999997019700e+02
5.099999999996265387e+02
5.099999999997228315e+02
5.099999999994938662e+02
5.099999999990997139e+02
5.099999999997814371e+02
5.099999999998933617e+02
5.099999999998919407e+02
5.099999999993154347e+02
5.099999999998083808e+02
5.099999999999999432e+02
5.099999999999048441e+02
5.099999999984363512e+02
5.099999999999998863e+02
5.099999999999996589e+02
5.099999999999932925e+02
5.099999999999992610e+02
5.099999999999999432e+02
5.099999999999999432e+02
5.099999999999982947e+02
5.099999999998498765e+02
5.099999999999994884e+02
5.099999999999994316e+02
5.099999999871909040e+02
5.099999999850990093e+02
5.099999999999910187e+02
5.099999999999999432e+02
5.099999999999731699e+02
5.099999999999998863e+02
5.099999999959833872e+02
5.099999999999745910e+02
5.099999999245448521e+02
5.099999999995331450e+02
5.099999999989813091e+02
5.099999999997049258e+02
5.099999997806177134e+02
5.099999999999993179e+02
5.099999999999319584e+02
5.099999999977991934e+02
5.099999999898628857e+02
5.099999999999997726e+02
5.099999999999999432e+02
5.099999999999993747e+02
5.099999999999998863e+02
5.099999999999999432e+02
5.099999999999999432e+02
5.099999999999999432e+02
5.099999999999999432e+02
5.099999999999999432e+02
5.099999999999999432e+02
5.099999999999041620e+02
5.091338190532465546e+02
5.083726565550293230e+02
