8.513173350540334638e+01
8.317734371659561532e+01
8.199884777095337540e+01
7.960486351268848182e+01
7.898546149787533466e+01
7.910158557094398191e+01
7.898183623227160410e+01
7.934068219162888624e+01
7.906200910769327095e+01
7.911108107435674697e+01
7.893357655515070803e+01
7.871817229421503725e+01
7.734989311751053265e+01
7.638154092402086803e+01
7.578830524448090955e+01
7.643807148464483703e+01
7.607023336662108193e+01
7.639590626155010966e+01
7.626770156700165160e+01
7.583879090046140448e+01
7.569679127297558807e+01
7.557941794353941134e+01
7.535838501336510831e+01
7.529680080923489527e+01
7.551945986180649584e+01
7.528739667761860233e+01
7.506365732560689707e+01
7.468234118091235985e+01
7.497089738015642979e+01
7.479855702664323758e+01
7.407224311288058516e+01
7.418392552608833057e+01
7.422109897458499006e+01
7.398842082610153170e+01
7.401718078711675730e+01
7.430158568500434058e+01
7.401573731679140167e+01
7.408607823279464810e+01
7.442984805854810304e+01
7.381347979642602297e+01
7.358746127353445843e+01
7.385136020677008162e+01
7.425797910370484090e+01
7.383710771889842306e+01
7.305534784224600742e+01
7.360378394722715711e+01
7.383336241585693926e+01
7.407394343573525930e+01
7.396156800000373721e+01
7.372423756673329365e+01
7.395745878973728793e+01
7.393002530999171995e+01
7.402637095329832562e+01
7.479387038238715490e+01
7.463114578378421982e+01
7.398161930665943942e+01
7.438254269787721285e+01
7.414895381602379132e+01
7.490048291661598512e+01
7.501492021574972568e+01
7.450964452973845198e+01
7.476477140316768555e+01
7.494951546767393324e+01
7.510462604376826334e+01
7.542067217613538332e+01
7.496688856493611297e+01
7.557581166250295723e+01
7.563213313269174876e+01
7.536248170791539280e+01
7.479181823386140593e+01
7.530864858097905312e+01
7.555906884457321837e+01
7.632407757627076705e+01
7.553187972849619314e+01
7.671691938966733915e+01
7.652975150226453138e+01
7.537234856358001878e+01
7.594493130580957541e+01
7.651723533379210096e+01
7.664642205024273380e+01
7.598602495034684523e+01
7.412785585435085522e+01
7.424319047778926972e+01
7.470286801659702292e+01
