5.760080198227655046e+01
5.896704307365904896e+01
6.048046663221664687e+01
6.248839220516465076e+01
6.333148522791844215e+01
6.379612656021824080e+01
6.421301455652661616e+01
6.481550908033547387e+01
6.536496673576854732e+01
6.558212866966105992e+01
6.599900462938418855e+01
6.616972783242358958e+01
6.707316212077631690e+01
6.869654809627904513e+01
6.903886584677793792e+01
6.712564883505204705e+01
6.674582571585646917e+01
6.694766458343174520e+01
6.674246434920333115e+01
6.666754623565873317e+01
6.660073158835425033e+01
6.654913657739832900e+01
6.710316339201442304e+01
6.659472388630101136e+01
6.572583576611869205e+01
6.567616950096834216e+01
6.508079579150992799e+01
6.469032749045771880e+01
6.381154302229325737e+01
6.302258237417121478e+01
6.270083878888197404e+01
6.204781313844949864e+01
6.195572375709511448e+01
6.110486508598295785e+01
6.159300070498498769e+01
6.109533636220678687e+01
6.181288715218403951e+01
6.187481127181303719e+01
6.218178426394706548e+01
6.193653995942992196e+01
6.240028429216052785e+01
6.244636292369109754e+01
6.153521025571362912e+01
6.115798644849117238e+01
6.149033317832111578e+01
6.218629144023260125e+01
6.286320720603369949e+01
6.306270311609729617e+01
6.340887931700554248e+01
6.283365252165157244e+01
6.313312346880855586e+01
6.317031034029962200e+01
6.364895534111514763e+01
6.405464428473318605e+01
6.261005339164999128e+01
6.358338735628465344e+01
6.429543697656905010e+01
6.496908993245595809e+01
6.549827311476828129e+01
6.678569678960379008e+01
6.423824417445689505e+01
6.603630629461672186e+01
6.659115198203058128e+01
6.677179472360035106e+01
6.683942871619498760e+01
6.614830394445669981e+01
6.799642544798113875e+01
6.738725036684935787e+01
6.891236510053929010e+01
6.807324144577387415e+01
6.878447311231914796e+01
7.087015086023710353e+01
7.411035141538751247e+01
7.117406755802815610e+01
7.327214930926912473e+01
7.894411996870763915e+01
7.743060692459295069e+01
7.789278086868213791e+01
8.408737424449572018e+01
9.102951689201471197e+01
9.999999999999998579e+01
9.999999999999998579e+01
9.999999999929335104e+01
9.999999999999998579e+01
