-1.870827402084425106e-01
-1.780972188641056497e-01
-1.772383511989307769e-01
-1.755007516100683951e-01
-1.693564286451283429e-01
-1.697466435560285591e-01
-1.718171027161360109e-01
-1.730243693368669344e-01
-1.751786998647266447e-01
-1.709913652880331869e-01
-1.646165516474155099e-01
-1.624170927474367643e-01
-1.559568344508013571e-01
-1.572302952234317375e-01
-1.495735303993604437e-01
-1.378421680319744658e-01
-1.424890558690121156e-01
-1.341198935163057104e-01
-1.334267073757985089e-01
-1.400777212702642993e-01
-1.360899048827860780e-01
-1.278226785993189785e-01
-1.257466346394920942e-01
-1.322735518083154316e-01
-1.211701874518392730e-01
-1.204772010145053612e-01
-1.190501443679273241e-01
-1.185441975350775418e-01
-1.183717857914905330e-01
-1.102446160772756062e-01
-1.117948639610818889e-01
-1.117728621362659158e-01
-1.193938275328087217e-01
-1.027769770803969307e-01
-9.560050699747603409e-02
-8.477630921558586274e-02
-1.042262193412267085e-01
-1.059786405013537353e-01
-1.039663304004531802e-01
-8.286206137653326365e-02
-8.356157344228370976e-02
-7.048043502090882428e-02
-7.844244473867151290e-02
-7.559460790581473688e-02
-7.249068730276501948e-02
-8.950168637567749996e-02
-9.367717436357549110e-02
-8.461137285364714322e-02
-7.601325312594042760e-02
-8.106267648916841428e-02
-7.764296685539363863e-02
-7.852746002044333484e-02
-7.686604100823180019e-02
-7.853597481702521976e-02
-7.413071130003293097e-02
-7.481368869279744760e-02
-7.678838144091283680e-02
-6.846338873955042093e-02
-7.282394748356559033e-02
-6.894208343969615571e-02
-5.145771837050146930e-02
-5.320612080812664457e-02
-6.602661055109085297e-02
-6.044731050583357357e-02
-6.799135007978540646e-02
-7.401331202546002075e-02
-7.539661212757932385e-02
-5.809283355504869795e-02
-6.826084484278781284e-02
-6.415616293044223983e-02
-6.358425005602692803e-02
-5.595455043331835215e-02
-5.312226768383805642e-02
-5.582217123160975597e-02
-6.723572881513566191e-02
-6.809002186901394471e-02
-7.286288859801091922e-02
-5.769409573507520983e-02
-7.028444588362624257e-02
-6.761166284622913136e-02
-6.933174001975590806e-02
-7.580876650846156417e-02
-8.541467509471403763e-02
-7.767327317654033891e-02
