3.684513389204302432e-09
3.687325944709333235e-09
3.689491768479257055e-09
3.692785620498735267e-09
3.695854378147255099e-09
3.699143230819608832e-09
3.702457267329337885e-09
3.705549568542628774e-09
3.708461706722480663e-09
3.711609290781023219e-09
3.715214922499078927e-09
3.717658955005732940e-09
3.722893755607167973e-09
3.724312000786558756e-09
3.725626443331864429e-09
3.726164457479655015e-09
3.726692947617868511e-09
3.728098642746504042e-09
3.728091192771183082e-09
3.729165090636746785e-09
3.729804934297397177e-09
3.730434920224095953e-09
3.731543361778590307e-09
3.732171784086364472e-09
3.732038243986645647e-09
3.732806327564219495e-09
3.733065460323703333e-09
3.733987176402432798e-09
3.733967968637850185e-09
3.734115630894725387e-09
3.734556113310224420e-09
3.735136210202308793e-09
3.735450252820060992e-09
3.735312056716112896e-09
3.735494343500286509e-09
3.735339658612189230e-09
3.736698710061818074e-09
3.737654504477107620e-09
3.738328044954192941e-09
3.738142610458757596e-09
3.739158721548203580e-09
3.739592435845008111e-09
3.738843193584875280e-09
3.738873110188784467e-09
3.740769492217335904e-09
3.740947315062019235e-09
3.740839671273074862e-09
3.740582635818032588e-09
3.741525802607975472e-09
3.741707637964651099e-09
3.741257863562606042e-09
3.741784458802172465e-09
3.742481553700151102e-09
3.742147251229872297e-09
3.741344173851899277e-09
3.741686243929993749e-09
3.742625465871753541e-09
3.743212671167771035e-09
3.742411491972942728e-09
3.743372593243375831e-09
3.743078557206179344e-09
3.743745717926479043e-09
3.743098890157997542e-09
3.743354610161628987e-09
3.743739485680683845e-09
3.743901242959932241e-09
3.743667172393452650e-09
3.743551870402947200e-09
3.744662518767267032e-09
3.744503861092780319e-09
3.744532174314790840e-09
3.745290397367314606e-09
3.744989363518692687e-09
3.745354404804438967e-09
3.744394562146056590e-09
3.746004195127350931e-09
3.746241199337935443e-09
3.745892397398606016e-09
3.561367486066033917e-09
3.561367486065882129e-09
3.561367486065882129e-09
3.561367486065882129e-09
3.561367486065882129e-09
3.561367486065882129e-09
