3.810488192676276018e-09
3.814973005643223251e-09
3.817584020347680641e-09
3.821886408550814573e-09
3.825494411539038796e-09
3.829227701229632633e-09
3.832718804626494791e-09
3.835877095164254265e-09
3.838157831986650803e-09
3.841587010061534261e-09
3.845313300494183804e-09
3.847509112197166706e-09
3.852294418121744541e-09
3.852951880316828907e-09
3.853683680481015171e-09
3.853963493416554783e-09
3.853953949705192345e-09
3.855257348105192017e-09
3.854486433324326399e-09
3.855226648647892950e-09
3.855397902961297387e-09
3.855767718459601920e-09
3.856655959927665942e-09
3.856640974461309723e-09
3.856869368733004587e-09
3.857102551781299363e-09
3.857213776187905108e-09
3.857671216857227800e-09
3.857742742768651847e-09
3.857427787889446459e-09
3.857323104096987347e-09
3.858219910917805024e-09
3.858329523663044630e-09
3.857782668766964454e-09
3.857909268523103162e-09
3.858361484648864518e-09
3.859023385473457773e-09
3.859628229484557718e-09
3.860792636746308260e-09
3.859478719974675948e-09
3.860370297836697778e-09
3.861137373556415311e-09
3.860956639532974030e-09
3.860320413028683483e-09
3.861236123472307632e-09
3.861530076365444848e-09
3.861459666700732638e-09
3.861602502106535323e-09
3.862218460699440033e-09
3.862061268506480189e-09
3.861450855091688341e-09
3.862297668778484556e-09
3.862328416541568853e-09
3.862204558609490166e-09
3.862107727139273642e-09
3.861472270610605997e-09
3.862075565580057880e-09
3.862369125027382885e-09
3.861994032574531188e-09
3.862499756148420024e-09
3.862571476071085451e-09
3.863351474538808300e-09
3.862506093142318824e-09
3.861964331329726568e-09
3.862634489667698256e-09
3.862441498332111285e-09
3.862770781203416736e-09
3.862409710327694893e-09
3.863136972854439724e-09
3.862447183763976072e-09
3.862769006755358637e-09
3.862855076006596210e-09
3.862075600717912751e-09
3.862565166705575803e-09
3.862538281677005265e-09
3.863020058745360595e-09
3.861917718836774798e-09
3.862470150439511094e-09
3.791293015051738012e-09
3.792959099307504888e-09
3.795618276124554563e-09
3.798274805138682782e-09
3.798852982457750889e-09
3.799769217465549044e-09
