5.170471627751773980e+01
5.396436797560054544e+01
5.532746352411285073e+01
5.722019637757864530e+01
5.885586924957879518e+01
6.021547528543180761e+01
6.147979160108702956e+01
6.254603981773837518e+01
6.350437922633754084e+01
6.434780258870382852e+01
6.557914884861247629e+01
6.604505932363089471e+01
6.841085665705531937e+01
6.923524683086371567e+01
6.930431628594242000e+01
6.800929206792282855e+01
6.743499545467487621e+01
6.730034361149444067e+01
6.680781772120695905e+01
6.704136453716036215e+01
6.695501699847400801e+01
6.679391336328494333e+01
6.677341161483388987e+01
6.653754098436030517e+01
6.609600011687851406e+01
6.626195332550892658e+01
6.586726739689133581e+01
6.616581266228563152e+01
6.543234317194011851e+01
6.500012392126180316e+01
6.497439978347370015e+01
6.465725939236128283e+01
6.491652576428292321e+01
6.428235497175724333e+01
6.454130937465936313e+01
6.433002642033905261e+01
6.512781695627187162e+01
6.553722204117740091e+01
6.591652083421371344e+01
6.589640176422521733e+01
6.615443188967172716e+01
6.632874633355569927e+01
6.583963495002828381e+01
6.571573343238631537e+01
6.661893480575498927e+01
6.657054984973981959e+01
6.714260819900090382e+01
6.716124057728454488e+01
6.724132961846704859e+01
6.740302328928858344e+01
6.721408966816808572e+01
6.753475789045349131e+01
6.751062733890536549e+01
6.779969831479959907e+01
6.701798974338706216e+01
6.745090406762582802e+01
6.799476138900548960e+01
6.827615307153193669e+01
6.809089471487693856e+01
6.901107100943356443e+01
6.839676108000932686e+01
6.886127948941249599e+01
6.911810261167640590e+01
6.912188525943591344e+01
6.924898902928391919e+01
6.886729324562791987e+01
6.892653359608645758e+01
6.910130010148147051e+01
7.001513701126505396e+01
7.002091104863984583e+01
6.987084800127460937e+01
7.080976767107244996e+01
7.166062151430658389e+01
7.074495445601311872e+01
7.115192113161023713e+01
7.279205612063266528e+01
7.343243903688735941e+01
7.253891340271306376e+01
2.723492695080572048e+02
2.599474079078624982e+02
2.412134681423702034e+02
2.335075205369554112e+02
2.306900790705759903e+02
2.268511583271953782e+02
