6.830904147328818965e+01
6.634477535165044060e+01
6.552917201926108248e+01
6.398426151979253262e+01
6.254831734844907487e+01
6.111570689089381148e+01
5.957537195164536570e+01
5.827131844268051708e+01
5.712617430354087844e+01
5.540635165675752916e+01
5.322332110131613803e+01
5.181353094242994928e+01
4.726464822383633901e+01
4.506215227944732504e+01
4.376618112953422468e+01
4.559779028631337638e+01
4.552013301967039638e+01
4.487919097249382361e+01
4.544908026891271646e+01
4.489418518077096820e+01
4.480860267085770943e+01
4.448436610650280443e+01
4.347035047808861208e+01
4.402135231018745998e+01
4.424045992585392639e+01
4.401762199728326408e+01
4.391756952482206344e+01
4.350570159532607306e+01
4.413321439724904849e+01
4.470836138949859162e+01
4.409104034328456834e+01
4.350721398638962967e+01
4.379298379111891393e+01
4.417416399430401697e+01
4.398664534267079063e+01
4.378373205222739983e+01
4.294309901604151491e+01
4.259482882707779794e+01
4.176610200094354752e+01
4.223980032938803930e+01
4.108744785816529088e+01
4.059301540640427675e+01
4.119680930620237547e+01
4.147610525658237179e+01
4.015838712108859454e+01
4.009980647130129228e+01
3.990060293091109855e+01
3.953231183869169030e+01
3.906488780596727395e+01
3.936873863733144674e+01
3.949015682146832518e+01
3.869143818701468973e+01
3.855465148506925743e+01
3.964968058311283983e+01
3.961081939806126684e+01
3.901112014921050530e+01
3.874751212968462255e+01
3.804673995511875262e+01
3.853588461321604086e+01
3.792567356322132355e+01
3.830061967073141460e+01
3.711579437411241145e+01
3.791155575887046325e+01
3.836474301870755710e+01
3.791312098267074049e+01
3.799815391615268112e+01
3.782797968799560095e+01
3.776791937919403352e+01
3.637092324726027925e+01
3.693971314981355647e+01
3.708984968701150819e+01
3.673911354833307286e+01
3.630607051923480100e+01
3.607568766461002241e+01
3.673561035396578234e+01
3.455095897319110065e+01
3.467662555896176713e+01
3.434947215424541866e+01
7.524242426620062929e+01
7.480374553150382155e+01
7.373255662110707931e+01
7.211604577203317490e+01
7.213629970896612065e+01
7.192382689416324126e+01
