-4.783813917210693462e-02
-4.704110181572109667e-02
-4.720282626819618382e-02
-4.714959845203534061e-02
-4.718038543773565158e-02
-4.718714872207891570e-02
-4.719570621445463160e-02
-4.806938106064104210e-02
-4.797169504756241404e-02
-4.753771259702767316e-02
-4.711806242278533674e-02
-4.693381635259080698e-02
-4.646163308923360186e-02
-4.450294523302425476e-02
-4.329040380681567490e-02
-4.428910413156481041e-02
-4.368447305297201017e-02
-4.305592915164708351e-02
-4.247023610740287280e-02
-4.217343500284263108e-02
-4.189808406824097053e-02
-4.130798700840081911e-02
-4.059433976552954959e-02
-4.063305441020200609e-02
-3.953151816552259029e-02
-3.957310803323094844e-02
-3.902725830005646795e-02
-3.874835195512209979e-02
-3.846286542315435764e-02
-3.835387319922472366e-02
-3.731401708327736905e-02
-3.676202801734044373e-02
-3.683658886048876008e-02
-3.659159950725587168e-02
-3.628124622840890601e-02
-3.542329026581975820e-02
-3.587207507989478850e-02
-3.557887708429303270e-02
-3.520841041824204765e-02
-3.489645410507062617e-02
-3.431310467881488330e-02
-3.404317495613730371e-02
-3.341667347769585600e-02
-3.298213280196522768e-02
-3.296039215549188134e-02
-3.258351101447738707e-02
-3.268933077120269454e-02
-3.210872557802600669e-02
-3.221410919594314831e-02
-3.219959512025093173e-02
-3.160899348117016810e-02
-3.163758232693290873e-02
-3.118818252331278032e-02
-3.193921806992084528e-02
-3.041743715598222916e-02
-3.047025533839221520e-02
-3.064631444321485459e-02
-3.037307047425297224e-02
-3.032030093921743788e-02
-3.056945743445124708e-02
-2.948368427056021965e-02
-3.003331180096781294e-02
-2.997122606936179420e-02
-3.015706119513521938e-02
-3.030626663690613037e-02
-2.961979795682812347e-02
-2.969291063592605778e-02
-2.933922529983252689e-02
-2.942637109941347723e-02
-2.939267645225918449e-02
-2.997737071392360050e-02
-3.156445662761067639e-02
-3.237174156279018500e-02
-3.113337857235390707e-02
-2.979220004219159182e-02
-3.376281219165701980e-02
-3.541496989257579553e-02
-3.370949236176949693e-02
-1.656477881547392395e-01
-1.648592511318179021e-01
-1.662291317161400384e-01
-1.040142991694502778e-01
-1.037496541008034595e-01
-1.017841823946517149e-01
