1.423134744739658952e+00
1.361362351997974507e+00
1.305600139046907859e+00
1.311775128230280973e+00
1.278634901487996745e+00
1.241773847233032635e+00
1.207947194571432181e+00
1.200497030329300552e+00
1.181803488101346167e+00
1.188834765088392142e+00
1.147123405902987781e+00
1.154566674490759892e+00
1.139347349584151070e+00
1.112264455592189893e+00
1.066463158428877733e+00
1.047022420090027550e+00
1.012964293679270655e+00
9.774882078392040929e-01
9.602538340302100295e-01
9.430342247250632637e-01
9.410022852329007481e-01
9.460893719871886764e-01
9.067461578722020299e-01
8.714703713797063989e-01
8.692976845938281683e-01
8.477974521151571130e-01
8.493415772486303528e-01
7.885898675597836638e-01
7.786824695564744658e-01
8.173706574481088838e-01
7.988463433895935939e-01
7.283517309622342673e-01
7.374431597698988261e-01
7.233142266571263024e-01
7.353362815177377776e-01
7.451276926900327613e-01
7.473699750314068968e-01
6.754257050131277085e-01
6.742618883468085578e-01
6.848361875784982900e-01
6.844675116725025266e-01
6.801041553668112360e-01
6.343444856223836581e-01
6.370233199821190295e-01
6.177857689579427936e-01
6.784493025743542072e-01
6.192444656126890878e-01
5.847141607414628739e-01
6.061686804092235592e-01
5.926913566979734593e-01
5.980981820349293709e-01
5.690883211752588711e-01
5.493687025914245625e-01
5.525548439691532199e-01
5.454511238213484159e-01
5.206197111164188041e-01
5.066466282165414947e-01
4.738848225706268624e-01
5.149577727141527728e-01
4.924787746499454943e-01
4.615654043801459827e-01
4.802442165307164723e-01
4.443708433057099172e-01
4.302007047049674071e-01
4.322708444258440141e-01
4.164108270052205851e-01
4.166689596826600450e-01
4.395046596706315145e-01
4.011291920118382204e-01
4.274827264516170011e-01
3.813696483994475361e-01
3.555344148578136187e-01
4.018963188081619009e-01
3.761749572052224821e-01
3.469794660886461601e-01
3.587804428835180137e-01
3.656067464247015897e-01
3.513502144827389539e-01
3.178303332185247743e-01
3.189782733259984848e-01
2.997262911857062062e-01
2.930348220839888995e-01
2.790829092803276956e-01
2.809632452636924294e-01
