5.001363660028754055e+01
5.001868866759016186e+01
5.020013408032314572e+01
5.007175002712121881e+01
5.007480623226933858e+01
5.046375016166872030e+01
5.086588886070514803e+01
5.152169709169362477e+01
5.140951338888444866e+01
5.251960852061600349e+01
5.396055579125699353e+01
5.423303022111181093e+01
5.514149954537031562e+01
5.691448591746090102e+01
5.919835279796017602e+01
6.068124062038577193e+01
6.131223940654871285e+01
6.350421988214330327e+01
6.376401752448512639e+01
6.421098490539455383e+01
6.604009149723719929e+01
6.651185541288832326e+01
6.872724808783249273e+01
6.969877241783783006e+01
7.138090131901113011e+01
7.034725765385815066e+01
7.027734096028125066e+01
7.208433960695381870e+01
7.268298398601731947e+01
7.288311455962370644e+01
7.165118889522263146e+01
7.383988709165504360e+01
7.403845636662813945e+01
7.482509493858042049e+01
7.401494309252873904e+01
7.375944869146681526e+01
7.348395268080928133e+01
7.511258963119993837e+01
7.537386299641121923e+01
7.454348196290176531e+01
7.405897097190556622e+01
7.584472166319673647e+01
7.618605614855131591e+01
7.498850532595528762e+01
7.627353444309140684e+01
7.461779947190461826e+01
7.527312663247933244e+01
7.538719993839731615e+01
7.517949502048271881e+01
7.627254203392200793e+01
7.531563704940880655e+01
7.670716087642296088e+01
7.553019777387922318e+01
7.513459767935232492e+01
7.483591437528558288e+01
7.432599833592152549e+01
7.627733110132207628e+01
7.602619567496260800e+01
7.548454485796045788e+01
7.540234759199725545e+01
7.598791722940406146e+01
7.491435129276626981e+01
7.540237987218399951e+01
7.414876977574934358e+01
7.488344131343393428e+01
7.520416179974883164e+01
7.518201670671514592e+01
7.485259061956777771e+01
7.512906315806095847e+01
7.474182231011886302e+01
7.547009943491136141e+01
7.594876137685426443e+01
7.388389312043122459e+01
7.498890708054318566e+01
7.584859617432771017e+01
7.531648015975450505e+01
7.419219884790517483e+01
7.500736973635342508e+01
7.361866122067513629e+01
7.359092436298168138e+01
7.368026743795340394e+01
7.471970850675636200e+01
7.410005539883213999e+01
7.347666512302625108e+01
