1.038144475979196528e+02
1.042057851869928129e+02
1.044306353298789247e+02
1.046345413444178263e+02
1.054667549697210518e+02
1.057278246929106160e+02
1.057726511141989221e+02
1.050543432505615726e+02
1.053369128321379975e+02
1.042545898080984443e+02
1.026791047514145987e+02
1.022803186994286051e+02
1.013079411695667034e+02
9.885438680220812557e+01
9.593151722122004799e+01
9.401265583924948999e+01
9.328465102640419104e+01
8.992784965842525935e+01
9.006316039234951631e+01
8.863902917777431867e+01
8.588435125988306140e+01
8.467104197085106421e+01
8.234400067297715964e+01
8.128648916942432834e+01
7.906060163329341606e+01
7.987238441202525507e+01
7.907777270076505260e+01
7.774861351809964560e+01
7.619875884405232114e+01
7.545309027219292375e+01
7.607349471026905974e+01
7.421826819575655065e+01
7.397639631600394239e+01
7.293522679529333175e+01
7.323865898563775545e+01
7.318758122703528102e+01
7.235232676971294552e+01
7.119292241167488555e+01
7.050970418730416611e+01
7.132871422417294127e+01
7.118452377255255215e+01
6.944257522110167713e+01
6.942633879253577334e+01
7.033914140285538963e+01
6.876988366064962577e+01
7.014941282734820049e+01
6.897755280813254330e+01
6.949951266403216721e+01
6.950983698423452495e+01
6.842335506177805371e+01
6.910228004445571059e+01
6.654620732593872390e+01
6.844612614545810914e+01
6.865530578081568081e+01
6.865301501488603719e+01
7.012141775113776987e+01
6.710899702203242612e+01
6.783088831654099238e+01
6.844486500743921908e+01
6.703795000385615310e+01
6.707519597174714931e+01
6.818220293505970631e+01
6.797751840325783235e+01
6.768063734007658638e+01
6.814750769623914550e+01
6.809111591892299487e+01
6.756881985881170749e+01
6.764356246164187780e+01
6.823688402085406324e+01
6.828839294547356076e+01
6.767743154788900029e+01
6.725821707688123752e+01
6.955567716533809630e+01
6.810054047309847647e+01
6.764640089160280922e+01
6.830102333616900978e+01
6.908781770323209059e+01
6.856113781175346844e+01
6.895842362113293689e+01
6.904562155686724623e+01
7.048156970488318507e+01
6.922724937741246265e+01
6.876695031896529997e+01
7.003620248862088715e+01
