1.026528236948623061e+02
1.015302726714080990e+02
1.029598127997778789e+02
1.040260568647147466e+02
1.046638235769150356e+02
1.062001258960677603e+02
1.065326934036799429e+02
1.074274069119655337e+02
1.080256926019961981e+02
1.082146192789055874e+02
1.088561669885852581e+02
1.091635029372586274e+02
1.095262592704634130e+02
1.099126645941969400e+02
1.099112023733449917e+02
1.103950854502756584e+02
1.106932860032360679e+02
1.101391307685190526e+02
1.105129945607380364e+02
1.101578049745879753e+02
1.098257899172786551e+02
1.099738310793866560e+02
1.089705551277018003e+02
1.087158706835501221e+02
1.076853972570743707e+02
1.077042005552319637e+02
1.077833934247079952e+02
1.065022683487443658e+02
1.048335423240356761e+02
1.046973464485276963e+02
1.028679060926224338e+02
1.014935855501680351e+02
9.978877074402564062e+01
9.960488221314500379e+01
9.796414189225870928e+01
9.698709550813535429e+01
9.485720598179943863e+01
9.488111795497707135e+01
9.278157804978859247e+01
9.127580098685317012e+01
8.932103481472499595e+01
8.737139584090913047e+01
8.761436075687502978e+01
8.619898718840754270e+01
8.459651673149564033e+01
8.356192242440559426e+01
8.300965709055398634e+01
8.286284153834802169e+01
8.076091390158600802e+01
7.929006470214154945e+01
7.821383640040414775e+01
7.782224183004800011e+01
7.702867951101232791e+01
7.552297714433164799e+01
7.399836068074786510e+01
7.245784088578932369e+01
7.177200943370836228e+01
7.043375796419491053e+01
7.019996432523608121e+01
6.985691971546688706e+01
6.759732092113317492e+01
6.755216507947274351e+01
6.615229788491360807e+01
6.624944164849326000e+01
6.532387104898198515e+01
6.399901541793150272e+01
6.374687245282323289e+01
6.305768617334991433e+01
6.129981559176022898e+01
6.145395662688096650e+01
5.962164820044483093e+01
5.881197612286118925e+01
5.933530285904780044e+01
5.802358566090185121e+01
5.686339322270026031e+01
5.653279945450983490e+01
5.602176227509875872e+01
5.443634715360793308e+01
5.423351197687966874e+01
5.307199376075448782e+01
5.272746278699827371e+01
5.171564104705082343e+01
5.102790165662419497e+01
5.056470769086089234e+01
