1.407170142121690448e+00
1.365386940005966832e+00
1.285300916087848133e+00
1.257726332296738914e+00
1.194484982985171140e+00
1.163024163617728535e+00
1.121984906955461936e+00
1.115185445530615826e+00
1.088367295358264375e+00
1.069528319706565478e+00
1.038771145030052301e+00
1.013485918357147630e+00
1.004409034699604852e+00
9.754815389729342145e-01
9.630313149662351746e-01
9.440776405097736079e-01
9.194812017194662346e-01
8.954668586114029605e-01
8.908757888365015365e-01
8.776695644779434202e-01
8.646845219067185173e-01
8.645563001094835887e-01
8.234317565332945899e-01
8.596216830034540957e-01
8.013732373771151885e-01
8.123233939437985995e-01
8.144501881133709986e-01
7.875409682442057191e-01
7.731749923140174285e-01
7.809299192713815563e-01
7.805535302279172916e-01
7.511280905696979815e-01
7.491721962728662421e-01
7.453573641260964333e-01
7.417634430595022588e-01
7.304793644761968796e-01
7.211501534821480597e-01
6.968446759437287863e-01
6.938826214101307954e-01
6.886391188375554639e-01
6.818873228927470054e-01
6.489526116702459824e-01
6.552803497230635932e-01
6.546066661115579333e-01
6.249983299073624821e-01
6.128561480423798669e-01
6.183205152856515729e-01
6.205776145358912199e-01
6.025738731159863137e-01
5.906010672503424486e-01
5.957037450005889800e-01
6.014845878676305935e-01
5.737457271722996577e-01
5.645594218109746265e-01
5.511168804927286669e-01
5.411679249689348437e-01
5.329848006721864540e-01
5.191852781619988866e-01
5.128406987679879903e-01
5.116406742145719333e-01
5.226677828705339479e-01
5.065734605607086216e-01
4.806859830729179883e-01
4.870257687739846797e-01
4.728540808265245254e-01
4.682844709790910942e-01
4.427323581156043519e-01
4.491528739972096562e-01
4.240751495110972047e-01
4.589610082352018616e-01
4.219979308306984755e-01
4.239249218519539619e-01
4.096535712780585703e-01
4.254862671236405158e-01
3.529590844462833776e-01
4.305172479460335211e-01
3.901406500743226924e-01
3.640341145214129881e-01
3.826459545172547494e-01
3.523152784086228673e-01
3.789038280064131459e-01
3.361497811290386495e-01
3.181784782726152505e-01
3.352883439828531209e-01
