4.945686090793981293e+01
4.978051047836746790e+01
4.955780310631233476e+01
4.944049112297565785e+01
5.008821021311477040e+01
4.969587633485856060e+01
5.014724480192004563e+01
5.010538332949744245e+01
5.028951583020280225e+01
5.055126592530349683e+01
5.066535398957832825e+01
5.096836448409466414e+01
5.108356906890717397e+01
5.129945781010623307e+01
5.164638442530166884e+01
5.163811509614416195e+01
5.177701529941495551e+01
5.251718982199302133e+01
5.241869825695118124e+01
5.281270274155870226e+01
5.312819446458977524e+01
5.322275669408247722e+01
5.435438494293509137e+01
5.409904618114141783e+01
5.529271821371297335e+01
5.508651413547685394e+01
5.504215939638354627e+01
5.605039789229169145e+01
5.735441579384175981e+01
5.723912398107382415e+01
5.835506577741370648e+01
5.957180978196399934e+01
6.071380439386972938e+01
6.061217736913621223e+01
6.158010116870802619e+01
6.220957840443607978e+01
6.370173588860888714e+01
6.351552436342522867e+01
6.502407625021552917e+01
6.596587696162023917e+01
6.720632669676950854e+01
6.882461213953345691e+01
6.862153918277333275e+01
6.922233227736386141e+01
7.041898202014682795e+01
7.104003086396919286e+01
7.121017039988203123e+01
7.112012406589970226e+01
7.253729316084607603e+01
7.364113037981366006e+01
7.417142017696016865e+01
7.438838514016259751e+01
7.489992549314295900e+01
7.571072037534452193e+01
7.680972203295550571e+01
7.774785049890920163e+01
7.802111132550092520e+01
7.897303559905691372e+01
7.912660766784431132e+01
7.947621439507670971e+01
8.040727402345588359e+01
8.101157397453035003e+01
8.201848495928553007e+01
8.124690069662013059e+01
8.198765513093999857e+01
8.285445825363559891e+01
8.385856921205379422e+01
8.315257134779851356e+01
8.462320566065491789e+01
8.419914147537289750e+01
8.533840109002275653e+01
8.584246578305643993e+01
8.535003799112449485e+01
8.612048431404494409e+01
8.728714011987433707e+01
8.666049715143398657e+01
8.718941228848657943e+01
8.884202245280543764e+01
8.865835188264632905e+01
8.932665889743581999e+01
8.951490892079397099e+01
9.027713852132553995e+01
9.064799662331380148e+01
9.080222541934047342e+01
