4.656732708096416218e+02
4.655573258828134726e+02
4.653651271669033918e+02
4.653135389003024329e+02
4.651212018913063844e+02
4.650888858915627679e+02
4.649352448318362576e+02
4.647796609942952841e+02
4.646732600301526759e+02
4.645552199068768005e+02
4.644149078593189302e+02
4.643074536292895687e+02
4.643660204047723710e+02
4.642360754319781790e+02
4.640919781096573047e+02
4.640180457211663452e+02
4.639391854155397823e+02
4.638307256854184288e+02
4.638317065159070580e+02
4.637410441789387505e+02
4.636803451774368341e+02
4.636525443980663113e+02
4.636134099030796847e+02
4.635550868728810201e+02
4.634325221713779115e+02
4.633974605999536038e+02
4.633768599796675858e+02
4.633281624721635694e+02
4.633098778241179616e+02
4.632299348436228570e+02
4.632660335003155865e+02
4.631267363271510931e+02
4.630768816841601847e+02
4.631838705740420892e+02
4.630467123547749111e+02
4.630950848154805612e+02
4.629875461528606593e+02
4.628341039208980305e+02
4.629453498456629745e+02
4.629376031618537581e+02
4.628331194677163580e+02
4.627647851574044466e+02
4.627143214492382413e+02
4.628074420525595656e+02
4.627408284902155060e+02
4.627359135936861776e+02
4.626591207920200759e+02
4.625854784048411261e+02
4.626935988590986994e+02
4.626702041674623160e+02
4.625554441324265440e+02
4.628003735598675235e+02
4.624138417793325857e+02
4.625485962937802924e+02
4.624885905786634339e+02
4.625622698409119380e+02
4.626240172146920600e+02
4.625100592556698871e+02
4.625693689300612732e+02
4.624786478378031234e+02
4.624014931279426150e+02
4.625019128558915895e+02
4.624737397933872671e+02
4.625124009131742469e+02
4.624850154753254401e+02
4.622955152213358474e+02
4.624452666174079241e+02
4.623914427026349472e+02
4.622497232701654184e+02
4.625458114330140234e+02
4.624171363363096816e+02
4.622899171466806365e+02
4.622509944160979671e+02
4.621689524797518516e+02
4.622028743750675517e+02
4.620041755113451813e+02
4.623141862561926700e+02
4.620896873345332097e+02
4.620444734444975552e+02
4.622147496616760236e+02
4.620048249462493004e+02
4.618576324191334379e+02
4.619949935778263352e+02
4.619005211011850633e+02
