5.304215184793138178e+02
5.304026239797670996e+02
5.304020525118800151e+02
5.304995735283757767e+02
5.307475834828609322e+02
5.307684626392746168e+02
5.309533494260799671e+02
5.310542947745178708e+02
5.311905170792117588e+02
5.313224446958475937e+02
5.314580425476968912e+02
5.316124193649550307e+02
5.317528529972802289e+02
5.318897189786338231e+02
5.320364429522586533e+02
5.321256710693850209e+02
5.322041930134853374e+02
5.324644435812761003e+02
5.325358911395430823e+02
5.327348048290800762e+02
5.329116174004252571e+02
5.329668840382440749e+02
5.333136857161073294e+02
5.333606302145700511e+02
5.336624660229603023e+02
5.337015466543805360e+02
5.337628237282127657e+02
5.340819847879427016e+02
5.344566956836216605e+02
5.345186221509768529e+02
5.348930869772726737e+02
5.352425618790132376e+02
5.355836193042625837e+02
5.355950092405574878e+02
5.359327789612810875e+02
5.361479013227635733e+02
5.365765747917319004e+02
5.365531916379835593e+02
5.370360212088869503e+02
5.373605280200285961e+02
5.377763251601249976e+02
5.382045239510601959e+02
5.381518615135400978e+02
5.384397401507410450e+02
5.388059452383354255e+02
5.390001936127529234e+02
5.391574592595053446e+02
5.391419935096131439e+02
5.395617451354195282e+02
5.399261886363507301e+02
5.400871297454432352e+02
5.402294197026894835e+02
5.404281225523205876e+02
5.406976563326593350e+02
5.410300541853392815e+02
5.413080865304724512e+02
5.414560945659974323e+02
5.417566124128404681e+02
5.418058106777322109e+02
5.419169436917018174e+02
5.423613613590254090e+02
5.423978398266738168e+02
5.427442475386413889e+02
5.426733553926413833e+02
5.428621781401539010e+02
5.431457192885492304e+02
5.434881549527061679e+02
5.432572755687199333e+02
5.437164345748990399e+02
5.436712601884249807e+02
5.439510831631399697e+02
5.441767262149189719e+02
5.440013572437707126e+02
5.443376295108263321e+02
5.446617166181371203e+02
5.446758308147861953e+02
5.447885863510196032e+02
5.451414861928934670e+02
5.451323472193346333e+02
5.453686297203428239e+02
5.455054008971280837e+02
5.457039916899467471e+02
5.458735058610708393e+02
5.458662383074989748e+02
