4.999584277624355764e+02
5.001010095233881430e+02
5.001833396834198311e+02
5.003105297376480394e+02
5.004845720012690435e+02
5.005493796275267755e+02
5.007093980705470244e+02
5.007887087556101164e+02
5.009115508734215609e+02
5.010557459533201836e+02
5.011360496919271554e+02
5.013087107326422824e+02
5.014336177272975874e+02
5.015441679983851486e+02
5.016929821376636482e+02
5.017732731222751568e+02
5.019236209523381262e+02
5.020512676980653737e+02
5.021420139444422261e+02
5.022418472560712530e+02
5.023490392461787906e+02
5.025155769222436106e+02
5.026971898073555849e+02
5.027506079234235585e+02
5.029426019591550698e+02
5.029969642654005497e+02
5.030744672525501642e+02
5.032293834360082769e+02
5.034184017411843115e+02
5.034639946748332591e+02
5.036509765816460344e+02
5.038005034034386540e+02
5.040042755857987231e+02
5.040635129083296420e+02
5.041753343975590269e+02
5.042895106722162382e+02
5.045016379117959673e+02
5.045435933433552691e+02
5.047670906492364793e+02
5.048997441387977005e+02
5.050846261807840278e+02
5.053112953841304602e+02
5.053674953361121425e+02
5.054365560803039443e+02
5.056310643731075629e+02
5.057403390709238238e+02
5.058303067853677817e+02
5.058724803689933651e+02
5.060987242028201081e+02
5.062566021949283481e+02
5.063623025944700089e+02
5.064868702670783023e+02
5.065257712620714869e+02
5.067055204013742014e+02
5.068429549881909679e+02
5.070483944732921486e+02
5.071236080664101564e+02
5.072740419203287274e+02
5.072984458505762291e+02
5.074094563073075506e+02
5.076086827727778541e+02
5.076900204977081899e+02
5.078688600065480614e+02
5.078233057856168102e+02
5.079510039052031516e+02
5.081008878456315756e+02
5.082553407631241953e+02
5.082303386265873542e+02
5.084900227919050053e+02
5.084559389059569980e+02
5.086342937999414175e+02
5.087461303782940263e+02
5.086683518281670899e+02
5.088337677012957556e+02
5.090438199186928614e+02
5.090240290246928794e+02
5.091027265604395780e+02
5.093495692033933437e+02
5.093629714391860261e+02
5.094817443429568584e+02
5.095720887560212873e+02
5.096527933763458691e+02
5.097874499400799664e+02
5.098564075825496502e+02
