9.123732006471935563e+01
9.107796291860204008e+01
9.150984806175092956e+01
9.182458520954044445e+01
9.231812658855018583e+01
9.271579892934073541e+01
9.297687640976657519e+01
9.324810406885099212e+01
9.353452611920725701e+01
9.365158174840225058e+01
9.377784758863477066e+01
9.402623897624950189e+01
9.412228009641206938e+01
9.428004189931148460e+01
9.438057737958631321e+01
9.448574220934101220e+01
9.469901073954163451e+01
9.465348677308645620e+01
9.472174651884580499e+01
9.462657230556834520e+01
9.453047216604777248e+01
9.465924500999702218e+01
9.463362202678067092e+01
9.432540904689258809e+01
9.432332500588709934e+01
9.419218245007196799e+01
9.417571303068579880e+01
9.389382716639400428e+01
9.360774369506815162e+01
9.343217295994425342e+01
9.296330950757459277e+01
9.270731380142959210e+01
9.231398128151332116e+01
9.214875288387695207e+01
9.156834732855786285e+01
9.124160869699763055e+01
9.072475109795570347e+01
9.063817695553829878e+01
9.009917992220714211e+01
8.952557934649495053e+01
8.896880307412881450e+01
8.858738601494781051e+01
8.868482138379175694e+01
8.781897049951031420e+01
8.749222810816760898e+01
8.699680815195979733e+01
8.680798940325927049e+01
8.661870069034291930e+01
8.596538713759690609e+01
8.543750654936729916e+01
8.508389997169332730e+01
8.494879968515240876e+01
8.443251665826566921e+01
8.392912158196762107e+01
8.335187540876854939e+01
8.278439188476903610e+01
8.238339744555375432e+01
8.191706993085318800e+01
8.144900669882126465e+01
8.152651281051285537e+01
8.051019860375633641e+01
8.056122978363534060e+01
8.002841106171017316e+01
7.960697186734067543e+01
7.927960975752965567e+01
7.868009226031659864e+01
7.863475017153767510e+01
7.810335572860287812e+01
7.755656033026610885e+01
7.721302650034425596e+01
7.651295538514611394e+01
7.602972649275406525e+01
7.611648443889696125e+01
7.545051989283201976e+01
7.500740986945577049e+01
7.441791135459959605e+01
7.422579761185606628e+01
7.382313915780167690e+01
7.358015576389536250e+01
7.284472318063561147e+01
7.263515352264646197e+01
7.206819445117467637e+01
7.181771448200093744e+01
7.130866370756548633e+01
