4.970372155164814387e+01
4.993445785367694612e+01
5.024803308855231165e+01
5.051401671995805742e+01
5.118262598475540415e+01
5.133256109539661338e+01
5.183831994538734023e+01
5.204428554663747519e+01
5.238634351170646397e+01
5.272738096754606119e+01
5.302125354794202394e+01
5.339347272248748055e+01
5.366299265210311376e+01
5.397662818672337437e+01
5.433390916464161791e+01
5.450668882220510625e+01
5.481188323359808123e+01
5.526623221863430047e+01
5.535140260121755063e+01
5.558662804164810467e+01
5.576855933672689503e+01
5.599876460944251022e+01
5.661427829275231716e+01
5.643876045292599031e+01
5.709945574172709826e+01
5.700487697166723677e+01
5.703864578848510547e+01
5.745887312057386254e+01
5.799140096804463695e+01
5.794472140424178264e+01
5.826776508196793003e+01
5.877307746572427050e+01
5.918621414258917923e+01
5.915200666559977094e+01
5.939210411391906774e+01
5.959671444285050512e+01
6.011194802525121617e+01
6.006818126949900005e+01
6.050504604460558511e+01
6.075551327739299978e+01
6.105750245604332349e+01
6.161258464106097676e+01
6.161843246333127411e+01
6.166936413250382998e+01
6.200788042240327513e+01
6.218860337340750988e+01
6.212132947597379484e+01
6.213627362426690581e+01
6.253252341258610869e+01
6.281938806036619383e+01
6.290264179961121016e+01
6.295723842735709042e+01
6.311051438732771146e+01
6.324535105621271924e+01
6.352158249722667449e+01
6.382061318880332834e+01
6.379561880495933934e+01
6.407646219074435123e+01
6.402272716309326483e+01
6.413009399282903189e+01
6.424867383159838141e+01
6.451121896215926199e+01
6.476490840739479893e+01
6.432231360588600921e+01
6.457127378307366428e+01
6.476018886051922152e+01
6.534098395791441760e+01
6.479046828841860872e+01
6.521571546481185067e+01
6.501944852112663398e+01
6.529574325473748786e+01
6.537656858365016888e+01
6.523855361575385814e+01
6.535769222318302241e+01
6.578583448826573488e+01
6.532357728029589339e+01
6.552610288434894414e+01
6.611311040820407925e+01
6.600498353614537450e+01
6.613377512053622809e+01
6.615859881158253586e+01
6.633391765548375929e+01
6.640178878254000949e+01
6.650803581833999090e+01
