1.472683613175110651e+01
1.464680138843677071e+01
1.428649632152581361e+01
1.425106681701237754e+01
1.406597880412053847e+01
1.399497740406114055e+01
1.376772331183813591e+01
1.374066102488506935e+01
1.360619692895914490e+01
1.355555442797411025e+01
1.337182895681316452e+01
1.333452612840248896e+01
1.337764813868823133e+01
1.325741048794891874e+01
1.316640279783627321e+01
1.312550183157444472e+01
1.310168394468842124e+01
1.285808468865386089e+01
1.296192850666398400e+01
1.273158275700013853e+01
1.268009518789531320e+01
1.287754541133397090e+01
1.271443228501110134e+01
1.300787437428514437e+01
1.245493735491272957e+01
1.255443695497324974e+01
1.266256308118074259e+01
1.250425020924695296e+01
1.238561630342044495e+01
1.249254473446799985e+01
1.262702785829712937e+01
1.233289699362051017e+01
1.242065935665381993e+01
1.231389497642913788e+01
1.237023586301126521e+01
1.230239189581897818e+01
1.230195473278624085e+01
1.200058792902750682e+01
1.201024876310058431e+01
1.204068771350029721e+01
1.195636700208233449e+01
1.156047108208820262e+01
1.179879555021919835e+01
1.164027610836436466e+01
1.124076570617926940e+01
1.141808491974825124e+01
1.138962189723683949e+01
1.149267015308352313e+01
1.112360836719314960e+01
1.130285607735275377e+01
1.129948181930247841e+01
1.119142222938106990e+01
1.097447048792017554e+01
1.073550330652738971e+01
1.072769856700293012e+01
1.060966457637243288e+01
1.050323278713661601e+01
1.063185223266303936e+01
1.032752992069547204e+01
1.035941919286375246e+01
1.078384743437727700e+01
1.017917674347673618e+01
1.010371186256083931e+01
1.017459222869411661e+01
1.005595558934397005e+01
9.728344706067156622e+00
9.509603975412140642e+00
9.693678935318777334e+00
9.227870250148157538e+00
9.597204664624493731e+00
9.052546661280606699e+00
9.460619108428858226e+00
9.333005331482723932e+00
9.326903954899043114e+00
8.523270425981465337e+00
9.384810476202554597e+00
8.996036611789962834e+00
8.631760299609361198e+00
8.834911365102177783e+00
8.287722705278332214e+00
8.839246058389891303e+00
8.517644671621516395e+00
7.718440454290922403e+00
7.997801343807336316e+00
