-1.682889065610061463e-01
-1.659676906130178042e-01
-1.673905847257431412e-01
-1.683639360305636268e-01
-1.703708345279307534e-01
-1.721319751988345803e-01
-1.727337912038530710e-01
-1.740088925570555112e-01
-1.753301834145394311e-01
-1.761445150529443171e-01
-1.771467650279749950e-01
-1.783025814998674963e-01
-1.785028423037077205e-01
-1.794629256784066318e-01
-1.798819333799301090e-01
-1.803808515597927209e-01
-1.809385018348379781e-01
-1.811431982462907708e-01
-1.812422802731848137e-01
-1.812427538602341126e-01
-1.810397482245949541e-01
-1.812742700547612107e-01
-1.812120510273921570e-01
-1.803059154425678268e-01
-1.800197986346916690e-01
-1.796566635423517411e-01
-1.796668465561899464e-01
-1.787893149059930908e-01
-1.778050551388461187e-01
-1.773545405570930156e-01
-1.756859030128056498e-01
-1.755459979452864694e-01
-1.735707698958943168e-01
-1.734833730806985830e-01
-1.715661590106772050e-01
-1.709576697597964823e-01
-1.693944428444285610e-01
-1.690218111594383454e-01
-1.670902872911414205e-01
-1.660927812310650231e-01
-1.643280654727908574e-01
-1.643127459413167846e-01
-1.638896391669685537e-01
-1.617778763546041942e-01
-1.609158134106685178e-01
-1.595054102032181786e-01
-1.592671406250754096e-01
-1.581355592364321050e-01
-1.571055481864671588e-01
-1.559840503223870189e-01
-1.549131782045254369e-01
-1.542875775116576975e-01
-1.529609570450000677e-01
-1.516641827234805340e-01
-1.505574432247988870e-01
-1.494321182415098703e-01
-1.484066582867378248e-01
-1.465739430346676420e-01
-1.460470349363735820e-01
-1.463724724671346122e-01
-1.433935233641922546e-01
-1.447382180068579882e-01
-1.429159619629995215e-01
-1.419434365664918873e-01
-1.412811729518904380e-01
-1.403152430804335271e-01
-1.411326009575256946e-01
-1.377700659202902023e-01
-1.367361638900893017e-01
-1.362230288184657356e-01
-1.343954746750132268e-01
-1.339591746270361594e-01
-1.335695265292136114e-01
-1.317257415160063561e-01
-1.302557884000778710e-01
-1.290909303335735503e-01
-1.296506312212765966e-01
-1.292685603002739214e-01
-1.279841790814572611e-01
-1.262673553097470036e-01
-1.256146656698921837e-01
-1.249067632786816234e-01
-1.251405621125770418e-01
-1.226112314070214593e-01
