5.304210527672556736e+02
5.303921068076939491e+02
5.304857797276307565e+02
5.306104954361918544e+02
5.306779895755424832e+02
5.308992314979760749e+02
5.310785426809486580e+02
5.313717423377499927e+02
5.314602680907684089e+02
5.318361910962665888e+02
5.322733428234740813e+02
5.324807338005998645e+02
5.328411308829181507e+02
5.334325974758693292e+02
5.340832012421137733e+02
5.345926755490811502e+02
5.348870944665309253e+02
5.355561010060505396e+02
5.356651217346839076e+02
5.359590012181996599e+02
5.366490873229236058e+02
5.369059182063178923e+02
5.375197755184789230e+02
5.378535595465018559e+02
5.384380818480115067e+02
5.382010931400250229e+02
5.383656670804889472e+02
5.388181504400465656e+02
5.391635225096838440e+02
5.394033980590784267e+02
5.392027508892743981e+02
5.397109136845498369e+02
5.398779180784812297e+02
5.401214816136628087e+02
5.400800554570178065e+02
5.401473689111611520e+02
5.402599239665809137e+02
5.406176024775954829e+02
5.408357109349946086e+02
5.407475252548065328e+02
5.407638005714335350e+02
5.413072796083630465e+02
5.414073621279392228e+02
5.412401837205428592e+02
5.416247816217805848e+02
5.413213600430880206e+02
5.416515760772631438e+02
5.416138809591171821e+02
5.417265326409291220e+02
5.420109529131894988e+02
5.418343915090529208e+02
5.424406459186965321e+02
5.421033545965804024e+02
5.420772894295859032e+02
5.420526517610383053e+02
5.419630076379966113e+02
5.426749211363395489e+02
5.425809025577765397e+02
5.425462799800939138e+02
5.427790339926344814e+02
5.428536848616749921e+02
5.426632735512026784e+02
5.427890625695919198e+02
5.427265400980247705e+02
5.428768064311294665e+02
5.429948462582167394e+02
5.430723524446475494e+02
5.430810292388423477e+02
5.431533431936815077e+02
5.431229932136111529e+02
5.433057236331765125e+02
5.434087731729941879e+02
5.430382020604321269e+02
5.433557984101574903e+02
5.435730683166456174e+02
5.434875674531432423e+02
5.433515645586765004e+02
5.435246046123177166e+02
5.433269700905027548e+02
5.434273440873256504e+02
5.432115610428577384e+02
5.437042477005257979e+02
5.437859838943145405e+02
5.435460295316319161e+02
