4.999582963842401000e+02
5.001539118252567846e+02
5.003565239963119211e+02
5.005129132506756946e+02
5.006892318838242772e+02
5.008621043761405645e+02
5.010486648584389968e+02
5.012440058215864838e+02
5.014033740228542797e+02
5.016595507780833714e+02
5.019512814379085626e+02
5.021518092819434287e+02
5.024054012700272551e+02
5.027365270629136944e+02
5.031344186497956343e+02
5.034568178617448666e+02
5.036497565304310911e+02
5.040815011693036922e+02
5.042341178173692811e+02
5.043966589456413203e+02
5.047757334228818991e+02
5.049681131867296244e+02
5.053200331080882961e+02
5.055372039351037188e+02
5.058423098795417445e+02
5.058678035733968841e+02
5.059643246193955406e+02
5.062341991051915784e+02
5.064333124719742045e+02
5.065833997085219380e+02
5.065295762237619783e+02
5.068782245318722062e+02
5.069870004172833546e+02
5.071836797922168785e+02
5.071204062235923971e+02
5.072179105696584998e+02
5.072964458853154497e+02
5.075750320251822245e+02
5.076792214724684982e+02
5.076610053488217318e+02
5.077427741148791256e+02
5.079931441496521529e+02
5.080964704015587472e+02
5.080279290985369585e+02
5.082496234972612115e+02
5.081345748120838834e+02
5.082792620201499858e+02
5.083435631903920466e+02
5.083501786234478459e+02
5.085517422986131351e+02
5.085092651407887274e+02
5.088277093074199797e+02
5.087425380844229039e+02
5.087133256547793962e+02
5.087340796680740027e+02
5.087186820857264706e+02
5.090748325001628132e+02
5.090498188373927633e+02
5.090419067692186559e+02
5.091699248548172818e+02
5.092407155194852066e+02
5.091573939101728570e+02
5.092748496037272616e+02
5.092580643351629419e+02
5.092910693768129704e+02
5.093669486503704320e+02
5.094553441083230041e+02
5.094674719390251880e+02
5.095043859354612437e+02
5.095521369409167960e+02
5.096219578680951372e+02
5.096522220557636729e+02
5.094655870643573508e+02
5.096371492111863972e+02
5.098041808320321024e+02
5.097194301480687386e+02
5.096613090328318094e+02
5.097504194159599820e+02
5.096770902046218339e+02
5.096806970217248249e+02
5.096604915709174293e+02
5.098532628288829187e+02
5.098403938403041025e+02
5.098190000238376456e+02
