4.656734936522677231e+02
4.654662751703559138e+02
4.652751269286839602e+02
4.651236480058094571e+02
4.649740684944104032e+02
4.648126770373094701e+02
4.646012519927616040e+02
4.643682708596568887e+02
4.643269613696372176e+02
4.642222887834014386e+02
4.639413991430205897e+02
4.639279936252431753e+02
4.638557433942969510e+02
4.637526072138367113e+02
4.635518822696977850e+02
4.635873751277899260e+02
4.633202856500427060e+02
4.633313359193654151e+02
4.633291498805597257e+02
4.632525001331588328e+02
4.633407347741887747e+02
4.633302973516938437e+02
4.631661216806297148e+02
4.632789327464902840e+02
4.632527316991472617e+02
4.629741393240665275e+02
4.631671628080783876e+02
4.630499704379267882e+02
4.630981190852806435e+02
4.632996873107958322e+02
4.630226501841406161e+02
4.630151243845722888e+02
4.629335147710069691e+02
4.630240640500499012e+02
4.629002968441079702e+02
4.631756219956481573e+02
4.632283788283813806e+02
4.627797938407578044e+02
4.632440561106024575e+02
4.629079823336173263e+02
4.629995443373719581e+02
4.631736498893078533e+02
4.629254287534732839e+02
4.629140952026277205e+02
4.628821366723836945e+02
4.628312589495176326e+02
4.628251489688848892e+02
4.628470335153821225e+02
4.629132526133196279e+02
4.630203162852891978e+02
4.626748954257133732e+02
4.626937182018191379e+02
4.627537963996767303e+02
4.627678505470439632e+02
4.630131450142516201e+02
4.627625464085691647e+02
4.630100695578735781e+02
4.623551548060626715e+02
4.628005091272852951e+02
4.627646885203422471e+02
4.627195315622586236e+02
4.629626321379652154e+02
4.625487817456788093e+02
4.627050819585987256e+02
4.629879832261458432e+02
4.625303692064410939e+02
4.627198161429184324e+02
4.626052971064943335e+02
4.626527648659803162e+02
4.627932722486232251e+02
4.626702556636872146e+02
4.626695856550053350e+02
4.625365082467750426e+02
4.629953434633120537e+02
4.626585158713693318e+02
4.623706581745567519e+02
4.626886760682470481e+02
4.626709929877101217e+02
4.625120676798727573e+02
4.625471260742309028e+02
4.625663880958915684e+02
4.625797835211693041e+02
4.623681382752596960e+02
4.625676281361809288e+02
