4.999340723881925328e+02
5.000556726947551169e+02
5.001912274883778196e+02
5.003849252460292973e+02
5.006036870639829317e+02
5.007557644462892767e+02
5.009475720766998847e+02
5.010765465838479145e+02
5.012352306163155049e+02
5.014073902871683117e+02
5.015286671149907534e+02
5.017174820737927234e+02
5.018647494871910339e+02
5.020395288804552365e+02
5.021743144534853514e+02
5.023268282351040170e+02
5.024828622030060501e+02
5.025931017561649696e+02
5.027207190097590797e+02
5.028086949049578038e+02
5.029263895159550088e+02
5.030945944325626442e+02
5.032024178623412354e+02
5.033035726842538793e+02
5.033805423069062499e+02
5.035340534645653747e+02
5.035857026576183557e+02
5.036866408977615492e+02
5.037973685300614193e+02
5.038440864438761082e+02
5.039330390173201977e+02
5.040000939489202096e+02
5.040936616082114483e+02
5.041445612504815585e+02
5.041119007105538685e+02
5.041803221365475451e+02
5.043138642425087710e+02
5.043617866169934700e+02
5.044019176279443855e+02
5.044348301136618602e+02
5.045000393881568925e+02
5.046298336217044493e+02
5.046559172687603336e+02
5.046898387741714487e+02
5.047683697156994072e+02
5.047546388572088745e+02
5.048799400807461666e+02
5.049010815299863566e+02
5.048612031656925865e+02
5.050211363565734928e+02
5.050472870050825804e+02
5.050593721187778442e+02
5.051071380589242494e+02
5.051860149807022253e+02
5.051942213433353572e+02
5.051937390286457799e+02
5.053003745475040773e+02
5.052331179356480106e+02
5.053306817843223371e+02
5.054514980929174612e+02
5.054404893493324380e+02
5.054955434526506792e+02
5.054680173132762206e+02
5.054631194671064804e+02
5.055828358356579884e+02
5.056288381853181022e+02
5.056532140637199859e+02
5.055667471288458046e+02
5.057997695621982643e+02
5.057494881137396874e+02
5.057975552079050203e+02
5.058298639250199926e+02
5.056566568430290545e+02
5.058301022511710130e+02
5.059660718153534731e+02
5.057666107927653343e+02
5.059071749297728502e+02
5.060575727783639195e+02
5.060508319630890242e+02
5.060092306679871399e+02
5.061007783425524167e+02
5.060960330855937173e+02
5.060884618889722901e+02
5.061583442146958305e+02
