1.237698541178108291e+00
1.218200628994615453e+00
1.142850687614926919e+00
1.123329877043558023e+00
1.067789605079491499e+00
1.039952446936342367e+00
1.007467540737287504e+00
1.002182480502712636e+00
9.791855657523677037e-01
9.670603720932514635e-01
9.407859747346744017e-01
9.166492702500591561e-01
9.140263262280805545e-01
8.916308339994553078e-01
8.867312071399336970e-01
8.730039416252494133e-01
8.520917490786461546e-01
8.399133433829214512e-01
8.393597592993162770e-01
8.362728736607313307e-01
8.306928634735368799e-01
8.349654569986573183e-01
8.075026235927779128e-01
8.497540279621776937e-01
8.031713114604870363e-01
8.226891677994337959e-01
8.254255477718240863e-01
8.103676209670167552e-01
8.113166450487776515e-01
8.285648447699662800e-01
8.469574509830818387e-01
8.266041995755381011e-01
8.463911216436410534e-01
8.503922411770873380e-01
8.671777332884027523e-01
8.665370934261020786e-01
8.927726990359291515e-01
8.641304761048099747e-01
8.901204351600239262e-01
9.117773019852386529e-01
9.395806983345227348e-01
9.275194104626601765e-01
9.435982799521858144e-01
9.745431381843759899e-01
9.641569501232092332e-01
9.816947387718854001e-01
1.001223704035200335e+00
1.026985680106743626e+00
1.045972403199602496e+00
1.088355962020640666e+00
1.119331849630490483e+00
1.131174755072762217e+00
1.167267062978256886e+00
1.171090926682922140e+00
1.228964100378878044e+00
1.285380461966585841e+00
1.311242743206798567e+00
1.417298703182587882e+00
1.410372810827481782e+00
1.389264905817284346e+00
1.596654314837265609e+00
1.506880632898242700e+00
1.564705519537578526e+00
1.703345839816301721e+00
1.670736925709554122e+00
1.780946113187925173e+00
1.786213663264025309e+00
1.808413047243316862e+00
1.922830404824897421e+00
2.006926733862843815e+00
2.104020867000743866e+00
2.256062343003193860e+00
2.220853989720384725e+00
2.307215240588161187e+00
2.391285742759854838e+00
2.555646219814770248e+00
2.531247524029621498e+00
2.631631756079785500e+00
2.681801554321872505e+00
2.811729919445182801e+00
2.945574732368433146e+00
3.088014649393922895e+00
3.182096145226812389e+00
3.171116359335155011e+00
