4.965343948904111926e+01
4.952652243936624643e+01
4.981621233816291294e+01
5.054499629914683823e+01
5.169969203072200514e+01
5.236588086350860749e+01
5.314525164730831364e+01
5.365976342165485846e+01
5.416965047416070433e+01
5.481821084760980511e+01
5.530166932036226513e+01
5.570015056887364580e+01
5.587726843116947606e+01
5.713631524746083556e+01
5.695871355549549975e+01
5.807950632911429523e+01
5.806021564698158244e+01
5.848636096233552450e+01
5.884335607451597383e+01
5.893400097524832404e+01
5.950878915354127230e+01
5.943730338700041216e+01
5.923472255341470571e+01
6.004712043503035090e+01
5.908482405400648929e+01
6.087333151238202333e+01
6.016377627861891852e+01
6.051570146899852176e+01
6.089330547750304845e+01
6.075013114848192686e+01
6.063050278483741096e+01
6.083898844142607487e+01
6.044084895374644617e+01
6.015430085713671815e+01
5.897220540620017459e+01
5.916163853196112399e+01
6.019608350161821875e+01
6.010711486030218964e+01
5.896391976044371575e+01
5.885965650505301738e+01
5.879772125752721479e+01
5.969457770444575573e+01
5.850790291887453520e+01
5.967153996175356667e+01
5.947868201604379124e+01
5.834266402705517152e+01
5.963559075097128215e+01
5.917796373962826095e+01
5.657642565157352976e+01
5.894936912886655023e+01
5.858057208117298131e+01
5.668903706330344505e+01
5.835435661360688897e+01
5.822369354223720705e+01
5.789462568217729199e+01
5.572808613644445330e+01
5.731837175911977766e+01
5.465362038109457643e+01
5.701003633402049786e+01
5.769933144891191290e+01
5.599164893837706813e+01
5.650666962138409133e+01
5.420547571060354386e+01
5.405004489155776781e+01
5.583969464402247240e+01
5.580014381177272043e+01
5.478718200978420327e+01
5.316617633947988253e+01
5.552958880562086108e+01
5.502892519665714843e+01
5.490378222885116344e+01
5.450170344091041130e+01
5.153227669850984682e+01
5.397779037578703765e+01
5.456616831681156299e+01
5.074954352838228999e+01
5.320933107820478369e+01
5.446014377493523995e+01
5.409162391588351682e+01
5.276643654898144575e+01
5.319637429214090929e+01
5.321360699523322069e+01
5.059473743734614715e+01
5.270660631300368948e+01
