-1.613456834638296311e-01
-1.603821676651329409e-01
-1.610307544744465635e-01
-1.616741386210290843e-01
-1.636155039823743162e-01
-1.646167484293569183e-01
-1.654050300355710268e-01
-1.661829138050607002e-01
-1.672975061584856815e-01
-1.683684492085799900e-01
-1.691148600749600994e-01
-1.701211806454706044e-01
-1.702978488273461100e-01
-1.718470294133203902e-01
-1.721737357254483347e-01
-1.732669929764678873e-01
-1.735278062365893381e-01
-1.744565080179758809e-01
-1.747196645937571791e-01
-1.752225371695684542e-01
-1.758387523376786499e-01
-1.759798277737140981e-01
-1.764092021262291810e-01
-1.769020634005484816e-01
-1.763161743539883586e-01
-1.779418236976622603e-01
-1.773401538610492600e-01
-1.777381641088883746e-01
-1.782678538058360684e-01
-1.782052169219449922e-01
-1.780108748364986893e-01
-1.787015520095809051e-01
-1.778425680786100416e-01
-1.780432273183950864e-01
-1.764111244976450943e-01
-1.767982908169041523e-01
-1.778126393071312872e-01
-1.775945355211150933e-01
-1.762073066271003796e-01
-1.762295913790619950e-01
-1.760623388353071972e-01
-1.780344855376276292e-01
-1.766302897099593094e-01
-1.768232727956812467e-01
-1.770654197870385749e-01
-1.755185442565605769e-01
-1.770906902996719767e-01
-1.759808986158392652e-01
-1.743453538764739019e-01
-1.763130129819360237e-01
-1.759028209744572246e-01
-1.740808225362784623e-01
-1.750006312470780978e-01
-1.750902335322506720e-01
-1.747727970064210379e-01
-1.733561588645837204e-01
-1.744211250893399345e-01
-1.716013607425741772e-01
-1.734386262230952769e-01
-1.745704189597711287e-01
-1.727469787491045516e-01
-1.737693031851639813e-01
-1.715361609201196680e-01
-1.712251908673967926e-01
-1.726940482567289048e-01
-1.729541630995549695e-01
-1.730834154258294455e-01
-1.698902643959445957e-01
-1.719636635371510069e-01
-1.715767080691754654e-01
-1.712991983452223921e-01
-1.715899479627761015e-01
-1.688032822355322871e-01
-1.703484182614907749e-01
-1.703218456703738115e-01
-1.678298538211925317e-01
-1.705087499489356118e-01
-1.718831541025979126e-01
-1.708636978996815881e-01
-1.698360752933176232e-01
-1.702208454640410651e-01
-1.704746421336778006e-01
-1.696036087625963362e-01
-1.695198782464115705e-01
