4.655786672103668593e+02
4.654756530953419542e+02
4.652657814119280602e+02
4.651989198427499446e+02
4.649919326809603035e+02
4.649414057503186655e+02
4.647846822291054991e+02
4.646202093515174170e+02
4.645089335502726158e+02
4.643929555657822448e+02
4.642506282699687858e+02
4.641356086810023953e+02
4.641981294141743319e+02
4.640633947321252890e+02
4.639248751881640374e+02
4.638401299284350898e+02
4.637635112098420223e+02
4.636706135610818365e+02
4.636661552673800770e+02
4.635859528787728436e+02
4.635306320873892787e+02
4.634970828086026131e+02
4.634718390375211357e+02
4.634051647442994408e+02
4.633096388841611883e+02
4.632578940965200900e+02
4.632376778840563816e+02
4.631986601340677225e+02
4.631942674111799647e+02
4.631107622634106633e+02
4.631540623331050028e+02
4.630245908520336116e+02
4.629701244417526595e+02
4.630904738316572775e+02
4.629653731717387473e+02
4.630053197596592440e+02
4.629076725706696607e+02
4.627438668132399471e+02
4.628482964442819707e+02
4.628322768915718370e+02
4.627126159890309509e+02
4.626518365614948038e+02
4.626068137598185785e+02
4.626921134286769757e+02
4.625911949566955741e+02
4.625769855111837501e+02
4.624822151430826693e+02
4.624473498848392410e+02
4.625159962110229230e+02
4.624386246287394329e+02
4.623835553519112409e+02
4.625563322483210982e+02
4.621798348645070291e+02
4.622526586914760287e+02
4.621871499559942436e+02
4.621836206117997676e+02
4.622289458248084770e+02
4.621674322711964464e+02
4.620953605590852931e+02
4.619625567678508560e+02
4.618661554631419790e+02
4.619228824742903612e+02
4.618743272933014623e+02
4.619263365318993237e+02
4.617657276326905276e+02
4.616055442637140800e+02
4.614832256793953889e+02
4.614601539833250285e+02
4.614548101196065204e+02
4.615171781122185166e+02
4.614183755249414389e+02
4.611740520776756398e+02
4.610999632450039485e+02
4.610448997786447762e+02
4.609329275987465735e+02
4.607378581740682080e+02
4.608267559932324957e+02
4.605599112298654063e+02
4.605566876257773856e+02
4.604160103162846553e+02
4.602924130458534933e+02
4.602295058852853344e+02
4.603345247176756061e+02
4.600313405621591869e+02
