5.303681273744414284e+02
5.302372334893135530e+02
5.304437691198351104e+02
5.307987099387316903e+02
5.312048239769329712e+02
5.315475561097765649e+02
5.318314858962712606e+02
5.321059251658534777e+02
5.323566904348739399e+02
5.325744385703866328e+02
5.328320813133452702e+02
5.330296357478363234e+02
5.332271578404851198e+02
5.335672730497786915e+02
5.336490455693211743e+02
5.339606715241732218e+02
5.340440175613694009e+02
5.342316595988443169e+02
5.344129417480298798e+02
5.345577151672652008e+02
5.347577525763341555e+02
5.348071086349099232e+02
5.348960645287362468e+02
5.350901130047080869e+02
5.350016892206930379e+02
5.353542876600423597e+02
5.353256372642556471e+02
5.354548278128801257e+02
5.355678106622399355e+02
5.356306164993728771e+02
5.356854591419329381e+02
5.357673929042671261e+02
5.357553365082226264e+02
5.357391178174261768e+02
5.356258098577259261e+02
5.356979222903739810e+02
5.358977106582018450e+02
5.358912633183590515e+02
5.358096444396657034e+02
5.358539627780828596e+02
5.359138713957321443e+02
5.360627969524633727e+02
5.359089125581089093e+02
5.361578480806297193e+02
5.361751626738213190e+02
5.360302083321386135e+02
5.362983788460940104e+02
5.362466729045722786e+02
5.358851448267189426e+02
5.363135027300373849e+02
5.362411565752862543e+02
5.360385732774566350e+02
5.363800588645393645e+02
5.363569560041346449e+02
5.363507270274193388e+02
5.360609896291533687e+02
5.363437373755572253e+02
5.360393630012105177e+02
5.364171384889483534e+02
5.365162811648773413e+02
5.364018658257413108e+02
5.364092661450919195e+02
5.361559045281363751e+02
5.362554299803520053e+02
5.364899604152898291e+02
5.365524148796666850e+02
5.366428593650991843e+02
5.361724856330480407e+02
5.366161580134809128e+02
5.366356257240181549e+02
5.365603469749239594e+02
5.366146463060825909e+02
5.361499129153123704e+02
5.366017248939524507e+02
5.367788883652219738e+02
5.363113396067595886e+02
5.366618947904579500e+02
5.368230439759564661e+02
5.367747028806054459e+02
5.366524985669041143e+02
5.368288281243326310e+02
5.368551013634130413e+02
5.365098974559205089e+02
5.368138204538120135e+02
