1.396987590236345333e+01
1.399568884329622520e+01
1.361873733255150754e+01
1.359701080051265976e+01
1.341024614176254559e+01
1.333346271133109617e+01
1.312488434368357559e+01
1.309995613655088853e+01
1.297286335537857660e+01
1.294635512260350119e+01
1.277529324825754742e+01
1.272925342344279542e+01
1.283303148800069593e+01
1.269231225616557523e+01
1.268302310113846687e+01
1.262633161314759001e+01
1.264523540638401577e+01
1.248430563547865724e+01
1.260865444796245249e+01
1.246050341301153530e+01
1.244191680190968619e+01
1.269321356773564169e+01
1.269482472079050339e+01
1.296814827490663902e+01
1.261617049639219879e+01
1.267163918580554416e+01
1.283124773925678674e+01
1.277710463361450088e+01
1.280658227396781612e+01
1.300304713718242766e+01
1.332060057997396285e+01
1.315779994169014167e+01
1.348769368652612499e+01
1.345282213734544108e+01
1.380679783187442489e+01
1.383608990489178048e+01
1.413082803995457049e+01
1.381957695206854098e+01
1.421463473817972201e+01
1.454807733350232546e+01
1.483165484910059462e+01
1.463903917003463384e+01
1.506939602605872253e+01
1.511324504544911207e+01
1.499983083571363274e+01
1.562637193403470448e+01
1.560597638058991521e+01
1.597225170448796305e+01
1.623973868006274301e+01
1.687351775582914115e+01
1.706969709898251253e+01
1.714150633433562732e+01
1.765506886986462476e+01
1.745730227174330551e+01
1.833843895684707093e+01
1.911828781101474206e+01
1.924651106901825415e+01
2.096478594216821278e+01
2.038993981930729049e+01
2.016158641168491883e+01
2.247993522104489372e+01
2.126716194548813021e+01
2.245483785158583956e+01
2.387774290305671343e+01
2.341585394603021797e+01
2.417300716936087568e+01
2.467265534624559109e+01
2.496728880769947168e+01
2.584365515906881683e+01
2.596855129366119286e+01
2.724352479028090812e+01
2.886501603896065760e+01
2.929018956039271160e+01
2.892863103056565421e+01
3.102549299013569595e+01
3.103941355789821444e+01
3.132056525058462171e+01
3.219892727135223254e+01
3.222241373633361405e+01
3.367710434789180596e+01
3.406720021299909718e+01
3.591890377941416546e+01
3.734112549774957301e+01
3.599566675027102747e+01
