5.013657210220200966e+01
5.019872493428332660e+01
5.073476276111694716e+01
5.127226712547420817e+01
5.210297446129034427e+01
5.261483838678147151e+01
5.321254618955180860e+01
5.361080212892883168e+01
5.407537612407042360e+01
5.449651580050439037e+01
5.491632484544737736e+01
5.533459868533995518e+01
5.565380025357240612e+01
5.617975395328450361e+01
5.643901755143959065e+01
5.685900934076873625e+01
5.716576611708624966e+01
5.748242474167798832e+01
5.768781744047435467e+01
5.782475599892907780e+01
5.800625523219394353e+01
5.822315638146711336e+01
5.849612969509885119e+01
5.847982497824673942e+01
5.865794741383936639e+01
5.890167925751637767e+01
5.883813977127952910e+01
5.901332110021158428e+01
5.921788518622997088e+01
5.915235411587264025e+01
5.909127946662729158e+01
5.929529954858262641e+01
5.929739325453478926e+01
5.921218716134772819e+01
5.893562606919439162e+01
5.898960769198036047e+01
5.922549301905268493e+01
5.921646042640990970e+01
5.903767357583481612e+01
5.896759792786684073e+01
5.889068413071927921e+01
5.919722592937036154e+01
5.904609001886772290e+01
5.904114101461755837e+01
5.905536228074748806e+01
5.884666706414866866e+01
5.891858978116890455e+01
5.881823420813686454e+01
5.838064683421551138e+01
5.875825590331394466e+01
5.859375529500292146e+01
5.826467309673375894e+01
5.847936443473912504e+01
5.838648006697840032e+01
5.825851677804595852e+01
5.787984433389795669e+01
5.800929175212941402e+01
5.742794030051079801e+01
5.778345755800104655e+01
5.801172020312719724e+01
5.731397292560451717e+01
5.767807298970625141e+01
5.723397842384272849e+01
5.666863610731513035e+01
5.715412534775499864e+01
5.699264074549346759e+01
5.727173679130704187e+01
5.643735726107845352e+01
5.684857610280069196e+01
5.655510568122167570e+01
5.643999317582998287e+01
5.622433626304681553e+01
5.564346582836820687e+01
5.599905491290098070e+01
5.625007792461851608e+01
5.497537161355950275e+01
5.559731705252801959e+01
5.602672791201437974e+01
5.583550760078056641e+01
5.545670867754039790e+01
5.543241528519289574e+01
5.531246175211108351e+01
5.474128070776131949e+01
5.521265575862146591e+01
