9.041696833323406679e+01
9.055365300990322908e+01
9.080413483082399750e+01
9.088506990057398127e+01
9.126794813094916492e+01
9.135211876479409909e+01
9.157760134010632669e+01
9.167608040586250695e+01
9.189531003088865191e+01
9.195094663482819897e+01
9.198271218240734015e+01
9.222469547126033262e+01
9.234670105223618464e+01
9.230306571886096378e+01
9.257403780609010369e+01
9.247171418453632441e+01
9.274416608403915063e+01
9.284386543187471830e+01
9.284166387869287007e+01
9.288188003906088852e+01
9.279291970324032945e+01
9.300714784631938414e+01
9.338830970396547571e+01
9.293203437602352324e+01
9.347985511215362919e+01
9.303622809132127713e+01
9.314802430926006593e+01
9.315326191215827123e+01
9.324340139027815155e+01
9.311944372082813004e+01
9.310671515042798774e+01
9.317654001370935646e+01
9.330535903206478565e+01
9.322975737232805216e+01
9.322315199208964032e+01
9.312208773579573062e+01
9.297610947995646313e+01
9.289835256495879889e+01
9.313161425511339075e+01
9.292239997496804449e+01
9.290731158135440637e+01
9.296261780936561081e+01
9.321231067083807886e+01
9.242330565527565511e+01
9.265244457812637791e+01
9.261315558857008057e+01
9.233796788472167805e+01
9.221430737458916838e+01
9.264270666054795811e+01
9.212242528004348685e+01
9.210183502020817059e+01
9.243163100498487950e+01
9.182037097597931563e+01
9.181850484327163997e+01
9.174680129824422181e+01
9.203709040339114722e+01
9.152563307266848369e+01
9.192698256526270484e+01
9.113735120376543364e+01
9.128155164599111515e+01
9.117528242173527531e+01
9.120592840401849344e+01
9.167132378969408535e+01
9.102179516638638290e+01
9.074806903317850981e+01
9.056163275097901533e+01
9.111184954880455678e+01
9.082187588097787057e+01
9.044503850400991496e+01
9.008698816778156981e+01
9.002947625643476215e+01
8.992841917615133696e+01
9.039977061555536864e+01
8.981328878382758774e+01
8.979247028274824061e+01
8.998769117925058936e+01
8.955215664048263591e+01
8.954141766407957448e+01
8.940197470025093196e+01
8.945461551238174991e+01
8.930715827811091856e+01
8.912924573263754269e+01
8.972024211646424874e+01
8.892185196590986607e+01
