9.999999999999951683e+01
9.974708988026411305e+01
9.999999999999998579e+01
9.999999999999998579e+01
9.999999999999998579e+01
9.999999999999998579e+01
9.999999999999998579e+01
9.999999999999998579e+01
9.999999999999998579e+01
9.999999999999998579e+01
9.999999999999998579e+01
9.999999999999998579e+01
9.999999999999998579e+01
9.999999999999998579e+01
9.999999999999998579e+01
9.999999999999998579e+01
9.999999999999998579e+01
9.999999999999998579e+01
9.999999999999998579e+01
9.999999999999998579e+01
9.999999999999998579e+01
9.999999999999998579e+01
9.999999999999998579e+01
9.999999999999998579e+01
9.999999999999998579e+01
9.999999999999998579e+01
9.999999999999998579e+01
9.999999999999998579e+01
9.999999999999998579e+01
9.999999999999998579e+01
9.999999999999998579e+01
9.999999999999998579e+01
9.999999999999998579e+01
9.999999999999998579e+01
9.999999999999998579e+01
9.999999999999998579e+01
9.999999999999998579e+01
9.999999999999998579e+01
9.999999999999998579e+01
9.999999999999998579e+01
9.999999999999998579e+01
9.999999999999998579e+01
9.999999999999998579e+01
9.999999999999998579e+01
9.999999999999307931e+01
9.999999999898246017e+01
9.999999999999998579e+01
9.999999999999974420e+01
9.999999999999998579e+01
9.999999999999904787e+01
9.999999999999998579e+01
9.999999999999998579e+01
9.999999999999991473e+01
9.999999999985836041e+01
9.999999999999690203e+01
9.999999999999998579e+01
9.999999999999998579e+01
9.999999999999998579e+01
9.999999999999998579e+01
9.999999999999998579e+01
9.999999999999988631e+01
9.999999999999998579e+01
9.999999999999998579e+01
9.999999999999968736e+01
9.999999999999998579e+01
9.999999999999998579e+01
9.999999999999998579e+01
9.999999999999998579e+01
9.999999999999998579e+01
9.999999999999998579e+01
9.999999999999998579e+01
9.999999999999998579e+01
9.999999999999998579e+01
9.999999999999998579e+01
9.999999999999998579e+01
9.999999999999990052e+01
9.999999999999998579e+01
9.999999999999998579e+01
9.999999999999974420e+01
9.999999999999998579e+01
9.999999999999998579e+01
9.999999999999998579e+01
9.999999999999747047e+01
9.999999999999998579e+01
