3.544937802265533221e-09
3.544148989527364980e-09
3.543421195217489978e-09
3.542844335108809526e-09
3.542274616132521921e-09
3.541659804987741814e-09
3.540854232347578545e-09
3.539966314294495952e-09
3.539808855802341173e-09
3.539409846200912719e-09
3.538338878673623725e-09
3.538287758416327293e-09
3.538012228522519018e-09
3.537618876323675597e-09
3.536853203858025828e-09
3.536988604695368503e-09
3.535969564276009515e-09
3.536011730768863270e-09
3.536003389148753597e-09
3.535710891928322223e-09
3.536047595267757272e-09
3.536007767741497350e-09
3.535381240740913108e-09
3.535811762129474741e-09
3.535711775625965756e-09
3.534648457039521989e-09
3.535385214240064637e-09
3.534937917435074670e-09
3.535121696795641908e-09
3.535890962159446821e-09
3.534833634062076493e-09
3.534804907003557658e-09
3.534493376386302287e-09
3.534839030965395656e-09
3.534366564819304430e-09
3.535417498858351176e-09
3.535618839462084076e-09
3.533906498677215748e-09
3.535678667862001579e-09
3.534395905073128529e-09
3.534745434982357119e-09
3.535409972310800144e-09
3.534462507914584233e-09
3.534419241490620624e-09
3.534297235274998959e-09
3.534102993671751247e-09
3.534079666193655040e-09
3.534163219147404260e-09
3.534416024840653433e-09
3.534824725259719675e-09
3.533505960230339946e-09
3.533577835445287542e-09
3.533807235682678786e-09
3.533860897339225818e-09
3.534797351423803052e-09
3.533840645131516908e-09
3.534785611872530151e-09
3.532284799694627672e-09
3.533985591441690727e-09
3.533848824134926441e-09
3.533676401994356272e-09
3.534604530060796009e-09
3.533024354447226143e-09
3.533621227511093715e-09
3.534701303361995162e-09
3.532954034732300541e-09
3.533677488630794741e-09
3.533240184707044048e-09
3.533421452295493648e-09
3.533957960611132696e-09
3.533488242964892817e-09
3.533485684481147730e-09
3.532977480625580027e-09
3.534729399271015724e-09
3.533443413325674527e-09
3.532344020245378935e-09
3.533558582082563914e-09
3.533491058495712636e-09
3.532884137601155690e-09
3.533018031294929721e-09
3.533091593919725301e-09
3.533142750816369476e-09
3.532334394674222957e-09
3.533096329643178808e-09
