3.673116899024772745e-09
3.673835407066886852e-09
3.674579466425634967e-09
3.675153676832251383e-09
3.675800953852764884e-09
3.676435469228067253e-09
3.677120102494864663e-09
3.677836821485788939e-09
3.678421450578654454e-09
3.679361019185427682e-09
3.680430695233880119e-09
3.681165781650068815e-09
3.682095178201964913e-09
3.683308377596878599e-09
3.684765669311072938e-09
3.685946045030112410e-09
3.686652255946697145e-09
3.688232075414513885e-09
3.688790361144805134e-09
3.689384858635972212e-09
3.690770959181544696e-09
3.691474204167313972e-09
3.692760302254850993e-09
3.693553733754138737e-09
3.694668147500558234e-09
3.694761249194575637e-09
3.695113717970461598e-09
3.696099048285315174e-09
3.696825856524725670e-09
3.697373614008763516e-09
3.697177189472599506e-09
3.698449368728229732e-09
3.698846190394762111e-09
3.699563581782409834e-09
3.699332805536302415e-09
3.699688424917098703e-09
3.699974835300090915e-09
3.700990632119970615e-09
3.701370462054388242e-09
3.701304056710248855e-09
3.701602128530164049e-09
3.702514653612240764e-09
3.702891181833691194e-09
3.702641416718956320e-09
3.703449212199735530e-09
3.703030027356813537e-09
3.703557193749534105e-09
3.703791450336574140e-09
3.703815550282409350e-09
3.704549769249212414e-09
3.704395053398157448e-09
3.705554775012014965e-09
3.705244630895915253e-09
3.705138250218234387e-09
3.705213828840174669e-09
3.705157756553082970e-09
3.706454507231075958e-09
3.706363446805291031e-09
3.706334643028987287e-09
3.706800663637135181e-09
3.707058335732332717e-09
3.706755050181343428e-09
3.707182574542499231e-09
3.707121481237070000e-09
3.707241608658788724e-09
3.707517769326073441e-09
3.707839456387566568e-09
3.707883589580101911e-09
3.708017916431102385e-09
3.708191671005414033e-09
3.708445718131562685e-09
3.708555830568077966e-09
3.707876730553080185e-09
3.708500990329456763e-09
3.709108664030321370e-09
3.708800347059246324e-09
3.708588891751878922e-09
3.708913086788083819e-09
3.708646307749836204e-09
3.708659430161578603e-09
3.708585917589099318e-09
3.709287209131600046e-09
3.709240396568626546e-09
3.709162572565548349e-09
