3.783364958196378398e-09
3.783261724526980235e-09
3.783595792023673076e-09
3.784040522228845951e-09
3.784281181280290268e-09
3.785069940580469633e-09
3.785709090187322524e-09
3.786753959599528198e-09
3.787069380291122455e-09
3.788408515996522530e-09
3.789965169320328525e-09
3.790703444157890941e-09
3.791986051480211411e-09
3.794090066059641790e-09
3.796403101570225373e-09
3.798213408271683399e-09
3.799259168909996183e-09
3.801634375742842499e-09
3.802021296794370795e-09
3.803064096485802536e-09
3.805511669374815878e-09
3.806422186169186178e-09
3.808597551090529592e-09
3.809779881303076989e-09
3.811849493525537891e-09
3.811010525461346563e-09
3.811593156273564246e-09
3.813194595913716152e-09
3.814416492334428618e-09
3.815264920933730898e-09
3.814555254185127179e-09
3.816352313422777951e-09
3.816942720520815220e-09
3.817803621847953527e-09
3.817657210374838143e-09
3.817895111852806974e-09
3.818292874608579934e-09
3.819556613857634114e-09
3.820327023098164599e-09
3.820015549701930053e-09
3.820073036321733701e-09
3.821992181275618947e-09
3.822345489777579104e-09
3.821755302967002554e-09
3.823112905463632314e-09
3.822041889605341904e-09
3.823207469971331755e-09
3.823074433559089961e-09
3.823471998492114727e-09
3.824475577033096464e-09
3.823852610121844561e-09
3.825991251968637254e-09
3.824801560225364310e-09
3.824709607935332623e-09
3.824622689519643151e-09
3.824306420313803970e-09
3.826817368319938578e-09
3.826485855382599912e-09
3.826363767674864421e-09
3.827184440542797925e-09
3.827447616535007621e-09
3.826776300068450801e-09
3.827219796584579401e-09
3.826999366450175499e-09
3.827529126208849653e-09
3.827945220905048921e-09
3.828218408442185218e-09
3.828248990491185367e-09
3.828503857255813836e-09
3.828396892399170091e-09
3.829040858635168894e-09
3.829403971126774816e-09
3.828098040332612220e-09
3.829217309886214222e-09
3.829982821670804120e-09
3.829681592879582600e-09
3.829202391145117478e-09
3.829812081706568930e-09
3.829115726940737760e-09
3.829469405224474224e-09
3.828709030703337744e-09
3.830444934777646428e-09
3.830732843346483970e-09
3.829887563667783133e-09
