1.472735302075597019e+01
1.462412642657789341e+01
1.445322991251387634e+01
1.454656457867749531e+01
1.463485579472282438e+01
1.443473583970298613e+01
1.419053119091935145e+01
1.418290092046555984e+01
1.423659905003597181e+01
1.419004125311048625e+01
1.398265618169952695e+01
1.402296055489367710e+01
1.422735603081144085e+01
1.389553663739518719e+01
1.369728724984009105e+01
1.400170291405833289e+01
1.340529847168221167e+01
1.315400426191348693e+01
1.319117932486871325e+01
1.317311564250027089e+01
1.308719096299134854e+01
1.338595693667520159e+01
1.285759128296913545e+01
1.288737494496536407e+01
1.273933396163444876e+01
1.276342114046698661e+01
1.292603406447686254e+01
1.234827723632651697e+01
1.200238666021988365e+01
1.257258952699041998e+01
1.247095093842962044e+01
1.180228173314391960e+01
1.212449179099899155e+01
1.182222075910907932e+01
1.161355213296524092e+01
1.228688499813986112e+01
1.236673469232698785e+01
1.135362747956155971e+01
1.157350500230248969e+01
1.200822207146807052e+01
1.164413062469856541e+01
1.203857361156031835e+01
1.163944448116820141e+01
1.142055707694932032e+01
1.115985959981202136e+01
1.189048796633760219e+01
1.124821896524389686e+01
1.074595011458822036e+01
1.161299523298267999e+01
1.119194508213644568e+01
1.101710368341737478e+01
1.076184152155911988e+01
1.098700422523407738e+01
1.071160894042761846e+01
1.106770718745857707e+01
1.040347276313462110e+01
1.024081146978641144e+01
9.600762552552195572e+00
1.017119123647023393e+01
1.028736223175557640e+01
9.873425176078894694e+00
1.030491974507551589e+01
1.000072181560469353e+01
9.794183598945807034e+00
9.297241425527406733e+00
9.456191276982167437e+00
9.679599354208475503e+00
9.548435963063031551e+00
8.897454888279815677e+00
9.275851867894061797e+00
8.623265746370083917e+00
8.610060142029709596e+00
9.355029015302713802e+00
8.855775784934154515e+00
8.547295835636337102e+00
8.828996277222255884e+00
9.195490506862928015e+00
9.022132159895514647e+00
8.717211152398466112e+00
8.076657038072262651e+00
7.949741316421884640e+00
7.550143450121663768e+00
7.741607351862389130e+00
7.776726109156947508e+00
