4.970294744996336789e+01
5.007573375145916827e+01
5.055390279723668101e+01
5.078797309519122649e+01
5.117937472084700801e+01
5.163311939166352715e+01
5.210404054894787862e+01
5.255889111500595590e+01
5.280296314961380233e+01
5.338322960493146496e+01
5.418702981037093025e+01
5.440004498517748033e+01
5.489091250473043715e+01
5.568868184218361250e+01
5.653980855515970205e+01
5.726738439773551903e+01
5.748717344472701996e+01
5.832515916658876165e+01
5.844742855162130724e+01
5.857779435002724711e+01
5.907407554327338772e+01
5.919787368397103933e+01
5.992514204129833644e+01
6.013077816229958472e+01
6.050691892882786505e+01
6.036819728503717641e+01
6.027479025947743452e+01
6.083833745611868693e+01
6.090045000475480208e+01
6.090678517458640329e+01
6.045767233863389123e+01
6.118272181948783128e+01
6.122293240180760421e+01
6.133870766049847134e+01
6.098532829774871544e+01
6.090606852547909256e+01
6.077720272204251017e+01
6.129583768259781351e+01
6.134119700670147068e+01
6.094393468144013326e+01
6.086638623188542141e+01
6.126774372603644991e+01
6.143820097409015801e+01
6.099857434472144746e+01
6.126065635599663040e+01
6.083897832639126335e+01
6.087802425979145227e+01
6.098051986155943638e+01
6.074002406428111556e+01
6.110973012876590360e+01
6.087701078315469516e+01
6.132385751933922080e+01
6.099312190275069412e+01
6.074245746561503978e+01
6.081879828157412504e+01
6.052630714988875127e+01
6.113766411835935344e+01
6.097766132780856196e+01
6.067883845475783744e+01
6.088339698302488046e+01
6.106882255000627424e+01
6.060653987799008746e+01
6.076089870979502905e+01
6.062691900092313091e+01
6.059511962587335177e+01
6.068055543444803135e+01
6.082140952099257447e+01
6.065710644766011228e+01
6.059820221841381027e+01
6.052812829512055259e+01
6.074531771835807348e+01
6.096105230583307133e+01
6.010232979799667419e+01
6.048415707742381642e+01
6.095409033653256614e+01
6.055254150687682113e+01
6.026249069526831903e+01
6.035470290108464297e+01
6.022392065243850823e+01
6.013723098927911082e+01
6.025438198734883599e+01
6.037057348739153895e+01
6.036454736448877156e+01
6.023456504077879714e+01
