9.123758601112450606e+01
9.134099242478583847e+01
9.138160989900768527e+01
9.112945409513154971e+01
9.120227535866891344e+01
9.108758511806567526e+01
9.107578883134097225e+01
9.082348356837059100e+01
9.075758998784036180e+01
9.050593168335547034e+01
9.007925022431648188e+01
8.963577018210382619e+01
8.930880815850481724e+01
8.874543482890321400e+01
8.798287291919722009e+01
8.761652124548835729e+01
8.722333492887653961e+01
8.645675381225068179e+01
8.636839844654039666e+01
8.570986940620126404e+01
8.507076717459473514e+01
8.453770537916881267e+01
8.395759383588605829e+01
8.356001312796308866e+01
8.280062710795465364e+01
8.306891148473778230e+01
8.259172572168789372e+01
8.221300317924462320e+01
8.172692246006876360e+01
8.145417060328801995e+01
8.116227371260917778e+01
8.089379659482975171e+01
8.079764048138800092e+01
8.041704810716511531e+01
8.008857082136289307e+01
8.017874702736789061e+01
7.963613469725257232e+01
7.947993641884326621e+01
7.912077483838299941e+01
7.919539515043989297e+01
7.918956322489303545e+01
7.848429089547663295e+01
7.868824423978576021e+01
7.864099702776337608e+01
7.797229394859165552e+01
7.817092504285892574e+01
7.769236161041365563e+01
7.795625326420294243e+01
7.759095654879750725e+01
7.731796710248167415e+01
7.776537980512343040e+01
7.684592254442137005e+01
7.731484022377308918e+01
7.715194555186930359e+01
7.730857447203570132e+01
7.766330015583559998e+01
7.698549432146137406e+01
7.694251129019018265e+01
7.677991183385823604e+01
7.661795618356764237e+01
7.663375862508777914e+01
7.663513367601495929e+01
7.664183909552902207e+01
7.670313429250377624e+01
7.642969305801632629e+01
7.650054717810409954e+01
7.645223340758398933e+01
7.631001119134199939e+01
7.623518645326002741e+01
7.617672275580984831e+01
7.608575304758588231e+01
7.576207376978878472e+01
7.646703793797057358e+01
7.583780570887844874e+01
7.606109488828961673e+01
7.564554368444439092e+01
7.583951829611353901e+01
7.568372548836180158e+01
7.604215261332304010e+01
7.580284844105727871e+01
7.651763355401530475e+01
7.595061880619982730e+01
7.572764007051101487e+01
7.630884236107917218e+01
