-1.701903968755693608e-01
-1.700525333811424844e-01
-1.691119075800162908e-01
-1.673895926814929769e-01
-1.687030018177061719e-01
-1.698715087890998454e-01
-1.700702988103567070e-01
-1.689761084244607581e-01
-1.678179089783884137e-01
-1.683552116496354056e-01
-1.677912699941993824e-01
-1.680452509301952335e-01
-1.678809560845024029e-01
-1.648786178509865363e-01
-1.645552745490477531e-01
-1.616129036444413081e-01
-1.621137466069796640e-01
-1.577478561886558051e-01
-1.606245984295193718e-01
-1.565756754542036722e-01
-1.536899162689967790e-01
-1.513165501803629132e-01
-1.522480740637082719e-01
-1.538903851311982374e-01
-1.536697948235541955e-01
-1.510586424661972127e-01
-1.474386912683088302e-01
-1.512339905623619196e-01
-1.476938254516383664e-01
-1.453377636052356758e-01
-1.432363226495104447e-01
-1.459882285874588292e-01
-1.458705275305212379e-01
-1.470182834062974675e-01
-1.449623896181699012e-01
-1.431592943825938657e-01
-1.379670305075507419e-01
-1.415583169501969107e-01
-1.395366441126583423e-01
-1.407370026340994396e-01
-1.365480990591765031e-01
-1.389502255101582595e-01
-1.399513673815866166e-01
-1.389349090591460723e-01
-1.398678081041962729e-01
-1.370689837199679795e-01
-1.358495566335742311e-01
-1.391222479563506698e-01
-1.395363810464139154e-01
-1.399793398868303673e-01
-1.372570104584888706e-01
-1.309338250144235216e-01
-1.348475140974140785e-01
-1.351307674453616214e-01
-1.313937794091077083e-01
-1.377157530872665236e-01
-1.317018068131422803e-01
-1.356058298678062546e-01
-1.375076754897615883e-01
-1.259096516033048341e-01
-1.297651816486850296e-01
-1.313344478224963141e-01
-1.332385080305271974e-01
-1.207985614839899857e-01
-1.304815584839737197e-01
-1.319249523013322489e-01
-1.273975193195118483e-01
-1.266308090631087235e-01
-1.314628843671844238e-01
-1.294640841930368713e-01
-1.302239848628294339e-01
-1.298869564465973125e-01
-1.319694681150165305e-01
-1.303706169900228362e-01
-1.304415257007460194e-01
-1.339690748012586641e-01
-1.301278915109045364e-01
-1.341823330447826923e-01
-1.240587280628248773e-01
-1.250498955457505224e-01
-1.331386134352885164e-01
-1.334692166385820222e-01
-1.242534147417597157e-01
-1.272412710004315883e-01
