2.362971421009283687e-12
9.991491510181482551e-11
9.997259914339293470e-11
9.996248781547882849e-11
9.983685798027105417e-11
9.997235906815507135e-11
9.983581953458543752e-11
9.711149652801280339e-11
9.987132422498369328e-11
9.998319598533670825e-11
9.996591164228230335e-11
9.994168873513271461e-11
9.996637962431951933e-11
9.989464320552459267e-11
9.995831400470851147e-11
9.355892956883526001e-11
9.983383036689205110e-11
9.995894925491077972e-11
9.979890789043838676e-11
9.977782146738147944e-11
9.995489330736458801e-11
9.990073609530268087e-11
9.999764195444071379e-11
9.363838134912228086e-11
