7.741771178244800453e-08
7.740192908461464847e-08
4.581506176071940340e-05
4.581091072218291947e-05
5.320101759444457909e-05
1.490360617461504163e-04
2.590856498283563712e-04
4.096968055417975750e-04
4.248949272032914552e-04
5.999198320444218326e-04
6.074128998005298664e-04
6.073299477690855290e-04
6.911022163351714272e-04
7.079194801061977410e-04
9.020485552212642762e-04
8.864615697543940095e-04
1.083545160523712155e-03
1.095757965636390014e-03
1.169283198983787908e-03
1.183014871267062430e-03
1.274700482144390740e-03
1.274454524614651151e-03
1.274429931106389356e-03
1.281801677120198617e-03
