4.309976665104383642e+02
4.310104054597588288e+02
4.309290524167700482e+02
4.309309199077240464e+02
4.313196442593601319e+02
4.312453677293829628e+02
4.320114470510249021e+02
4.307925731700211713e+02
4.312006269940536640e+02
4.312022893996891071e+02
4.311144706704968144e+02
4.314754951391153668e+02
4.313926370332109741e+02
4.317004834455482296e+02
4.317047583627136760e+02
4.282446544266143746e+02
4.285945846590524866e+02
4.285240906604878433e+02
4.287852093449648692e+02
4.291028453269046850e+02
4.289894767553400925e+02
4.290112465658993983e+02
4.290084162529107630e+02
4.296577866733125575e+02
