7.589604188518795190e-12
3.884510231951509435e-02
5.377181332480173576e-02
3.654189358911794083e-02
4.369821391273168154e-02
4.621266087355090091e-02
3.699918167694946081e-02
5.320111769727007417e-02
5.317252911139071919e-02
4.740161113588742259e-02
4.376974628750014695e-02
4.012281342346112750e-02
4.581837038318302413e-02
3.968040306703399939e-02
3.641452533027875887e-02
4.913959828621626558e-02
4.752210409188833279e-02
4.740269852781418825e-02
3.938935848115478200e-02
5.262590182164297858e-02
4.433344833030765375e-02
4.178634005595505824e-02
3.573650248820272463e-02
3.669072289092294159e-02
