6.336338636924999891e-04
2.042783323756405700e+00
1.941611352084019249e+00
1.882507761997376017e+00
1.811425951997950090e+00
1.720722568830459043e+00
1.706395761797171007e+00
1.744875357155327489e+00
1.582800824067851053e+00
1.646533654492025711e+00
1.573617449635092536e+00
1.550744787155608817e+00
1.539571466081816054e+00
1.474125906745094472e+00
1.490323071135686295e+00
1.446945117982998630e+00
1.479379634193382920e+00
1.361109982401665475e+00
1.331337629642107778e+00
1.377551461651771225e+00
1.339286688863108754e+00
1.338805200293856856e+00
1.227560568373802008e+00
1.258982217908871659e+00
