4.640885291417353073e+02
4.365037030167840157e+02
4.311620957020597302e+02
4.166750946858912812e+02
4.150900322007503860e+02
4.101941534366109749e+02
4.064224424408636196e+02
4.077276231857819084e+02
4.059460241097003745e+02
4.077035417119834619e+02
4.024895535184535902e+02
3.997172362204201477e+02
4.029438298228546387e+02
4.022064784874977477e+02
4.031880511438130839e+02
4.009482720456269931e+02
4.059659479746807165e+02
4.024837108531181684e+02
4.028638618485890106e+02
4.067502911503021323e+02
4.058047889990226622e+02
4.056002219079803695e+02
4.002847057850681267e+02
4.020446917152077049e+02
