5.799999999989863682e+02
5.799999999999998863e+02
5.799999999999998863e+02
5.799999999999998863e+02
5.799999999999998863e+02
5.799999999999998863e+02
5.799999999999998863e+02
5.799999999999998863e+02
5.799999999999998863e+02
5.799999999999998863e+02
5.799999999999998863e+02
5.799999999999998863e+02
5.799999999999998863e+02
5.799999999999998863e+02
5.799999999999998863e+02
5.799999999999998863e+02
5.799999999999998863e+02
5.799999999999998863e+02
5.799999999999998863e+02
5.799999999999998863e+02
5.799999999999998863e+02
5.799999999999998863e+02
5.799999999999998863e+02
5.799999999999998863e+02
