4.789634786473745294e+02
4.712276217043039424e+02
4.708284922672160633e+02
4.705973321469451207e+02
4.712041316572648384e+02
4.717299568598130577e+02
4.710957576209597732e+02
4.707936119296680317e+02
4.707633724023199875e+02
4.714343946160575456e+02
4.714277924493159730e+02
4.706377902460582163e+02
4.715257809623567482e+02
4.711992461287442211e+02
4.708694740098749776e+02
4.705784408779031764e+02
4.710541297413255961e+02
4.713627168115600625e+02
4.709503846783389918e+02
4.712910563233277230e+02
4.709038469230043233e+02
4.711806500988772086e+02
4.715891445038669190e+02
4.709264752234005300e+02
