5.499999999984587475e+02
5.499999999999998863e+02
5.499999999999998863e+02
5.499999999999574811e+02
5.499999999999998863e+02
5.499999999999998863e+02
5.499999999999998863e+02
5.499999999999998863e+02
5.499999999999403144e+02
5.499999999999998863e+02
5.499999999999998863e+02
5.499999999999998863e+02
5.499999999999998863e+02
5.499999999999998863e+02
5.499999999999998863e+02
5.499999999999998863e+02
5.499999999999997726e+02
5.499999999999998863e+02
5.499999999999998863e+02
5.499999999999998863e+02
5.499999999999998863e+02
5.499999999999998863e+02
5.499999999999998863e+02
5.499999999999998863e+02
