1.294999999999994600e+00
1.326460598311220540e+00
1.526589917991335366e+00
1.104063810650039112e+00
1.102791270963642489e+00
1.495891797954030267e+00
1.096500116635377831e+00
1.421467271458074721e+00
1.342797005235283780e+00
1.393499114415647888e+00
1.234847902362856020e+00
1.250175186403941430e+00
1.533716960563398013e+00
1.502063925874056682e+00
1.256047635557321795e+00
1.273343801819250665e+00
1.275345468187588427e+00
1.408680725001233203e+00
1.279429274287049223e+00
1.418419996359616242e+00
1.427363142288897935e+00
1.296071766575677575e+00
1.343342506132350067e+00
1.239699086860138078e+00
