1.774031138962125453e+02
1.770059677969769893e+02
1.779418821921675828e+02
1.773337624415045468e+02
1.770107603652810724e+02
1.774403268569597003e+02
1.772302141114633969e+02
1.772356522878587270e+02
1.776442109363401585e+02
1.778708648530207483e+02
1.774492090698899744e+02
1.769019886673922315e+02
1.774611615743731079e+02
1.773779528497586568e+02
1.770560760722535179e+02
1.764618447066188480e+02
1.776870118107638916e+02
1.775299103897317536e+02
1.769651881852961708e+02
1.778957411582925374e+02
1.776925951934519503e+02
1.775639806310723259e+02
1.768790938512015884e+02
1.772531777125023211e+02
