9.999999998698488071e+02
2.206181343379348903e+01
2.202641374559869192e+01
2.165780990239235138e+01
2.112490011061036554e+01
2.138039711462820591e+01
2.123909866873678709e+01
2.112085383452555121e+01
2.067325271405311682e+01
2.081046710866515426e+01
2.041297948913226534e+01
1.998523704432827230e+01
2.014145573587659754e+01
2.022270578043461953e+01
2.019179228312585650e+01
1.950085071471433906e+01
1.992621218963851604e+01
1.930233191399467785e+01
1.916250754403027301e+01
1.948825775653781633e+01
1.926315140024438577e+01
1.888965816168263245e+01
1.860077115901627209e+01
1.868364200670867703e+01
