-7.299729978374552841e-01
-6.516335559103800801e-01
-6.298944149270242487e-01
-5.907141125140963345e-01
-5.854662069610540032e-01
-5.646170313367840921e-01
-5.518768689029188712e-01
-5.512885835513586796e-01
-5.516923022112087960e-01
-5.381764711083993902e-01
-5.361210224542013458e-01
-5.357493995546750432e-01
-5.372550477760204002e-01
-5.354256301751438851e-01
-5.292384185139098474e-01
-5.326184005753404893e-01
-5.341114228014917087e-01
-5.342382413717676748e-01
-5.291156040842093233e-01
-5.409608103196078543e-01
-5.387011664842644709e-01
-5.384324044086885586e-01
-5.306846457486724677e-01
-5.382970629936160156e-01
