4.550000000000000568e+02
4.550000000454999736e+02
4.550000000454999736e+02
4.550000000454999736e+02
4.550000000454999736e+02
4.550000000454999736e+02
4.550000000454999736e+02
4.550000000454999736e+02
4.550000000454999736e+02
4.550000000454999736e+02
4.550000000454999736e+02
4.550000000454999736e+02
4.550000000454999736e+02
4.550000000454999736e+02
4.550000000454999736e+02
4.550004066244455885e+02
4.550004066244455885e+02
4.550004066244458727e+02
4.550004066244458727e+02
4.550004066244458727e+02
4.550004066244462706e+02
4.550004066244462706e+02
4.550012500375419791e+02
4.550012500375420359e+02
