5.499999999999998863e+02
5.499999999450000132e+02
5.499999999449995585e+02
5.499999999449995585e+02
5.499999999449995585e+02
5.499999999449995585e+02
5.499999999449995585e+02
5.499999999449995585e+02
5.499999999449995585e+02
5.499999999449995585e+02
5.499999999449995585e+02
5.499999999449995585e+02
5.499999999449995585e+02
5.499999999449995585e+02
5.499999999449995585e+02
5.499999999450013775e+02
5.499999999450000132e+02
5.499999999450000132e+02
5.499999999450000132e+02
5.499999999450000132e+02
5.499999999450000132e+02
5.499999999450000132e+02
5.499999999450009227e+02
5.499999999450000132e+02
