5.799999999999921556e+02
5.799999999475495542e+02
5.799999999439655767e+02
5.799999999445874437e+02
5.799999999530847390e+02
5.799999999441857881e+02
5.799999999525945213e+02
5.799999999999998863e+02
5.799999999511586566e+02
5.799999999432687900e+02
5.799999999448236849e+02
5.799999999463992708e+02
5.799999999448363042e+02
5.799999999500140575e+02
5.799999999454348654e+02
5.799999999999998863e+02
5.799999999515362106e+02
5.799999999448014023e+02
5.799999999542053502e+02
5.799999999549698941e+02
5.799999999451347321e+02
5.799999999485704620e+02
5.799999999420464292e+02
5.799999999555832346e+02
