5.309976665104383073e+02
5.309976665104383073e+02
5.309976665104383073e+02
5.309976665104383073e+02
5.309976665104383073e+02
5.309976665104383073e+02
5.309976665104383073e+02
5.309976665104383073e+02
5.309976665104383073e+02
5.309976665104383073e+02
5.309976665104383073e+02
5.309976665104383073e+02
5.309976665104383073e+02
5.309976665104383073e+02
5.309976665104383073e+02
5.309976665104383073e+02
5.309976665104383073e+02
5.309976665104383073e+02
5.309976665104383073e+02
5.309976665104383073e+02
5.309976665104383073e+02
5.309976665104383073e+02
5.309976665104383073e+02
5.309976665104383073e+02
