5.807944493657104204e+02
5.807840131168709377e+02
5.807709044818454913e+02
5.808069528027838260e+02
5.808803099511469554e+02
5.809121724617286873e+02
5.809104877036227208e+02
5.809263540119334266e+02
5.809636408729461436e+02
5.809299719975782637e+02
5.810264925064063846e+02
5.810422071672074935e+02
5.810189679477933851e+02
5.810760804498892185e+02
5.810958504462244036e+02
5.811130798002790243e+02
5.810973314748099483e+02
5.811932841445330951e+02
5.812032633848505156e+02
5.811831111045418083e+02
5.812258965900905423e+02
5.812574137647407042e+02
5.812900810058347361e+02
5.812798456827789551e+02
