1.842979045131166913e+02
1.839228094540821417e+02
1.838237301746090111e+02
1.836555512264109495e+02
1.834584559789258265e+02
1.834748462917299037e+02
1.835214821063644308e+02
1.833889841741013242e+02
1.832440810275130900e+02
1.835256929160399011e+02
1.834076073025037772e+02
1.833118983290767403e+02
1.835073678731519351e+02
1.833302688544797263e+02
1.833905658500760580e+02
1.833554136874754761e+02
1.833304187278025665e+02
1.832546675543981110e+02
1.832639051255195284e+02
1.833834462051628407e+02
1.833049336996861882e+02
1.833335431599607261e+02
1.833483097329722113e+02
1.834116682194464261e+02
