-8.315457218568155229e-01
-8.315457218568155229e-01
-8.315457218568155229e-01
-8.315457218568155229e-01
-8.315457218568155229e-01
-8.315457218568155229e-01
-8.315457218568155229e-01
-8.315457218568155229e-01
-8.315457218568155229e-01
-8.315457218568155229e-01
-8.315457218568155229e-01
-8.315457218568155229e-01
-8.315457218568155229e-01
-8.315457218568155229e-01
-8.315457218568155229e-01
-8.315457218568155229e-01
-8.315457218568155229e-01
-8.315457218568155229e-01
-8.315457218568155229e-01
-8.315457218568155229e-01
-8.315457218568155229e-01
-8.315457218568155229e-01
-8.315457218568155229e-01
-8.315457218568155229e-01
