3.504076337067191426e-09
3.504076337242394897e-09
3.504076337242394897e-09
3.504076337242394897e-09
3.504076337242394897e-09
3.504076337242394897e-09
3.504076337242394897e-09
3.504076337242394897e-09
3.504076337242394897e-09
3.504076337242394897e-09
3.504076337242394897e-09
3.504076337242394897e-09
3.504076337242394897e-09
3.504076337242394897e-09
3.504076337242394897e-09
3.504077902828487354e-09
3.504077902828487354e-09
3.504077902828487767e-09
3.504077902828487767e-09
3.504077902828487767e-09
3.504077902828490249e-09
3.504077902828490249e-09
3.504081150500116827e-09
3.504081150500117240e-09
