3.852558173016538370e-09
3.852558172823911166e-09
3.852558172823909512e-09
3.852558172823909512e-09
3.852558172823909512e-09
3.852558172823909512e-09
3.852558172823909512e-09
3.852558172823909512e-09
3.852558172823909512e-09
3.852558172823909512e-09
3.852558172823909512e-09
3.852558172823909512e-09
3.852558172823909512e-09
3.852558172823909512e-09
3.852558172823909512e-09
3.852558172823916130e-09
3.852558172823911166e-09
3.852558172823911166e-09
3.852558172823911166e-09
3.852558172823911166e-09
3.852558172823911166e-09
3.852558172823911166e-09
3.852558172823914475e-09
3.852558172823911166e-09
