3.956232964083676170e-09
3.956232963904819042e-09
3.956232963892595794e-09
3.956232963894715858e-09
3.956232963923696958e-09
3.956232963893346047e-09
3.956232963922024399e-09
3.956232964083702640e-09
3.956232963917127490e-09
3.956232963890218477e-09
3.956232963895522359e-09
3.956232963900895724e-09
3.956232963895565373e-09
3.956232963913224024e-09
3.956232963897606027e-09
3.956232964083702640e-09
3.956232963918415410e-09
3.956232963895446259e-09
3.956232963927518532e-09
3.956232963930125806e-09
3.956232963896583632e-09
3.956232963908300645e-09
3.956232963886050314e-09
3.956232963932217745e-09
