4.700421000000000049e+02
4.701419000000000210e+02
4.702416999999999803e+02
4.703414999999999964e+02
4.704413000000000125e+02
4.705410999999999717e+02
4.706408999999999878e+02
4.707405999999999722e+02
4.708403999999999883e+02
4.709400999999999726e+02
4.710398999999999887e+02
4.711395999999999731e+02
4.712393000000000143e+02
4.713389999999999986e+02
4.714386999999999830e+02
4.715384000000000242e+02
4.716381000000000085e+02
4.717377999999999929e+02
4.718374999999999773e+02
4.719370999999999867e+02
4.720368000000000279e+02
4.721363999999999805e+02
4.722359999999999900e+02
4.723355999999999995e+02
4.724352999999999838e+02
4.725348999999999933e+02
4.726345000000000027e+02
4.727339999999999804e+02
4.728335999999999899e+02
4.729331999999999994e+02
4.730326999999999771e+02
4.731322999999999865e+02
4.732318000000000211e+02
4.733312999999999988e+02
4.734309000000000083e+02
4.735303999999999860e+02
4.736299000000000206e+02
4.737293999999999983e+02
4.738288000000000011e+02
4.739282999999999788e+02
4.740278000000000134e+02
4.741272000000000162e+02
4.742266999999999939e+02
4.743260999999999967e+02
4.744254999999999995e+02
4.745249000000000024e+02
4.746243999999999801e+02
4.747237000000000080e+02
4.748231000000000108e+02
4.749225000000000136e+02
4.750219000000000165e+02
4.751213000000000193e+02
4.752205999999999904e+02
4.753199000000000183e+02
4.754193000000000211e+02
4.755185999999999922e+02
4.756179000000000201e+02
4.757171999999999912e+02
4.758165000000000191e+02
4.759157999999999902e+02
4.760151000000000181e+02
4.761143999999999892e+02
4.762135999999999854e+02
4.763129000000000133e+02
4.764121000000000095e+02
4.765113999999999805e+02
4.766105999999999767e+02
4.767097999999999729e+02
4.768090000000000259e+02
4.769082000000000221e+02
4.770074000000000183e+02
4.771066000000000145e+02
4.772056999999999789e+02
4.773048999999999751e+02
4.774041000000000281e+02
4.775031999999999925e+02
4.776023000000000138e+02
4.777015000000000100e+02
4.778005999999999744e+02
4.778996999999999957e+02
4.779988000000000170e+02
4.780978999999999814e+02
4.781970000000000027e+02
4.782959999999999923e+02
4.783951000000000136e+02
4.784941000000000031e+02
4.785932000000000244e+02
4.786922000000000139e+02
4.787912000000000035e+02
4.788903000000000247e+02
4.789893000000000143e+02
4.790883000000000038e+02
4.791872999999999934e+02
4.792862000000000080e+02
4.793851999999999975e+02
4.794841999999999871e+02
4.795831000000000017e+02
4.796820999999999913e+02
4.797810000000000059e+02
4.798799000000000206e+02
4.799789000000000101e+02
4.800778000000000247e+02
4.801766999999999825e+02
4.802755999999999972e+02
4.803743999999999801e+02
4.804732999999999947e+02
4.805722000000000094e+02
4.806709999999999923e+02
4.807699000000000069e+02
4.808686999999999898e+02
4.809674999999999727e+02
4.810663999999999874e+02
4.811652000000000271e+02
4.812640000000000100e+02
4.813627999999999929e+02
4.814615000000000009e+02
4.815602999999999838e+02
4.816591000000000236e+02
4.817577999999999747e+02
4.818566000000000145e+02
4.819553000000000225e+02
4.820541000000000054e+02
4.821528000000000134e+02
4.822515000000000214e+02
4.823501999999999725e+02
4.824488999999999805e+02
4.825475999999999885e+02
4.826462999999999965e+02
4.827448999999999728e+02
4.828435999999999808e+02
4.829422000000000139e+02
4.830409000000000219e+02
4.831394999999999982e+02
4.832380999999999744e+02
4.833367000000000075e+02
4.834352999999999838e+02
4.835339000000000169e+02
4.836324999999999932e+02
4.837311000000000263e+02
4.838297000000000025e+02
4.839282000000000039e+02
4.840267999999999802e+02
4.841252999999999815e+02
4.842239000000000146e+02
4.843224000000000160e+02
4.844209000000000174e+02
4.845194000000000187e+02
4.846179000000000201e+02
4.847164000000000215e+02
4.848149000000000228e+02
4.849134000000000242e+02
4.850117999999999938e+02
4.851102999999999952e+02
4.852087000000000216e+02
4.853072000000000230e+02
4.854055999999999926e+02
4.855040000000000191e+02
4.856023999999999887e+02
4.857008000000000152e+02
4.857991999999999848e+02
4.858976000000000113e+02
4.859959999999999809e+02
4.860944000000000074e+02
4.861927000000000021e+02
4.862910999999999717e+02
4.863894000000000233e+02
4.864877999999999929e+02
4.865860999999999876e+02
4.866843999999999824e+02
4.867826999999999771e+02
4.868809999999999718e+02
4.869793000000000234e+02
4.870776000000000181e+02
4.871757999999999811e+02
4.872740999999999758e+02
4.873724000000000274e+02
4.874705999999999904e+02
4.875688000000000102e+02
4.876671000000000049e+02
4.877653000000000247e+02
4.878634999999999877e+02
4.879617000000000075e+02
4.880599000000000274e+02
4.881580999999999904e+02
4.882563000000000102e+02
4.883543999999999983e+02
4.884526000000000181e+02
4.885507000000000062e+02
4.886489000000000260e+02
4.887470000000000141e+02
4.888451000000000022e+02
4.889431999999999903e+02
4.890414000000000101e+02
4.891394999999999982e+02
4.892375000000000114e+02
4.893355999999999995e+02
4.894336999999999875e+02
4.895317999999999756e+02
4.896297999999999888e+02
4.897278999999999769e+02
4.898258999999999901e+02
4.899239000000000033e+02
4.900219000000000165e+02
4.901200000000000045e+02
4.902180000000000177e+02
4.903159999999999741e+02
4.904139000000000124e+02
4.905119000000000256e+02
4.906098999999999819e+02
4.907078000000000202e+02
4.908057999999999765e+02
4.909037000000000148e+02
4.910017000000000280e+02
4.910996000000000095e+02
4.911974999999999909e+02
4.912953999999999724e+02
4.913933000000000106e+02
4.914911999999999921e+02
4.915890999999999735e+02
4.916870000000000118e+02
4.917848000000000184e+02
4.918826999999999998e+02
4.919805000000000064e+02
4.920783999999999878e+02
4.921761999999999944e+02
4.922740000000000009e+02
4.923718999999999824e+02
4.924696999999999889e+02
4.925674999999999955e+02
4.926652000000000271e+02
4.927629999999999768e+02
4.928607999999999834e+02
4.929585999999999899e+02
4.930563000000000216e+02
4.931541000000000281e+02
4.932518000000000029e+02
4.933494999999999777e+02
4.934472000000000094e+02
4.935450000000000159e+02
4.936426999999999907e+02
4.937404000000000224e+02
4.938380000000000223e+02
4.939356999999999971e+02
4.940333999999999719e+02
4.941311000000000035e+02
4.942287000000000035e+02
4.943263000000000034e+02
4.944239999999999782e+02
4.945215999999999781e+02
4.946191999999999780e+02
4.947167999999999779e+02
4.948143999999999778e+02
4.949119999999999777e+02
4.950095999999999776e+02
4.951071999999999775e+02
4.952047999999999774e+02
4.953023000000000025e+02
4.953999000000000024e+02
4.954974000000000274e+02
4.955950000000000273e+02
4.956924999999999955e+02
4.957900000000000205e+02
4.958874999999999886e+02
4.959850000000000136e+02
4.960824999999999818e+02
4.961800000000000068e+02
4.962774999999999750e+02
4.963749000000000251e+02
4.964723999999999933e+02
4.965697999999999865e+02
4.966673000000000116e+02
4.967647000000000048e+02
4.968620999999999981e+02
4.969596000000000231e+02
4.970570000000000164e+02
4.971544000000000096e+02
4.972518000000000029e+02
4.973491000000000213e+02
4.974465000000000146e+02
4.975439000000000078e+02
4.976412000000000262e+02
4.977386000000000195e+02
4.978358999999999810e+02
4.979332999999999743e+02
4.980305999999999926e+02
4.981279000000000110e+02
4.982251999999999725e+02
4.983224999999999909e+02
4.984198000000000093e+02
4.985171000000000276e+02
4.986143999999999892e+02
4.987115999999999758e+02
4.988088999999999942e+02
4.989060999999999808e+02
4.990033999999999992e+02
4.991005999999999858e+02
4.991977999999999724e+02
4.992950000000000159e+02
4.993922999999999774e+02
4.994895000000000209e+02
4.995865999999999758e+02
4.996838000000000193e+02
4.997810000000000059e+02
4.998781999999999925e+02
4.999753000000000043e+02
5.000724999999999909e+02
5.001696000000000026e+02
5.002667999999999893e+02
5.003639000000000010e+02
5.004610000000000127e+02
5.005581000000000245e+02
5.006551999999999794e+02
5.007522999999999911e+02
5.008494000000000028e+02
5.009465000000000146e+02
5.010434999999999945e+02
5.011406000000000063e+02
5.012375999999999863e+02
5.013346999999999980e+02
5.014316999999999780e+02
5.015287000000000148e+02
5.016258000000000266e+02
5.017228000000000065e+02
5.018197999999999865e+02
5.019168000000000234e+02
5.020138000000000034e+02
5.021107000000000085e+02
5.022076999999999884e+02
5.023047000000000253e+02
5.024015999999999735e+02
5.024986000000000104e+02
5.025955000000000155e+02
5.026924000000000206e+02
5.027893000000000256e+02
5.028863000000000056e+02
5.029832000000000107e+02
5.030801000000000158e+02
5.031768999999999892e+02
5.032737999999999943e+02
5.033706999999999994e+02
5.034676000000000045e+02
5.035643999999999778e+02
5.036612999999999829e+02
5.037581000000000131e+02
5.038548999999999864e+02
5.039517999999999915e+02
5.040486000000000217e+02
5.041453999999999951e+02
5.042422000000000253e+02
5.043389999999999986e+02
5.044356999999999971e+02
5.045325000000000273e+02
5.046293000000000006e+02
5.047259999999999991e+02
5.048227999999999724e+02
5.049195000000000277e+02
5.050163000000000011e+02
5.051129999999999995e+02
5.052096999999999980e+02
5.053063999999999965e+02
5.054030999999999949e+02
5.054997999999999934e+02
5.055964999999999918e+02
5.056931999999999903e+02
5.057898000000000138e+02
5.058865000000000123e+02
5.059832000000000107e+02
5.060797999999999774e+02
5.061764000000000010e+02
5.062730999999999995e+02
5.063697000000000230e+02
5.064662999999999897e+02
5.065629000000000133e+02
5.066594999999999800e+02
5.067561000000000035e+02
5.068527000000000271e+02
5.069492000000000189e+02
5.070457999999999856e+02
5.071424000000000092e+02
5.072389000000000010e+02
5.073353999999999928e+02
5.074320000000000164e+02
5.075285000000000082e+02
5.076250000000000000e+02
5.077214999999999918e+02
5.078179999999999836e+02
5.079144999999999754e+02
5.080110000000000241e+02
5.081075000000000159e+02
5.082038999999999760e+02
5.083004000000000246e+02
5.083969000000000165e+02
5.084932999999999765e+02
5.085896999999999935e+02
5.086861999999999853e+02
5.087826000000000022e+02
5.088790000000000191e+02
5.089753999999999792e+02
5.090717999999999961e+02
5.091682000000000130e+02
5.092645999999999731e+02
5.093609000000000151e+02
5.094572999999999752e+02
5.095536999999999921e+02
5.096499999999999773e+02
5.097463000000000193e+02
5.098426999999999794e+02
5.099390000000000214e+02
5.100353000000000065e+02
5.101315999999999917e+02
5.102278999999999769e+02
5.103242000000000189e+02
5.104205000000000041e+02
5.105167999999999893e+02
5.106130999999999744e+02
5.107092999999999847e+02
5.108056000000000267e+02
5.109017999999999802e+02
5.109981000000000222e+02
5.110942999999999756e+02
5.111904999999999859e+02
5.112866999999999962e+02
5.113829000000000065e+02
5.114791000000000167e+02
5.115753000000000270e+02
5.116714999999999804e+02
5.117676999999999907e+02
5.118638000000000261e+02
5.119599999999999795e+02
5.120561999999999898e+02
5.121522999999999683e+02
5.122483999999999469e+02
5.123446000000000140e+02
5.124406999999999925e+02
5.125367999999999711e+02
5.126328999999999496e+02
5.127290000000000418e+02
5.128251000000000204e+02
5.129211999999999989e+02
5.130172000000000025e+02
5.131132999999999811e+02
5.132093999999999596e+02
5.133053999999999633e+02
5.134015000000000555e+02
5.134974999999999454e+02
5.135934999999999491e+02
5.136894999999999527e+02
5.137856000000000449e+02
5.138816000000000486e+02
5.139776000000000522e+02
5.140734999999999673e+02
5.141694999999999709e+02
5.142654999999999745e+02
5.143614999999999782e+02
5.144574000000000069e+02
5.145534000000000106e+02
5.146493000000000393e+02
5.147451999999999543e+02
5.148411999999999580e+02
5.149370999999999867e+02
5.150330000000000155e+02
5.151289000000000442e+02
5.152247999999999593e+02
5.153206999999999880e+02
5.154166000000000167e+02
5.155123999999999569e+02
5.156082999999999856e+02
5.157041000000000395e+02
5.157999999999999545e+02
5.158958000000000084e+02
5.159917000000000371e+02
5.160874999999999773e+02
5.161833000000000311e+02
5.162790999999999713e+02
5.163749000000000251e+02
5.164706999999999653e+02
5.165665000000000191e+02
5.166622999999999593e+02
5.167581000000000131e+02
5.168537999999999784e+02
5.169496000000000322e+02
5.170452999999999975e+02
5.171411000000000513e+02
5.172368000000000166e+02
5.173324999999999818e+02
5.174281999999999471e+02
5.175240000000000009e+02
5.176196999999999662e+02
5.177154000000000451e+02
5.178110000000000355e+02
5.179067000000000007e+02
5.180023999999999660e+02
5.180981000000000449e+02
5.181937000000000353e+02
5.182894000000000005e+02
5.183849999999999909e+02
5.184805999999999813e+02
5.185762999999999465e+02
5.186719000000000506e+02
5.187675000000000409e+02
5.188631000000000313e+02
5.189587000000000216e+02
5.190543000000000120e+02
5.191499000000000024e+02
5.192454000000000178e+02
5.193410000000000082e+02
5.194365999999999985e+02
5.195321000000000140e+02
5.196277000000000044e+02
5.197232000000000198e+02
5.198187000000000353e+02
5.199142000000000507e+02
5.200098000000000411e+02
5.201053000000000566e+02
5.202007999999999583e+02
5.202962999999999738e+02
5.203917000000000144e+02
5.204872000000000298e+02
5.205827000000000453e+02
5.206780999999999722e+02
5.207735999999999876e+02
5.208690000000000282e+02
5.209645000000000437e+02
5.210598999999999705e+02
5.211553000000000111e+02
5.212507000000000517e+02
5.213460999999999785e+02
5.214415000000000191e+02
5.215368999999999460e+02
5.216322999999999865e+02
5.217277000000000271e+02
5.218230999999999540e+02
5.219184000000000196e+02
5.220137999999999465e+02
5.221091000000000122e+02
5.222045000000000528e+02
5.222998000000000047e+02
5.223950999999999567e+02
5.224904999999999973e+02
5.225857999999999493e+02
5.226811000000000149e+02
5.227763999999999669e+02
5.228717000000000326e+02
5.229669000000000096e+02
5.230621999999999616e+02
5.231575000000000273e+02
5.232527000000000044e+02
5.233479999999999563e+02
5.234432000000000471e+02
5.235384999999999991e+02
5.236336999999999762e+02
5.237288999999999533e+02
5.238241000000000440e+02
5.239193000000000211e+02
5.240144999999999982e+02
5.241096999999999753e+02
5.242048999999999523e+02
5.243001000000000431e+02
5.243952000000000453e+02
5.244904000000000224e+02
5.245855999999999995e+02
5.246807000000000016e+02
5.247758999999999787e+02
5.248709999999999809e+02
5.249660999999999831e+02
5.250611999999999853e+02
5.251562999999999874e+02
5.252513999999999896e+02
5.253464999999999918e+02
5.254415999999999940e+02
5.255366999999999962e+02
5.256317999999999984e+02
5.257268000000000256e+02
5.258219000000000278e+02
5.259170000000000300e+02
5.260119999999999436e+02
5.261069999999999709e+02
5.262020999999999731e+02
5.262971000000000004e+02
5.263921000000000276e+02
5.264871000000000549e+02
5.265820999999999685e+02
5.266770999999999958e+02
5.267721000000000231e+02
5.268671000000000504e+02
5.269619999999999891e+02
5.270570000000000164e+02
5.271520000000000437e+02
5.272468999999999824e+02
5.273418000000000347e+02
5.274367999999999483e+02
5.275317000000000007e+02
5.276266000000000531e+02
5.277214999999999918e+02
5.278164000000000442e+02
5.279112999999999829e+02
5.280062000000000353e+02
5.281010999999999740e+02
5.281960000000000264e+02
5.282908999999999651e+02
5.283857000000000426e+02
5.284805999999999813e+02
5.285753999999999451e+02
5.286702999999999975e+02
5.287650999999999613e+02
5.288599000000000387e+02
5.289547000000000025e+02
5.290496000000000549e+02
5.291444000000000187e+02
5.292391999999999825e+02
5.293338999999999714e+02
5.294287000000000489e+02
5.295235000000000127e+02
5.296182999999999765e+02
5.297129999999999654e+02
5.298078000000000429e+02
5.299025000000000318e+02
5.299972999999999956e+02
5.300919999999999845e+02
5.301866999999999734e+02
5.302813999999999623e+02
5.303762000000000398e+02
5.304709000000000287e+02
5.305656000000000176e+02
5.306602000000000317e+02
5.307549000000000206e+02
5.308496000000000095e+02
5.309442999999999984e+02
5.310389000000000124e+02
5.311336000000000013e+02
5.312282000000000153e+02
5.313229000000000042e+02
5.314175000000000182e+02
5.315121000000000322e+02
5.316067000000000462e+02
5.317012999999999465e+02
5.317958999999999605e+02
5.318904999999999745e+02
5.319850999999999885e+02
5.320797000000000025e+02
5.321743000000000166e+02
5.322689000000000306e+02
5.323633999999999560e+02
5.324579999999999700e+02
5.325525000000000091e+02
5.326471000000000231e+02
5.327415999999999485e+02
5.328360999999999876e+02
5.329306000000000267e+02
5.330250999999999522e+02
5.331195999999999913e+02
5.332141000000000304e+02
5.333085999999999558e+02
5.334030999999999949e+02
5.334976000000000340e+02
5.335920999999999594e+02
5.336865000000000236e+02
5.337809999999999491e+02
5.338754000000000133e+02
5.339699000000000524e+02
5.340643000000000029e+02
5.341586999999999534e+02
5.342531000000000176e+02
5.343474999999999682e+02
5.344420000000000073e+02
5.345363999999999578e+02
5.346307000000000471e+02
5.347250999999999976e+02
5.348194999999999482e+02
5.349139000000000124e+02
5.350081999999999880e+02
5.351026000000000522e+02
5.351969000000000278e+02
5.352912999999999784e+02
5.353855999999999540e+02
5.354799000000000433e+02
5.355742999999999938e+02
5.356685999999999694e+02
5.357628999999999451e+02
5.358572000000000344e+02
5.359515000000000100e+02
5.360457999999999856e+02
5.361399999999999864e+02
5.362342999999999620e+02
5.363286000000000513e+02
5.364228000000000520e+02
5.365171000000000276e+02
5.366113000000000284e+02
5.367056000000000040e+02
5.367998000000000047e+02
5.368940000000000055e+02
5.369882000000000062e+02
5.370824999999999818e+02
5.371766999999999825e+02
5.372708999999999833e+02
5.373650000000000091e+02
5.374592000000000098e+02
5.375534000000000106e+02
5.376476000000000113e+02
5.377417000000000371e+02
5.378359000000000378e+02
5.379299999999999500e+02
5.380241999999999507e+02
5.381182999999999765e+02
5.382124000000000024e+02
5.383065000000000282e+02
5.384007000000000289e+02
5.384948000000000548e+02
5.385888999999999669e+02
5.386829999999999927e+02
5.387770000000000437e+02
5.388710999999999558e+02
5.389651999999999816e+02
5.390593000000000075e+02
5.391532999999999447e+02
5.392473999999999705e+02
5.393414000000000215e+02
5.394353999999999587e+02
5.395294999999999845e+02
5.396235000000000355e+02
5.397174999999999727e+02
5.398115000000000236e+02
5.399054999999999609e+02
5.399995000000000118e+02
5.400934999999999491e+02
5.401875000000000000e+02
5.402815000000000509e+02
5.403754000000000133e+02
5.404693999999999505e+02
5.405634000000000015e+02
5.406572999999999638e+02
5.407513000000000147e+02
5.408451999999999771e+02
5.409391000000000531e+02
5.410330000000000155e+02
5.411269999999999527e+02
5.412209000000000287e+02
5.413147999999999911e+02
5.414086999999999534e+02
5.415025000000000546e+02
5.415964000000000169e+02
5.416902999999999793e+02
5.417842000000000553e+02
5.418780000000000427e+02
5.419719000000000051e+02
5.420656999999999925e+02
5.421595999999999549e+02
5.422534000000000560e+02
5.423472000000000435e+02
5.424411000000000058e+02
5.425348999999999933e+02
5.426286999999999807e+02
5.427224999999999682e+02
5.428162999999999556e+02
5.429101000000000568e+02
5.430037999999999556e+02
5.430976000000000568e+02
5.431914000000000442e+02
5.432851000000000568e+02
5.433789000000000442e+02
5.434726000000000568e+02
5.435664000000000442e+02
5.436601000000000568e+02
5.437537999999999556e+02
5.438474999999999682e+02
5.439412999999999556e+02
5.440349999999999682e+02
5.441286999999999807e+02
5.442223999999999933e+02
5.443160000000000309e+02
5.444097000000000435e+02
5.445034000000000560e+02
5.445970999999999549e+02
5.446906999999999925e+02
5.447844000000000051e+02
5.448780000000000427e+02
5.449717000000000553e+02
5.450652999999999793e+02
5.451589000000000169e+02
5.452525000000000546e+02
5.453461999999999534e+02
5.454397999999999911e+02
5.455334000000000287e+02
5.456269999999999527e+02
5.457205000000000155e+02
5.458141000000000531e+02
5.459076999999999771e+02
5.460013000000000147e+02
5.460947999999999638e+02
5.461884000000000015e+02
5.462818999999999505e+02
5.463754999999999882e+02
5.464690000000000509e+02
5.465625000000000000e+02
5.466559999999999491e+02
5.467495999999999867e+02
5.468431000000000495e+02
5.469365999999999985e+02
5.470300999999999476e+02
5.471236000000000104e+02
5.472169999999999845e+02
5.473105000000000473e+02
5.474039999999999964e+02
5.474973999999999705e+02
5.475909000000000333e+02
5.476843000000000075e+02
5.477777999999999565e+02
5.478712000000000444e+02
5.479646000000000186e+02
5.480580999999999676e+02
5.481515000000000555e+02
5.482449000000000296e+02
5.483383000000000038e+02
5.484316999999999780e+02
5.485250999999999522e+02
5.486185000000000400e+02
5.487118000000000393e+02
5.488052000000000135e+02
5.488985999999999876e+02
5.489918999999999869e+02
5.490852999999999611e+02
5.491785999999999603e+02
5.492720000000000482e+02
5.493653000000000475e+02
5.494586000000000467e+02
5.495519000000000460e+02
5.496453000000000202e+02
5.497386000000000195e+02
5.498319000000000187e+02
5.499252000000000180e+02
5.500184000000000424e+02
5.501117000000000417e+02
5.502050000000000409e+02
5.502983000000000402e+02
5.503914999999999509e+02
5.504847999999999502e+02
5.505779999999999745e+02
5.506712999999999738e+02
5.507644999999999982e+02
5.508577000000000226e+02
5.509509000000000469e+02
5.510442000000000462e+02
5.511373999999999569e+02
5.512305999999999813e+02
5.513238000000000056e+02
5.514170000000000300e+02
5.515100999999999658e+02
5.516032999999999902e+02
5.516965000000000146e+02
5.517897000000000389e+02
5.518827999999999747e+02
5.519759999999999991e+02
5.520691000000000486e+02
5.521621999999999844e+02
5.522554000000000087e+02
5.523484999999999445e+02
5.524415999999999940e+02
5.525347000000000435e+02
5.526277999999999793e+02
5.527209000000000287e+02
5.528139999999999645e+02
5.529071000000000140e+02
5.530001999999999498e+02
5.530932999999999993e+02
5.531864000000000487e+02
5.532794000000000096e+02
5.533724999999999454e+02
5.534655000000000200e+02
5.535585999999999558e+02
5.536516000000000304e+02
5.537445999999999913e+02
5.538377000000000407e+02
5.539307000000000016e+02
5.540236999999999625e+02
5.541167000000000371e+02
5.542096999999999980e+02
5.543026999999999589e+02
5.543957000000000335e+02
5.544886999999999944e+02
5.545815999999999804e+02
5.546746000000000549e+02
5.547676000000000158e+02
5.548605000000000018e+02
5.549534999999999627e+02
5.550463999999999487e+02
5.551393000000000484e+02
5.552323000000000093e+02
5.553251999999999953e+02
5.554180999999999813e+02
5.555109999999999673e+02
5.556038999999999533e+02
5.556968000000000529e+02
5.557897000000000389e+02
5.558826000000000249e+02
5.559755000000000109e+02
5.560683999999999969e+02
5.561612000000000080e+02
5.562540999999999940e+02
5.563469000000000051e+02
5.564397999999999911e+02
5.565326000000000022e+02
5.566254999999999882e+02
5.567182999999999993e+02
5.568111000000000104e+02
5.569039000000000215e+02
5.569968000000000075e+02
5.570896000000000186e+02
5.571824000000000296e+02
5.572752000000000407e+02
5.573678999999999633e+02
5.574606999999999744e+02
5.575534999999999854e+02
5.576462999999999965e+02
5.577390000000000327e+02
5.578318000000000438e+02
5.579244999999999663e+02
5.580172999999999774e+02
5.581100000000000136e+02
5.582027000000000498e+02
5.582954999999999472e+02
5.583881999999999834e+02
5.584809000000000196e+02
5.585736000000000558e+02
5.586662999999999784e+02
5.587590000000000146e+02
5.588517000000000507e+02
5.589443999999999733e+02
5.590371000000000095e+02
5.591296999999999571e+02
5.592223999999999933e+02
5.593151000000000295e+02
5.594076999999999771e+02
5.595003000000000384e+02
5.595929999999999609e+02
5.596856000000000222e+02
5.597782999999999447e+02
5.598709000000000060e+02
5.599634999999999536e+02
5.600561000000000149e+02
5.601486999999999625e+02
5.602413000000000238e+02
5.603338999999999714e+02
5.604265000000000327e+02
5.605190999999999804e+02
5.606115999999999531e+02
5.607042000000000144e+02
5.607967999999999620e+02
5.608893000000000484e+02
5.609818999999999960e+02
5.610743999999999687e+02
5.611669000000000551e+02
5.612595000000000027e+02
5.613519999999999754e+02
5.614444999999999482e+02
5.615370000000000346e+02
5.616295000000000073e+02
5.617219999999999800e+02
5.618144999999999527e+02
5.619070000000000391e+02
5.619995000000000118e+02
5.620919999999999845e+02
5.621843999999999824e+02
5.622768999999999551e+02
5.623694000000000415e+02
5.624618000000000393e+02
5.625543000000000120e+02
5.626467000000000098e+02
5.627391000000000076e+02
5.628315999999999804e+02
5.629239999999999782e+02
5.630163999999999760e+02
5.631087999999999738e+02
5.632011999999999716e+02
5.632935999999999694e+02
5.633859999999999673e+02
5.634783999999999651e+02
5.635707999999999629e+02
5.636631999999999607e+02
5.637554999999999836e+02
5.638478999999999814e+02
5.639402000000000044e+02
5.640326000000000022e+02
5.641249000000000251e+02
5.642173000000000229e+02
5.643096000000000458e+02
5.644018999999999551e+02
5.644942999999999529e+02
5.645865999999999758e+02
5.646788999999999987e+02
5.647712000000000216e+02
5.648635000000000446e+02
5.649557999999999538e+02
5.650480999999999767e+02
5.651403000000000247e+02
5.652326000000000477e+02
5.653248999999999569e+02
5.654171999999999798e+02
5.655094000000000278e+02
5.656017000000000507e+02
5.656938999999999851e+02
5.657861000000000331e+02
5.658784000000000560e+02
5.659705999999999904e+02
5.660628000000000384e+02
5.661549999999999727e+02
5.662472999999999956e+02
5.663395000000000437e+02
5.664316999999999780e+02
5.665238000000000511e+02
5.666159999999999854e+02
5.667082000000000335e+02
5.668003999999999678e+02
5.668926000000000158e+02
5.669846999999999753e+02
5.670769000000000233e+02
5.671689999999999827e+02
5.672612000000000307e+02
5.673532999999999902e+02
5.674455000000000382e+02
5.675375999999999976e+02
5.676296999999999571e+02
5.677218000000000302e+02
5.678138999999999896e+02
5.679059999999999491e+02
5.679981000000000222e+02
5.680901999999999816e+02
5.681823000000000548e+02
5.682744000000000142e+02
5.683664999999999736e+02
5.684584999999999582e+02
5.685506000000000313e+02
5.686426999999999907e+02
5.687346999999999753e+02
5.688268000000000484e+02
5.689188000000000329e+02
5.690108000000000175e+02
5.691028999999999769e+02
5.691948999999999614e+02
5.692868999999999460e+02
5.693789000000000442e+02
5.694709000000000287e+02
5.695629000000000133e+02
5.696548999999999978e+02
5.697468999999999824e+02
5.698388999999999669e+02
5.699308999999999514e+02
5.700229000000000497e+02
5.701147999999999456e+02
5.702068000000000438e+02
5.702987000000000535e+02
5.703907000000000380e+02
5.704826000000000477e+02
5.705746000000000322e+02
5.706665000000000418e+02
5.707584000000000515e+02
5.708504000000000360e+02
5.709423000000000457e+02
5.710342000000000553e+02
5.711260999999999513e+02
5.712179999999999609e+02
5.713098999999999705e+02
5.714017999999999802e+02
5.714936999999999898e+02
5.715855000000000246e+02
5.716774000000000342e+02
5.717693000000000438e+02
5.718610999999999649e+02
5.719529999999999745e+02
5.720448000000000093e+02
5.721367000000000189e+02
5.722285000000000537e+02
5.723202999999999747e+02
5.724121999999999844e+02
5.725040000000000191e+02
5.725958000000000538e+02
5.726875999999999749e+02
5.727794000000000096e+02
5.728712000000000444e+02
5.729629999999999654e+02
5.730548000000000002e+02
5.731466000000000349e+02
5.732382999999999811e+02
5.733301000000000158e+02
5.734219000000000506e+02
5.735135999999999967e+02
5.736054000000000315e+02
5.736970999999999776e+02
5.737889000000000124e+02
5.738805999999999585e+02
5.739723999999999933e+02
5.740641000000000531e+02
5.741557999999999993e+02
5.742474999999999454e+02
5.743392000000000053e+02
5.744308999999999514e+02
5.745226000000000113e+02
5.746142999999999574e+02
5.747060000000000173e+02
5.747976999999999634e+02
5.748894000000000233e+02
5.749809999999999945e+02
5.750727000000000544e+02
5.751643000000000256e+02
5.752559999999999718e+02
5.753476000000000568e+02
5.754393000000000029e+02
5.755308999999999742e+02
5.756226000000000340e+02
5.757142000000000053e+02
5.758057999999999765e+02
5.758973999999999478e+02
5.759890000000000327e+02
5.760806000000000040e+02
5.761721999999999753e+02
5.762637999999999465e+02
5.763554000000000315e+02
5.764470000000000027e+02
5.765385999999999740e+02
5.766300999999999704e+02
5.767217000000000553e+02
5.768133000000000266e+02
5.769048000000000229e+02
5.769963999999999942e+02
5.770878999999999905e+02
5.771794999999999618e+02
5.772709999999999582e+02
5.773624999999999545e+02
5.774539999999999509e+02
5.775456000000000358e+02
5.776371000000000322e+02
5.777286000000000286e+02
5.778201000000000249e+02
5.779116000000000213e+02
5.780031000000000176e+02
5.780945000000000391e+02
5.781860000000000355e+02
5.782775000000000318e+02
5.783690000000000282e+02
5.784604000000000497e+02
5.785519000000000460e+02
5.786432999999999538e+02
5.787347999999999502e+02
5.788261999999999716e+02
5.789176999999999680e+02
5.790090999999999894e+02
5.791005000000000109e+02
5.791919000000000324e+02
5.792833000000000538e+02
5.793748000000000502e+02
5.794661999999999580e+02
5.795575999999999794e+02
5.796489000000000260e+02
5.797403000000000475e+02
5.798316999999999553e+02
5.799230999999999767e+02
5.800144999999999982e+02
5.801058000000000447e+02
5.801971999999999525e+02
5.802884999999999991e+02
5.803799000000000206e+02
5.804711999999999534e+02
5.805625999999999749e+02
5.806539000000000215e+02
5.807451999999999543e+02
5.808365999999999758e+02
5.809279000000000224e+02
5.810191999999999553e+02
5.811105000000000018e+02
5.812018000000000484e+02
5.812930999999999813e+02
5.813844000000000278e+02
5.814756999999999607e+02
5.815670000000000073e+02
5.816581999999999653e+02
5.817495000000000118e+02
5.818407999999999447e+02
5.819320000000000164e+02
5.820232999999999493e+02
5.821145000000000209e+02
5.822057999999999538e+02
5.822970000000000255e+02
5.823882999999999583e+02
5.824795000000000300e+02
5.825706999999999880e+02
5.826618999999999460e+02
5.827531999999999925e+02
5.828443999999999505e+02
5.829356000000000222e+02
5.830267999999999802e+02
5.831180000000000518e+02
5.832091000000000349e+02
5.833002999999999929e+02
5.833914999999999509e+02
5.834827000000000226e+02
5.835738000000000056e+02
5.836649999999999636e+02
5.837562000000000353e+02
5.838473000000000184e+02
5.839384000000000015e+02
5.840295999999999594e+02
5.841207000000000562e+02
5.842119000000000142e+02
5.843029999999999973e+02
5.843940999999999804e+02
5.844851999999999634e+02
5.845762999999999465e+02
5.846674000000000433e+02
5.847585000000000264e+02
5.848496000000000095e+02
5.849406999999999925e+02
5.850317999999999756e+02
5.851228999999999587e+02
5.852138999999999669e+02
5.853049999999999500e+02
5.853961000000000467e+02
5.854871000000000549e+02
5.855782000000000380e+02
5.856692000000000462e+02
5.857603000000000293e+02
5.858513000000000375e+02
5.859423000000000457e+02
5.860334000000000287e+02
5.861244000000000369e+02
5.862154000000000451e+02
5.863064000000000533e+02
5.863973999999999478e+02
5.864883999999999560e+02
5.865793999999999642e+02
5.866703999999999724e+02
5.867613999999999805e+02
5.868523999999999887e+02
5.869433999999999969e+02
5.870343000000000302e+02
5.871253000000000384e+02
5.872163000000000466e+02
5.873071999999999662e+02
5.873981999999999744e+02
5.874891000000000076e+02
5.875801000000000158e+02
5.876710000000000491e+02
5.877618999999999687e+02
5.878528999999999769e+02
5.879438000000000102e+02
5.880347000000000435e+02
5.881255999999999631e+02
5.882164999999999964e+02
5.883074000000000296e+02
5.883982999999999493e+02
5.884891999999999825e+02
5.885801000000000158e+02
5.886710000000000491e+02
5.887617999999999938e+02
5.888527000000000271e+02
5.889435999999999467e+02
5.890344000000000051e+02
5.891253000000000384e+02
5.892160999999999831e+02
5.893070000000000164e+02
5.893977999999999611e+02
5.894886999999999944e+02
5.895795000000000528e+02
5.896702999999999975e+02
5.897611000000000558e+02
5.898519999999999754e+02
5.899428000000000338e+02
5.900335999999999785e+02
5.901244000000000369e+02
5.902151999999999816e+02
5.903060000000000400e+02
5.903967999999999847e+02
5.904874999999999545e+02
5.905783000000000129e+02
5.906690999999999576e+02
5.907599000000000160e+02
5.908505999999999858e+02
5.909414000000000442e+02
5.910321000000000140e+02
5.911228999999999587e+02
5.912136000000000422e+02
5.913043000000000120e+02
5.913950999999999567e+02
5.914858000000000402e+02
5.915765000000000100e+02
5.916671999999999798e+02
5.917580000000000382e+02
5.918487000000000080e+02
5.919393999999999778e+02
5.920300999999999476e+02
5.921208000000000311e+02
5.922115000000000009e+02
5.923020999999999958e+02
5.923927999999999656e+02
5.924835000000000491e+02
5.925742000000000189e+02
5.926648000000000138e+02
5.927554999999999836e+02
5.928460999999999785e+02
5.929367999999999483e+02
5.930273999999999432e+02
5.931181000000000267e+02
5.932087000000000216e+02
5.932993000000000166e+02
5.933899999999999864e+02
5.934805999999999813e+02
5.935711999999999762e+02
5.936617999999999711e+02
5.937523999999999660e+02
5.938429999999999609e+02
5.939335999999999558e+02
5.940241999999999507e+02
5.941147999999999456e+02
5.942054000000000542e+02
5.942960000000000491e+02
5.943864999999999554e+02
5.944770999999999503e+02
5.945676999999999452e+02
5.946581999999999653e+02
5.947487999999999602e+02
5.948392999999999802e+02
5.949298999999999751e+02
5.950203999999999951e+02
5.951109000000000151e+02
5.952015000000000100e+02
5.952920000000000300e+02
5.953825000000000500e+02
5.954729999999999563e+02
5.955634999999999764e+02
5.956539999999999964e+02
5.957445000000000164e+02
5.958350000000000364e+02
5.959255000000000564e+02
5.960159999999999627e+02
5.961064999999999827e+02
5.961970000000000027e+02
5.962875000000000227e+02
5.963778999999999542e+02
5.964683999999999742e+02
5.965588000000000193e+02
5.966493000000000393e+02
5.967396999999999707e+02
5.968301999999999907e+02
5.969206000000000358e+02
5.970111000000000558e+02
5.971014999999999873e+02
5.971919000000000324e+02
5.972822999999999638e+02
5.973727999999999838e+02
5.974632000000000289e+02
5.975535999999999603e+02
5.976440000000000055e+02
5.977344000000000506e+02
5.978247999999999820e+02
5.979152000000000271e+02
5.980054999999999836e+02
5.980959000000000287e+02
5.981862999999999602e+02
5.982767000000000053e+02
5.983669999999999618e+02
5.984574000000000069e+02
5.985478000000000520e+02
5.986381000000000085e+02
5.987285000000000537e+02
5.988188000000000102e+02
5.989090999999999667e+02
5.989995000000000118e+02
5.990897999999999683e+02
5.991801000000000386e+02
5.992703999999999951e+02
5.993608000000000402e+02
5.994510999999999967e+02
5.995413999999999533e+02
5.996317000000000235e+02
5.997219999999999800e+02
5.998123000000000502e+02
5.999025000000000318e+02
5.999927999999999884e+02
6.000830999999999449e+02
6.001734000000000151e+02
6.002635999999999967e+02
6.003538999999999533e+02
6.004442000000000235e+02
6.005344000000000051e+02
6.006246999999999616e+02
6.007148999999999432e+02
6.008052000000000135e+02
6.008953999999999951e+02
6.009855999999999767e+02
6.010759000000000469e+02
6.011661000000000286e+02
6.012563000000000102e+02
6.013464999999999918e+02
6.014366999999999734e+02
6.015268999999999551e+02
6.016171000000000504e+02
6.017073000000000320e+02
6.017975000000000136e+02
6.018876999999999953e+02
6.019778999999999769e+02
6.020680999999999585e+02
6.021583000000000538e+02
6.022483999999999469e+02
6.023386000000000422e+02
6.024287000000000489e+02
6.025189000000000306e+02
6.026091000000000122e+02
6.026992000000000189e+02
6.027893000000000256e+02
6.028795000000000073e+02
6.029696000000000140e+02
6.030597000000000207e+02
6.031499000000000024e+02
6.032400000000000091e+02
6.033301000000000158e+02
6.034202000000000226e+02
6.035103000000000293e+02
6.036004000000000360e+02
6.036905000000000427e+02
6.037806000000000495e+02
6.038707000000000562e+02
6.039607999999999493e+02
6.040508999999999560e+02
6.041409999999999627e+02
6.042309999999999945e+02
6.043211000000000013e+02
6.044112000000000080e+02
6.045012000000000398e+02
6.045913000000000466e+02
6.046812999999999647e+02
6.047713999999999714e+02
6.048614000000000033e+02
6.049514000000000351e+02
6.050415000000000418e+02
6.051314999999999600e+02
6.052214999999999918e+02
6.053115000000000236e+02
6.054016000000000304e+02
6.054915999999999485e+02
6.055815999999999804e+02
6.056716000000000122e+02
6.057616000000000440e+02
6.058515999999999622e+02
6.059415999999999940e+02
6.060315000000000509e+02
6.061214999999999691e+02
6.062115000000000009e+02
6.063015000000000327e+02
6.063913999999999760e+02
6.064814000000000078e+02
6.065714000000000397e+02
6.066612999999999829e+02
6.067513000000000147e+02
6.068411999999999580e+02
6.069311000000000149e+02
6.070211000000000467e+02
6.071109999999999900e+02
6.072009000000000469e+02
6.072908999999999651e+02
6.073808000000000220e+02
6.074706999999999653e+02
6.075606000000000222e+02
6.076504999999999654e+02
6.077404000000000224e+02
6.078302999999999656e+02
6.079202000000000226e+02
6.080100999999999658e+02
6.081000000000000227e+02
6.081898999999999660e+02
6.082798000000000229e+02
6.083695999999999913e+02
6.084595000000000482e+02
6.085493999999999915e+02
6.086391999999999598e+02
6.087291000000000167e+02
6.088188999999999851e+02
6.089088000000000420e+02
6.089986000000000104e+02
6.090884999999999536e+02
6.091783000000000357e+02
6.092681000000000040e+02
6.093578999999999724e+02
6.094478000000000293e+02
6.095375999999999976e+02
6.096273999999999660e+02
6.097172000000000480e+02
6.098070000000000164e+02
6.098967999999999847e+02
6.099865999999999531e+02
6.100764000000000351e+02
6.101662000000000035e+02
6.102559999999999718e+02
6.103458000000000538e+02
6.104355000000000473e+02
6.105253000000000156e+02
6.106150999999999840e+02
6.107047999999999774e+02
6.107945999999999458e+02
6.108844000000000278e+02
6.109741000000000213e+02
6.110638999999999896e+02
6.111535999999999831e+02
6.112432999999999765e+02
6.113330999999999449e+02
6.114228000000000520e+02
6.115125000000000455e+02
6.116022000000000389e+02
6.116920000000000073e+02
6.117817000000000007e+02
6.118713999999999942e+02
6.119610999999999876e+02
6.120507999999999811e+02
6.121404999999999745e+02
6.122301999999999680e+02
6.123198999999999614e+02
6.124095999999999549e+02
6.124991999999999734e+02
6.125888999999999669e+02
6.126785999999999603e+02
6.127682999999999538e+02
6.128578999999999724e+02
6.129475999999999658e+02
6.130371999999999844e+02
6.131268999999999778e+02
6.132164999999999964e+02
6.133061999999999898e+02
6.133958000000000084e+02
6.134855000000000018e+02
6.135751000000000204e+02
6.136647000000000389e+02
6.137544000000000324e+02
6.138440000000000509e+02
6.139335999999999558e+02
6.140231999999999744e+02
6.141127999999999929e+02
6.142024000000000115e+02
6.142920000000000300e+02
6.143816000000000486e+02
6.144711999999999534e+02
6.145607999999999720e+02
6.146503999999999905e+02
6.147400000000000091e+02
6.148295000000000528e+02
6.149190999999999576e+02
6.150086999999999762e+02
6.150982000000000198e+02
6.151878000000000384e+02
6.152772999999999683e+02
6.153668999999999869e+02
6.154564000000000306e+02
6.155460000000000491e+02
6.156354999999999791e+02
6.157250999999999976e+02
6.158146000000000413e+02
6.159040999999999713e+02
6.159936999999999898e+02
6.160832000000000335e+02
6.161726999999999634e+02
6.162622000000000071e+02
6.163517000000000507e+02
6.164411999999999807e+02
6.165307000000000244e+02
6.166201999999999543e+02
6.167096999999999980e+02
6.167992000000000417e+02
6.168886999999999716e+02
6.169782000000000153e+02
6.170675999999999704e+02
6.171571000000000140e+02
6.172465999999999440e+02
6.173360000000000127e+02
6.174255000000000564e+02
6.175149999999999864e+02
6.176044000000000551e+02
6.176938999999999851e+02
6.177833000000000538e+02
6.178727999999999838e+02
6.179622000000000526e+02
6.180516000000000076e+02
6.181411000000000513e+02
6.182305000000000064e+02
6.183198999999999614e+02
6.184093000000000302e+02
6.184986999999999853e+02
6.185882000000000289e+02
6.186775999999999840e+02
6.187670000000000528e+02
6.188564000000000078e+02
6.189457999999999629e+02
6.190352000000000317e+02
6.191245000000000118e+02
6.192138999999999669e+02
6.193033000000000357e+02
6.193926999999999907e+02
6.194820999999999458e+02
6.195714000000000397e+02
6.196607999999999947e+02
6.197500999999999749e+02
6.198395000000000437e+02
6.199288999999999987e+02
6.200181999999999789e+02
6.201076000000000477e+02
6.201969000000000278e+02
6.202862000000000080e+02
6.203755999999999631e+02
6.204648999999999432e+02
6.205542000000000371e+02
6.206435999999999922e+02
6.207328999999999724e+02
6.208221999999999525e+02
6.209115000000000464e+02
6.210008000000000266e+02
6.210901000000000067e+02
6.211793999999999869e+02
6.212686999999999671e+02
6.213579999999999472e+02
6.214473000000000411e+02
6.215366000000000213e+02
6.216259000000000015e+02
6.217151000000000067e+02
6.218043999999999869e+02
6.218936999999999671e+02
6.219829999999999472e+02
6.220721999999999525e+02
6.221615000000000464e+02
6.222507000000000517e+02
6.223400000000000318e+02
6.224292000000000371e+02
6.225185000000000173e+02
6.226077000000000226e+02
6.226970000000000027e+02
6.227862000000000080e+02
6.228754000000000133e+02
6.229646000000000186e+02
6.230538999999999987e+02
6.231431000000000040e+02
6.232323000000000093e+02
6.233215000000000146e+02
6.234107000000000198e+02
6.234999000000000251e+02
6.235891000000000304e+02
6.236783000000000357e+02
6.237675000000000409e+02
6.238567000000000462e+02
6.239459000000000515e+02
6.240351000000000568e+02
6.241242999999999483e+02
6.242133999999999787e+02
6.243025999999999840e+02
6.243917999999999893e+02
6.244809000000000196e+02
6.245701000000000249e+02
6.246593000000000302e+02
6.247483999999999469e+02
6.248375999999999522e+02
6.249266999999999825e+02
6.250158000000000129e+02
6.251050000000000182e+02
6.251941000000000486e+02
6.252833000000000538e+02
6.253723999999999705e+02
6.254615000000000009e+02
6.255506000000000313e+02
6.256396999999999480e+02
6.257288999999999533e+02
6.258179999999999836e+02
6.259071000000000140e+02
6.259962000000000444e+02
6.260852999999999611e+02
6.261743999999999915e+02
6.262635000000000218e+02
6.263526000000000522e+02
6.264415999999999940e+02
6.265307000000000244e+02
6.266198000000000548e+02
6.267088999999999714e+02
6.267979000000000269e+02
6.268869999999999436e+02
6.269760999999999740e+02
6.270651000000000295e+02
6.271541999999999462e+02
6.272432999999999765e+02
6.273323000000000320e+02
6.274212999999999738e+02
6.275104000000000042e+02
6.275993999999999460e+02
6.276884999999999764e+02
6.277775000000000318e+02
6.278664999999999736e+02
6.279556000000000040e+02
6.280445999999999458e+02
6.281336000000000013e+02
6.282226000000000568e+02
6.283115999999999985e+02
6.284006000000000540e+02
6.284895999999999958e+02
6.285786000000000513e+02
6.286675999999999931e+02
6.287566000000000486e+02
6.288455999999999904e+02
6.289346000000000458e+02
6.290235999999999876e+02
6.291126000000000431e+02
6.292015000000000100e+02
6.292904999999999518e+02
6.293795000000000073e+02
6.294684999999999491e+02
6.295574000000000296e+02
6.296463999999999714e+02
6.297353000000000520e+02
6.298242999999999938e+02
6.299131999999999607e+02
6.300022000000000162e+02
6.300910999999999831e+02
6.301801000000000386e+02
6.302690000000000055e+02
6.303578999999999724e+02
6.304469000000000278e+02
6.305357999999999947e+02
6.306246999999999616e+02
6.307136000000000422e+02
6.308025000000000091e+02
6.308914999999999509e+02
6.309804000000000315e+02
6.310692999999999984e+02
6.311581999999999653e+02
6.312471000000000458e+02
6.313360000000000127e+02
6.314248999999999796e+02
6.315137999999999465e+02
6.316026000000000522e+02
6.316915000000000191e+02
6.317803999999999860e+02
6.318692999999999529e+02
6.319580999999999449e+02
6.320470000000000255e+02
6.321358999999999924e+02
6.322246999999999844e+02
6.323135999999999513e+02
6.324025000000000318e+02
6.324913000000000238e+02
6.325801999999999907e+02
6.326689999999999827e+02
6.327577999999999747e+02
6.328467000000000553e+02
6.329355000000000473e+02
6.330244000000000142e+02
6.331132000000000062e+02
6.332019999999999982e+02
6.332907999999999902e+02
6.333795999999999822e+02
6.334684999999999491e+02
6.335573000000000548e+02
6.336461000000000467e+02
6.337349000000000387e+02
6.338237000000000307e+02
6.339125000000000227e+02
6.340013000000000147e+02
6.340901000000000067e+02
6.341788999999999987e+02
6.342676999999999907e+02
6.343564000000000078e+02
6.344451999999999998e+02
6.345339999999999918e+02
6.346227999999999838e+02
6.347115000000000009e+02
6.348002999999999929e+02
6.348890999999999849e+02
6.349778000000000020e+02
6.350665999999999940e+02
6.351553000000000111e+02
6.352441000000000031e+02
6.353328000000000202e+02
6.354216000000000122e+02
6.355103000000000293e+02
6.355991000000000213e+02
6.356878000000000384e+02
6.357765000000000555e+02
6.358653000000000475e+02
6.359539999999999509e+02
6.360426999999999680e+02
6.361313999999999851e+02
6.362201000000000022e+02
6.363088999999999942e+02
6.363976000000000113e+02
6.364863000000000284e+02
6.365750000000000455e+02
6.366636999999999489e+02
6.367523999999999660e+02
6.368410999999999831e+02
6.369298000000000002e+02
6.370185000000000173e+02
6.371070999999999458e+02
6.371957999999999629e+02
6.372844999999999800e+02
6.373731999999999971e+02
6.374618000000000393e+02
6.375505000000000564e+02
6.376391999999999598e+02
6.377278000000000020e+02
6.378165000000000191e+02
6.379052000000000362e+02
6.379937999999999647e+02
6.380824999999999818e+02
6.381711000000000240e+02
6.382596999999999525e+02
6.383483999999999696e+02
6.384370000000000118e+02
6.385257000000000289e+02
6.386142999999999574e+02
6.387028999999999996e+02
6.387915000000000418e+02
6.388801999999999452e+02
6.389687999999999874e+02
6.390574000000000296e+02
6.391459999999999582e+02
6.392346000000000004e+02
6.393232000000000426e+02
6.394117999999999711e+02
6.395004000000000133e+02
6.395890000000000555e+02
6.396775999999999840e+02
6.397662000000000262e+02
6.398547999999999547e+02
6.399433999999999969e+02
6.400320000000000391e+02
6.401205999999999676e+02
6.402091000000000349e+02
6.402976999999999634e+02
6.403863000000000056e+02
6.404749000000000478e+02
6.405634000000000015e+02
6.406520000000000437e+02
6.407404999999999973e+02
6.408291000000000395e+02
6.409175999999999931e+02
6.410062000000000353e+02
6.410946999999999889e+02
6.411833000000000311e+02
6.412717999999999847e+02
6.413604000000000269e+02
6.414488999999999805e+02
6.415374000000000478e+02
6.416259999999999764e+02
6.417145000000000437e+02
6.418029999999999973e+02
6.418914999999999509e+02
6.419800999999999931e+02
6.420685999999999467e+02
6.421571000000000140e+02
6.422455999999999676e+02
6.423341000000000349e+02
6.424225999999999885e+02
6.425111000000000558e+02
6.425996000000000095e+02
6.426880999999999631e+02
6.427766000000000304e+02
6.428650999999999840e+02
6.429534999999999627e+02
6.430420000000000300e+02
6.431304999999999836e+02
6.432190000000000509e+02
6.433075000000000045e+02
6.433958999999999833e+02
6.434844000000000506e+02
6.435729000000000042e+02
6.436612999999999829e+02
6.437498000000000502e+02
6.438382000000000289e+02
6.439266999999999825e+02
6.440150999999999613e+02
6.441036000000000286e+02
6.441920000000000073e+02
6.442804999999999609e+02
6.443689000000000533e+02
6.444574000000000069e+02
6.445457999999999856e+02
6.446341999999999643e+02
6.447226000000000568e+02
6.448111000000000104e+02
6.448994999999999891e+02
6.449878999999999678e+02
6.450762999999999465e+02
6.451647000000000389e+02
6.452531999999999925e+02
6.453415999999999713e+02
6.454299999999999500e+02
6.455184000000000424e+02
6.456068000000000211e+02
6.456951999999999998e+02
6.457835999999999785e+02
6.458719999999999573e+02
6.459602999999999611e+02
6.460487000000000535e+02
6.461371000000000322e+02
6.462255000000000109e+02
6.463138999999999896e+02
6.464021999999999935e+02
6.464905999999999722e+02
6.465789999999999509e+02
6.466672999999999547e+02
6.467557000000000471e+02
6.468441000000000258e+02
6.469324000000000296e+02
6.470208000000000084e+02
6.471091000000000122e+02
6.471974999999999909e+02
6.472857999999999947e+02
6.473741999999999734e+02
6.474624999999999773e+02
6.475508999999999560e+02
6.476391999999999598e+02
6.477274999999999636e+02
6.478159000000000560e+02
6.479041999999999462e+02
6.479924999999999500e+02
6.480807999999999538e+02
6.481692000000000462e+02
6.482575000000000500e+02
6.483458000000000538e+02
6.484340999999999440e+02
6.485223999999999478e+02
6.486106999999999516e+02
6.486989999999999554e+02
6.487872999999999593e+02
6.488755999999999631e+02
6.489638999999999669e+02
6.490521999999999707e+02
6.491404999999999745e+02
6.492287999999999784e+02
6.493170999999999822e+02
6.494053000000000111e+02
6.494936000000000149e+02
6.495819000000000187e+02
6.496702000000000226e+02
6.497584000000000515e+02
6.498467000000000553e+02
6.499349999999999454e+02
6.500231999999999744e+02
6.501114999999999782e+02
6.501997999999999820e+02
6.502880000000000109e+02
6.503763000000000147e+02
6.504645000000000437e+02
6.505528000000000475e+02
6.506409999999999627e+02
6.507292999999999665e+02
6.508174999999999955e+02
6.509057000000000244e+02
6.509940000000000282e+02
6.510821999999999434e+02
6.511703999999999724e+02
6.512586999999999762e+02
6.513469000000000051e+02
6.514351000000000340e+02
6.515232999999999493e+02
6.516114999999999782e+02
6.516997999999999820e+02
6.517880000000000109e+02
6.518762000000000398e+02
6.519643999999999551e+02
6.520525999999999840e+02
6.521408000000000129e+02
6.522290000000000418e+02
6.523171999999999571e+02
6.524053999999999860e+02
6.524936000000000149e+02
6.525818000000000438e+02
6.526699999999999591e+02
6.527581000000000131e+02
6.528463000000000420e+02
6.529344999999999573e+02
6.530226999999999862e+02
6.531108000000000402e+02
6.531989999999999554e+02
6.532871999999999844e+02
6.533754000000000133e+02
6.534634999999999536e+02
6.535516999999999825e+02
6.536398000000000366e+02
6.537279999999999518e+02
6.538161000000000058e+02
6.539043000000000347e+02
6.539923999999999751e+02
6.540806000000000040e+02
6.541686999999999443e+02
6.542568999999999733e+02
6.543450000000000273e+02
6.544332000000000562e+02
6.545212999999999965e+02
6.546094000000000506e+02
6.546975999999999658e+02
6.547857000000000198e+02
6.548737999999999602e+02
6.549619000000000142e+02
6.550499999999999545e+02
6.551381999999999834e+02
6.552263000000000375e+02
6.553143999999999778e+02
6.554025000000000318e+02
6.554905999999999722e+02
6.555787000000000262e+02
6.556667999999999665e+02
6.557549000000000206e+02
6.558429999999999609e+02
6.559311000000000149e+02
6.560191999999999553e+02
6.561073000000000093e+02
6.561953999999999496e+02
6.562835000000000036e+02
6.563714999999999691e+02
6.564596000000000231e+02
6.565476999999999634e+02
6.566358000000000175e+02
6.567238999999999578e+02
6.568119000000000369e+02
6.568999999999999773e+02
6.569881000000000313e+02
6.570760999999999967e+02
6.571642000000000507e+02
6.572522000000000162e+02
6.573402999999999565e+02
6.574284000000000106e+02
6.575163999999999760e+02
6.576045000000000300e+02
6.576924999999999955e+02
6.577806000000000495e+02
6.578686000000000149e+02
6.579565999999999804e+02
6.580447000000000344e+02
6.581326999999999998e+02
6.582208000000000538e+02
6.583088000000000193e+02
6.583967999999999847e+02
6.584847999999999502e+02
6.585729000000000042e+02
6.586608999999999696e+02
6.587489000000000487e+02
6.588369000000000142e+02
6.589248999999999796e+02
6.590130000000000337e+02
6.591009999999999991e+02
6.591889999999999645e+02
6.592770000000000437e+02
6.593650000000000091e+02
6.594529999999999745e+02
6.595410000000000537e+02
6.596290000000000191e+02
6.597169999999999845e+02
6.598049999999999500e+02
6.598930000000000291e+02
6.599809999999999945e+02
6.600688999999999851e+02
6.601568999999999505e+02
6.602449000000000296e+02
6.603328999999999951e+02
6.604208999999999605e+02
6.605087999999999511e+02
6.605968000000000302e+02
6.606847999999999956e+02
6.607727999999999611e+02
6.608606999999999516e+02
6.609487000000000307e+02
6.610366000000000213e+02
6.611245999999999867e+02
6.612125999999999522e+02
6.613005000000000564e+02
6.613885000000000218e+02
6.614764000000000124e+02
6.615643999999999778e+02
6.616522999999999683e+02
6.617403000000000475e+02
6.618282000000000380e+02
6.619161000000000286e+02
6.620040999999999940e+02
6.620919999999999845e+02
6.621799999999999500e+02
6.622679000000000542e+02
6.623558000000000447e+02
6.624437000000000353e+02
6.625317000000000007e+02
6.626195999999999913e+02
6.627074999999999818e+02
6.627953999999999724e+02
6.628832999999999629e+02
6.629713000000000420e+02
6.630592000000000326e+02
6.631471000000000231e+02
6.632350000000000136e+02
6.633229000000000042e+02
6.634107999999999947e+02
6.634986999999999853e+02
6.635865999999999758e+02
6.636744999999999663e+02
6.637623999999999569e+02
6.638502999999999474e+02
6.639382000000000517e+02
6.640261000000000422e+02
6.641140000000000327e+02
6.642018000000000484e+02
6.642897000000000389e+02
6.643776000000000295e+02
6.644655000000000200e+02
6.645534000000000106e+02
6.646412000000000262e+02
6.647291000000000167e+02
6.648170000000000073e+02
6.649048999999999978e+02
6.649927000000000135e+02
6.650806000000000040e+02
6.651684000000000196e+02
6.652563000000000102e+02
6.653442000000000007e+02
6.654320000000000164e+02
6.655199000000000069e+02
6.656077000000000226e+02
6.656956000000000131e+02
6.657834000000000287e+02
6.658713000000000193e+02
6.659591000000000349e+02
6.660470000000000255e+02
6.661348000000000411e+02
6.662226000000000568e+02
6.663105000000000473e+02
6.663982999999999493e+02
6.664860999999999649e+02
6.665739999999999554e+02
6.666617999999999711e+02
6.667495999999999867e+02
6.668374999999999773e+02
6.669252999999999929e+02
6.670131000000000085e+02
6.671009000000000242e+02
6.671887000000000398e+02
6.672766000000000304e+02
6.673644000000000460e+02
6.674521999999999480e+02
6.675399999999999636e+02
6.676277999999999793e+02
6.677155999999999949e+02
6.678034000000000106e+02
6.678912000000000262e+02
6.679790000000000418e+02
6.680667999999999438e+02
6.681545999999999594e+02
6.682423999999999751e+02
6.683301999999999907e+02
6.684180000000000064e+02
6.685058000000000220e+02
6.685934999999999491e+02
6.686812999999999647e+02
6.687690999999999804e+02
6.688568999999999960e+02
6.689447000000000116e+02
6.690324000000000524e+02
6.691201999999999543e+02
6.692079999999999700e+02
6.692957999999999856e+02
6.693835000000000264e+02
6.694713000000000420e+02
6.695590999999999440e+02
6.696467999999999847e+02
6.697346000000000004e+02
6.698223000000000411e+02
6.699101000000000568e+02
6.699978999999999587e+02
6.700855999999999995e+02
6.701734000000000151e+02
6.702611000000000558e+02
6.703488999999999578e+02
6.704365999999999985e+02
6.705244000000000142e+02
6.706121000000000549e+02
6.706997999999999820e+02
6.707875999999999976e+02
6.708753000000000384e+02
6.709631000000000540e+02
6.710507999999999811e+02
6.711385000000000218e+02
6.712263000000000375e+02
6.713139999999999645e+02
6.714017000000000053e+02
6.714894000000000460e+02
6.715771999999999480e+02
6.716648999999999887e+02
6.717526000000000295e+02
6.718402999999999565e+02
6.719279999999999973e+02
6.720157000000000380e+02
6.721035000000000537e+02
6.721911999999999807e+02
6.722789000000000215e+02
6.723665999999999485e+02
6.724542999999999893e+02
6.725420000000000300e+02
6.726296999999999571e+02
6.727173999999999978e+02
6.728051000000000386e+02
6.728927999999999656e+02
6.729805000000000064e+02
6.730682000000000471e+02
6.731558999999999742e+02
6.732436000000000149e+02
6.733313000000000557e+02
6.734189000000000078e+02
6.735066000000000486e+02
6.735942999999999756e+02
6.736820000000000164e+02
6.737696999999999434e+02
6.738573000000000093e+02
6.739450000000000500e+02
6.740326999999999771e+02
6.741204000000000178e+02
6.742079999999999700e+02
6.742957000000000107e+02
6.743834000000000515e+02
6.744710000000000036e+02
6.745587000000000444e+02
6.746463999999999714e+02
6.747340000000000373e+02
6.748216999999999643e+02
6.749094000000000051e+02
6.749969999999999573e+02
6.750846999999999980e+02
6.751722999999999502e+02
6.752599999999999909e+02
6.753476000000000568e+02
6.754352999999999838e+02
6.755229000000000497e+02
6.756105999999999767e+02
6.756982000000000426e+02
6.757857999999999947e+02
6.758735000000000355e+02
6.759610999999999876e+02
6.760488000000000284e+02
6.761363999999999805e+02
6.762240000000000464e+02
6.763116999999999734e+02
6.763993000000000393e+02
6.764868999999999915e+02
6.765744999999999436e+02
6.766621999999999844e+02
6.767498000000000502e+02
6.768374000000000024e+02
6.769249999999999545e+02
6.770126999999999953e+02
6.771002999999999474e+02
6.771879000000000133e+02
6.772754999999999654e+02
6.773631000000000313e+02
6.774506999999999834e+02
6.775383000000000493e+02
6.776259999999999764e+02
6.777136000000000422e+02
6.778011999999999944e+02
6.778887999999999465e+02
6.779764000000000124e+02
6.780639999999999645e+02
6.781516000000000304e+02
6.782391999999999825e+02
6.783268000000000484e+02
6.784144000000000005e+02
6.785019999999999527e+02
6.785895000000000437e+02
6.786770999999999958e+02
6.787646999999999480e+02
6.788523000000000138e+02
6.789398999999999660e+02
6.790275000000000318e+02
6.791150999999999840e+02
6.792025999999999613e+02
6.792902000000000271e+02
6.793777999999999793e+02
6.794654000000000451e+02
6.795529999999999973e+02
6.796404999999999745e+02
6.797281000000000404e+02
6.798156999999999925e+02
6.799031999999999698e+02
6.799908000000000357e+02
