1.009119891922048984e+00
1.009119891922048984e+00
1.009119891922048984e+00
1.009119891922048984e+00
1.009119891922048984e+00
1.009119891922048984e+00
1.009119891922048984e+00
1.009119891922048984e+00
1.009119891922048984e+00
1.009119891922048984e+00
1.009119891922048984e+00
1.009119891922048984e+00
1.009119891922048984e+00
1.009119891922048984e+00
1.009119891922048984e+00
1.293525000000002478e+00
1.293525000000002478e+00
1.293525000000002478e+00
1.293525000000002478e+00
1.293525000000002478e+00
1.293525000000002478e+00
1.293525000000002478e+00
5.970646762500000193e+01
5.970646762500000193e+01
