9.999999991514956719e+02
9.999999991512358974e+02
9.999999991512306678e+02
9.999999991512306678e+02
9.999999991512306678e+02
9.999999991512042925e+02
9.999999991510882182e+02
9.999999991509239408e+02
9.999999991509239408e+02
9.999999991502859302e+02
9.999999991502859302e+02
9.999999991502859302e+02
9.999999991501673549e+02
9.999999991501673549e+02
9.999999991489870581e+02
9.999999991490151388e+02
9.999999991476697687e+02
9.999999991476697687e+02
9.999999991471071326e+02
9.999999991471071326e+02
9.999999991469796896e+02
9.999999991469796896e+02
9.999999991469937868e+02
9.999999991469937868e+02
