1.785282408816952398e+02
1.784903642134619304e+02
1.791379522302031546e+02
1.791197030840153843e+02
1.784774348346612101e+02
1.790918944423678738e+02
1.779730147936782032e+02
1.790755828370091933e+02
1.784551260579270888e+02
1.784862164640423998e+02
1.791001784241986456e+02
1.785322852347191827e+02
1.791918841353419793e+02
1.786936191706912211e+02
1.786739132399234506e+02
1.785434988807243428e+02
1.780528403442047534e+02
1.785773369618187587e+02
1.781531279933636540e+02
1.777499751944215518e+02
1.787081246479174013e+02
1.786580396976971485e+02
1.786647930302240752e+02
1.777235815109013686e+02
