-6.105152406189384706e-01
-6.109441485656399440e-01
-6.112702292619149880e-01
-6.116673530769640710e-01
-6.166663894119875922e-01
-6.124032052522568881e-01
-6.160731778156655070e-01
-6.119811668559685947e-01
-6.154953613682582203e-01
-6.105734108078526567e-01
-6.122709904194788555e-01
-6.167051851643915450e-01
-6.128773184896444404e-01
-6.178584206569101012e-01
-6.126029708859862533e-01
-6.084612612551867361e-01
-6.063417845562792952e-01
-6.076923789052429692e-01
-6.077335060774906594e-01
-6.105482720543838893e-01
-6.083027099446307595e-01
-6.083446125378988434e-01
-6.092500043260077325e-01
-6.167233805951389813e-01
