1.741012870494803355e+00
1.652575187752505892e+00
1.600570868068512231e+00
1.496792469335917364e+00
1.451226160755908712e+00
1.376259655778333535e+00
1.362285744381313002e+00
1.302819236925407465e+00
1.228413648735508401e+00
1.173608420515692918e+00
1.156853574216611946e+00
1.054766379828847356e+00
9.877240640064498534e-01
8.964480198852217141e-01
8.102901686759454991e-01
7.659142363385914587e-01
7.303521431467688840e-01
6.737705724155648168e-01
6.484148242522227434e-01
5.784718610683808881e-01
6.018595046791365144e-01
5.647127666942003410e-01
5.594457059196190629e-01
5.298946703769603639e-01
5.001402419473224281e-01
4.919993027938417973e-01
4.694089635727092258e-01
4.464241717519215058e-01
4.366324994417730143e-01
4.275927584472563603e-01
4.157067564721806940e-01
3.780038192012655784e-01
3.655573970093866087e-01
3.248388836690928594e-01
3.434860645570002591e-01
3.774739566601701402e-01
3.718272803836750184e-01
3.567251909255925724e-01
3.767420240012267496e-01
3.582265142373551869e-01
3.692366996473241958e-01
3.253964872729560032e-01
3.550607730604261603e-01
3.426624629882863426e-01
2.853257187971903197e-01
3.357362348150328413e-01
3.456965455488322791e-01
2.902986263600980110e-01
3.123784541003156168e-01
2.994390905159064475e-01
3.153600994149596271e-01
3.123362803798370169e-01
2.855854940660306207e-01
2.522748189858857737e-01
2.555603255306562738e-01
2.484222367372642681e-01
2.719504758243563858e-01
2.628234932830723070e-01
2.563685749498750832e-01
2.093763502622147110e-01
2.361171999977805247e-01
2.302579423048065621e-01
2.795639395347137568e-01
2.749291351848429099e-01
2.330468895541264462e-01
2.279457312439464867e-01
2.548738078660707784e-01
2.394499592137360189e-01
1.592084697304339824e-01
2.096126388480665514e-01
1.500388639422520765e-01
1.705273783767800866e-01
1.862785933391551130e-01
1.720014182008230974e-01
1.715912531122357199e-01
1.735980025366583301e-01
2.165944725381812319e-01
1.531014872270985427e-01
1.751101777091074174e-01
1.187184737357469405e-01
1.679634548067005517e-01
1.788016952561083672e-01
1.185399798111938796e-01
1.152322472867851472e-01
