5.532207848599524880e+01
5.603077269599069155e+01
5.773379922824050681e+01
5.833104602744140976e+01
5.988135995369498943e+01
6.108201568055643804e+01
6.219235701489982659e+01
6.396604147975062915e+01
6.642973389884041069e+01
6.848129217465039176e+01
6.874355934584815486e+01
7.072918416463770086e+01
7.149160121552650082e+01
7.112023156461516749e+01
7.252685385097672111e+01
7.376836757054563520e+01
7.368638590951323408e+01
7.432988697572010039e+01
7.243121296513707819e+01
7.398105592524591145e+01
7.404571811715175045e+01
7.483904766069740333e+01
7.481172642579110743e+01
7.552498984441929508e+01
7.519050721724946129e+01
7.560287072483204440e+01
7.658704979104719257e+01
7.646387982918768955e+01
7.533837896684327973e+01
7.560446339818601302e+01
7.586343899389422063e+01
7.628240733437839083e+01
7.705888545214141061e+01
7.855041776055577429e+01
7.780393617590512179e+01
7.778694618299849139e+01
7.568688068645329281e+01
7.801353047130899654e+01
7.729176161076385654e+01
7.651496756954330181e+01
7.514264124363340613e+01
7.708195613287234949e+01
7.710948023691868514e+01
7.664757767634006314e+01
7.713720658432531252e+01
7.506385711490372614e+01
7.610024023528802672e+01
7.769800462060986490e+01
7.789857490355801417e+01
7.500192607374025044e+01
7.619444598668130197e+01
7.517943571272240888e+01
7.616690197115161709e+01
7.855679314405963964e+01
7.628734395873649987e+01
7.685803528629831760e+01
7.639657027494396857e+01
7.627074374534612389e+01
7.653708889112219538e+01
7.712084776933093622e+01
7.632813172963493287e+01
7.650204550327413244e+01
7.624896615547828560e+01
7.500380455704879523e+01
7.566821334447777758e+01
7.691932980111788254e+01
7.563546133312783581e+01
7.613651112722990888e+01
7.677615468216181682e+01
7.536381077067213141e+01
7.678645794136777170e+01
7.603547441315677702e+01
7.617658717076790253e+01
7.532413987325294613e+01
7.500938379320602678e+01
7.492968587810227632e+01
7.436249806715102295e+01
7.586243383554018749e+01
7.613027422876575656e+01
7.695663075686397292e+01
7.405084024970341261e+01
7.311302505824188813e+01
7.491967905529033089e+01
7.403035958779928194e+01
