9.886434936780808869e+01
9.730424366394535696e+01
9.435539911541883384e+01
9.369730905344825089e+01
9.211884363603925863e+01
9.114714957344776280e+01
9.007644349952556695e+01
8.798300829957659630e+01
8.602075320080722065e+01
8.408766476742410134e+01
8.359146338888788819e+01
8.302274424786337192e+01
8.255334959603965217e+01
8.407484270888073752e+01
8.306511733388485652e+01
8.224159609472060595e+01
8.262127409361634989e+01
8.238004278541758651e+01
8.487173695101466819e+01
8.354205146859958120e+01
8.281346839020937978e+01
8.222982105517758100e+01
8.263281816238165334e+01
8.114996765733732786e+01
8.174327727265777810e+01
8.121977302054780523e+01
7.994699378648812171e+01
8.054102445221570861e+01
8.142390428956781534e+01
8.095767938459702862e+01
8.082529280964359941e+01
8.062852104995099012e+01
7.969820823798073661e+01
7.611077492564037072e+01
7.723691730160676627e+01
7.717462299927677805e+01
8.019249483078095864e+01
7.771781272714092381e+01
7.797345483812901534e+01
7.904028273940861027e+01
8.022870394036520736e+01
7.785625236853061892e+01
7.790671865772810634e+01
7.859231467361867374e+01
7.790004810496733967e+01
8.009656378791908082e+01
7.838440627995434795e+01
7.670398823218690154e+01
7.654195705053264476e+01
7.948276721686777080e+01
7.899144780998162219e+01
7.983025673709281023e+01
7.819050352116961733e+01
7.554116085047370177e+01
7.737078046138185528e+01
7.738331974209879149e+01
7.778686299125135406e+01
7.640918021532692705e+01
7.803855826563031428e+01
7.723156606314519479e+01
7.711473631034129994e+01
7.795981380547165429e+01
7.738140109310356252e+01
7.941201284294358231e+01
7.669115305390756987e+01
7.724286634916960281e+01
7.762743515802688421e+01
7.763489742176126640e+01
7.705968718890785851e+01
7.899562761357452700e+01
7.722122172517521221e+01
7.706565008823143614e+01
7.721848614464812499e+01
7.788638879973150608e+01
7.799198777271568872e+01
7.898653985136789402e+01
7.844226193307062545e+01
7.833720640196739282e+01
7.711584315452678595e+01
7.666786298367834718e+01
7.937537967532225025e+01
8.114470122583627187e+01
7.887500186902963151e+01
7.928046181755756550e+01
