5.511209010726209101e+01
5.619934764005105876e+01
5.763878157628371213e+01
5.861705059456846811e+01
5.923844372071622644e+01
6.008717051234985718e+01
6.083836416240850298e+01
6.201309502754175895e+01
6.395840336606428878e+01
6.520027199878903446e+01
6.601624350307392319e+01
6.685663718169382719e+01
6.852132570306268633e+01
6.925658908932594215e+01
7.042100933691781961e+01
7.165264598509455141e+01
7.203432391872740936e+01
7.260901629842396687e+01
7.223761799021583840e+01
7.353455976922327864e+01
7.432289082044036377e+01
7.490183563720208326e+01
7.577894457396703842e+01
7.746115339550243561e+01
7.730820829510753356e+01
7.898802567990186674e+01
8.022595362065236202e+01
8.059787020396497326e+01
8.096439044266637097e+01
8.202667321832261393e+01
8.251743147079757534e+01
8.429343197572899271e+01
8.463891873863828152e+01
8.511454815663759632e+01
8.667406490359142879e+01
8.757973803429801762e+01
8.761398485901683841e+01
8.754609174287823237e+01
8.897099204562809405e+01
8.892020682537874166e+01
8.934946254065313553e+01
8.960524231274646922e+01
9.104760556091716239e+01
9.122834573488377430e+01
9.122674388642106180e+01
9.216015451767222544e+01
9.299884088332032661e+01
9.353214150121495152e+01
9.493301796788820468e+01
9.588184519484870805e+01
9.730106433897313423e+01
9.763243222910728036e+01
9.898907632746839624e+01
9.999999999999987210e+01
9.999999999999998579e+01
9.999999999999998579e+01
9.999999999999998579e+01
9.999999999999978684e+01
9.999999999999872102e+01
9.999999999999987210e+01
9.999999999999998579e+01
9.999999999999998579e+01
9.999999999999985789e+01
9.999999999999997158e+01
9.999999999999373301e+01
9.999999999999899103e+01
9.999999999999393197e+01
9.999999999999994316e+01
9.999999999999998579e+01
9.999999999999950262e+01
9.999999999999998579e+01
9.999999999999998579e+01
9.999999999999998579e+01
9.999999999999997158e+01
9.999999999999998579e+01
9.999999999999998579e+01
9.999999999999998579e+01
9.999999999999998579e+01
9.999999999999998579e+01
9.999999999999998579e+01
9.999999999999758415e+01
9.999999999999997158e+01
9.999999999999995737e+01
9.999999999999998579e+01
