1.734399772270017959e+00
1.538192209759559281e+00
1.517633639778519505e+00
1.396379622362827977e+00
1.269248789311522518e+00
1.242299696349059124e+00
1.146491478822644794e+00
1.100833513673559638e+00
1.024376574335257084e+00
9.392754173183464061e-01
9.179659385811780314e-01
8.608116879897286244e-01
7.922229190686556066e-01
7.241921927037553441e-01
6.479781445770674830e-01
5.885580748282422947e-01
5.533106927562686517e-01
5.135703257988444292e-01
4.907862666191389889e-01
4.277022031692094273e-01
4.274685930445331072e-01
3.955744354626988257e-01
3.786378793536527287e-01
3.555995150268004279e-01
3.598855289279783709e-01
3.405026197950459799e-01
3.167560953544060753e-01
3.000592545094904473e-01
2.904262117682964717e-01
2.667777224312392059e-01
2.633242112500064902e-01
2.518630043836515564e-01
2.560035279140936981e-01
2.222506893074426837e-01
2.213235450973057017e-01
2.288787292131408135e-01
2.321106962517862637e-01
2.335684597153694642e-01
2.033602758817242839e-01
2.056499988859131767e-01
2.056555456623937184e-01
1.993211232121676335e-01
1.893462125093685333e-01
1.945939395004936123e-01
1.901371927591268829e-01
1.765277766838846685e-01
1.586207180013415041e-01
1.715938175201791038e-01
1.741201846788160423e-01
1.522066619101951068e-01
1.560292453913913469e-01
1.370822444651662864e-01
1.446281349315211573e-01
1.490170536911642751e-01
1.544051901847981467e-01
0.000000000000000000e+00
0.000000000000000000e+00
0.000000000000000000e+00
0.000000000000000000e+00
0.000000000000000000e+00
0.000000000000000000e+00
0.000000000000000000e+00
0.000000000000000000e+00
0.000000000000000000e+00
0.000000000000000000e+00
0.000000000000000000e+00
0.000000000000000000e+00
0.000000000000000000e+00
0.000000000000000000e+00
0.000000000000000000e+00
0.000000000000000000e+00
0.000000000000000000e+00
0.000000000000000000e+00
0.000000000000000000e+00
0.000000000000000000e+00
0.000000000000000000e+00
0.000000000000000000e+00
0.000000000000000000e+00
0.000000000000000000e+00
0.000000000000000000e+00
0.000000000000000000e+00
0.000000000000000000e+00
0.000000000000000000e+00
0.000000000000000000e+00
