9.848906289953667681e+01
9.823804891035081255e+01
9.526207551123300732e+01
9.523197002094683228e+01
9.595959632647141291e+01
9.544129362810004125e+01
9.576730500987049766e+01
9.539310957130423674e+01
9.402144728521693651e+01
9.369151373753378209e+01
9.323133170462392627e+01
9.338600300646758967e+01
9.208517273552988058e+01
9.259425689781410540e+01
9.240312572682741177e+01
9.184823370887930594e+01
9.211523039628586673e+01
9.201650130994970311e+01
9.341720689074637107e+01
9.240858235549467281e+01
9.145789239373017665e+01
9.120093529393382425e+01
9.044099253791171122e+01
8.864398312525118229e+01
8.901134961844104510e+01
8.671009554710406064e+01
8.537386939945298536e+01
8.490290580645725527e+01
8.458720975250885488e+01
8.355035494955149034e+01
8.293710205102343025e+01
8.067615177080058686e+01
7.995224924696726987e+01
7.935993880534897471e+01
7.739256794591968003e+01
7.580750525214767777e+01
7.618592850498913549e+01
7.605204081580318132e+01
7.393572641639995879e+01
7.401498693142772822e+01
7.335231257123305681e+01
7.316326200120469991e+01
7.129385391177245879e+01
7.085122398586514691e+01
7.084104974352288764e+01
6.940564716595253003e+01
6.830832392565892519e+01
6.722965748937531316e+01
6.560556723555107794e+01
6.466738000293460686e+01
6.259972117613402531e+01
6.195998553145008003e+01
6.002224656132538883e+01
5.854680622337848206e+01
5.826518090256688964e+01
5.771593628259262232e+01
5.795675884317265059e+01
5.738982839188926022e+01
5.649296655302524783e+01
5.630528510591619096e+01
5.610884732679220122e+01
5.547221100739307076e+01
5.511018866969617847e+01
5.493429611575735549e+01
5.415270765974147338e+01
5.411589315682202539e+01
5.381815179224803813e+01
5.320571657985559710e+01
5.260869281094549876e+01
5.296402157775128927e+01
5.216934344565187587e+01
5.192654445480216907e+01
5.209171834998814887e+01
5.128568948266583760e+01
5.104954422299996253e+01
5.116107709705661932e+01
5.072449180261980217e+01
5.084367187782213904e+01
5.098209191535048035e+01
5.037576529804484693e+01
5.020166005938506970e+01
4.980733763763281985e+01
4.971365254586027049e+01
5.014663875155723360e+01
