4.655428736656585897e+02
4.653828293281881656e+02
4.652463391723152881e+02
4.651466271912004800e+02
4.649143055229516222e+02
4.648093169124326778e+02
4.645523231494536844e+02
4.644203115609078623e+02
4.642888808049636395e+02
4.640549984034329327e+02
4.640051675323614973e+02
4.639027136852996023e+02
4.637282418055288531e+02
4.637114576131349963e+02
4.635438911842035168e+02
4.633485381052164485e+02
4.633172095452061967e+02
4.632289159461705594e+02
4.632782527540520050e+02
4.628901979579056842e+02
4.630292525569045665e+02
4.628698351364338919e+02
4.629153662339488733e+02
4.627676174476618485e+02
4.627567620259338241e+02
4.627318698949632676e+02
4.627890750740185126e+02
4.625939171082764574e+02
4.625801592190388760e+02
4.623670611307215950e+02
4.625206102524165885e+02
4.623115946126317795e+02
4.625160448268998721e+02
4.624181795570017357e+02
4.622358798949035190e+02
4.623613376696344517e+02
4.622773582402597867e+02
4.623475251972471938e+02
4.623426317742764695e+02
4.619680360485606343e+02
4.621828748436950036e+02
4.619165681668454226e+02
4.619263798451898424e+02
4.622596432592414430e+02
4.622404089541805661e+02
4.617017867652378413e+02
4.620402770745915291e+02
4.620656238541591847e+02
4.618075577447951900e+02
4.616948498726409866e+02
4.616389856895369803e+02
4.616719889496701512e+02
4.619213701228428590e+02
4.616683060613821681e+02
4.619989463074353466e+02
0.000000000000000000e+00
0.000000000000000000e+00
0.000000000000000000e+00
0.000000000000000000e+00
0.000000000000000000e+00
0.000000000000000000e+00
0.000000000000000000e+00
0.000000000000000000e+00
0.000000000000000000e+00
0.000000000000000000e+00
0.000000000000000000e+00
0.000000000000000000e+00
0.000000000000000000e+00
0.000000000000000000e+00
0.000000000000000000e+00
0.000000000000000000e+00
0.000000000000000000e+00
0.000000000000000000e+00
0.000000000000000000e+00
0.000000000000000000e+00
0.000000000000000000e+00
0.000000000000000000e+00
0.000000000000000000e+00
0.000000000000000000e+00
0.000000000000000000e+00
0.000000000000000000e+00
0.000000000000000000e+00
0.000000000000000000e+00
0.000000000000000000e+00
