5.339943748780724491e+02
5.342706574779857647e+02
5.344017288941529387e+02
5.347526442390111470e+02
5.349787315419765719e+02
5.352992023738614762e+02
5.355515281667283034e+02
5.359200248970449820e+02
5.365514837588153796e+02
5.369972024726284872e+02
5.372201268960091056e+02
5.376327740185530502e+02
5.382793315979130284e+02
5.386792908800455280e+02
5.391930481574926262e+02
5.396433459479416115e+02
5.399144084622513446e+02
5.402263780591979412e+02
5.403868170054103075e+02
5.408062706946039953e+02
5.412025706091446864e+02
5.414192251191836931e+02
5.417474199383581208e+02
5.422058073377473875e+02
5.422491960901162429e+02
5.428436376471978519e+02
5.431356701608980302e+02
5.433296481330301049e+02
5.434198609815024383e+02
5.438073186799882706e+02
5.440106976179882849e+02
5.444340295868778412e+02
5.446620921434706588e+02
5.448733159676760351e+02
5.452649942845719124e+02
5.454462681334894114e+02
5.454694946442518813e+02
5.453794986468122943e+02
5.457977411451914804e+02
5.459150233208091549e+02
5.458791237822324547e+02
5.460474272191939917e+02
5.464264870190266947e+02
5.464929133906741754e+02
5.466162814545853053e+02
5.469635259773598364e+02
5.470545996387628520e+02
5.471913499337064195e+02
5.476247717864240485e+02
5.478064042932194297e+02
5.482015538349008921e+02
5.483660200196146661e+02
5.486187171137460155e+02
5.488359326003179604e+02
5.487500146790409872e+02
5.486904452775411301e+02
5.486374368010369835e+02
5.485937219217871643e+02
5.485905570277714105e+02
5.484677471870260206e+02
5.484950981069921454e+02
5.485584154886057604e+02
5.484970782181852655e+02
5.485809121459338940e+02
5.485373999109898477e+02
5.483912295420922192e+02
5.484792949072439114e+02
5.486096289806440609e+02
5.486472754805166687e+02
5.484325391180459519e+02
5.486598760901298419e+02
5.485229152162091850e+02
5.484879701123115865e+02
5.486900516680709643e+02
5.487749654564971706e+02
5.486204156220493360e+02
5.485283237130976204e+02
5.486569670250559057e+02
5.484606730870369802e+02
5.486327511351541943e+02
5.486291829996539491e+02
5.487831757527337686e+02
5.486847839137691381e+02
5.485069444292898879e+02
