5.007275995343566137e+02
5.010015614616994526e+02
5.011366578493864949e+02
5.014015560987359663e+02
5.015501469782112167e+02
5.017391535351870289e+02
5.018966503218285311e+02
5.021080403687603848e+02
5.024202230379084426e+02
5.026814345487352398e+02
5.028396666153796559e+02
5.031248162458447837e+02
5.034746238185363723e+02
5.037709833549066616e+02
5.040754994119861863e+02
5.044124731117123588e+02
5.046290076930794726e+02
5.048624793348087110e+02
5.050553475730600894e+02
5.053378892743410802e+02
5.055722034206495437e+02
5.057668858358455850e+02
5.059856737677270644e+02
5.062271441365580813e+02
5.063401912742808122e+02
5.066619046985173895e+02
5.068777235820033411e+02
5.070075591710507297e+02
5.070781865002185782e+02
5.073425623192698026e+02
5.074568627709160182e+02
5.077472267021437915e+02
5.078249615587395169e+02
5.080202974944789389e+02
5.082346741902857730e+02
5.083031902529114632e+02
5.083984844766079618e+02
5.084053331443373054e+02
5.086285395901229549e+02
5.087023287202283086e+02
5.087553119373494610e+02
5.088767169127474972e+02
5.090822180572029083e+02
5.091321222818264118e+02
5.092570687269612222e+02
5.094306614291617166e+02
5.095342630868323681e+02
5.096444691310828148e+02
5.099426115266667239e+02
5.100612887584791224e+02
5.102992593522617994e+02
5.104535682778348473e+02
5.105756039735739478e+02
5.106920423450000612e+02
5.106785983846128829e+02
5.106600961178928628e+02
5.107576007334038195e+02
5.107449012365618159e+02
5.107452760028280068e+02
5.107100542172871656e+02
5.107686850614375089e+02
5.108067175163387219e+02
5.108323277553234334e+02
5.108924509039674717e+02
5.108821744524444171e+02
5.108759759175748059e+02
5.109427178503725031e+02
5.109806275671003277e+02
5.110431622986399134e+02
5.110246029292494541e+02
5.110838588617894516e+02
5.110834132736524680e+02
5.110499235007841889e+02
5.111829405689319401e+02
5.112315856575513067e+02
5.112823184700282013e+02
5.111222127658450631e+02
5.112282052228392786e+02
5.112606324720417774e+02
5.112531649738364194e+02
5.113348835389408009e+02
5.114277679772755505e+02
5.113397845334854992e+02
5.113446983993656545e+02
