5.271071420243286099e+01
5.357382001127268722e+01
5.414377576583618179e+01
5.489961857671585221e+01
5.555932202324883917e+01
5.608341695413867001e+01
5.673812034136895477e+01
5.751200429808663728e+01
5.848137122929276899e+01
5.930062364681189280e+01
5.979891918097507642e+01
6.039602845328040814e+01
6.114742176479371238e+01
6.175468603699971482e+01
6.241828285329986414e+01
6.311723114744025054e+01
6.345051858024533686e+01
6.380707684512906752e+01
6.391858905792133072e+01
6.450977970260763072e+01
6.470879704453560066e+01
6.509385343390765399e+01
6.547807853363984520e+01
6.604205922440236520e+01
6.608030868678484637e+01
6.654828982730722942e+01
6.704989623462284953e+01
6.716301818091277198e+01
6.735932678541981034e+01
6.771176448359666722e+01
6.789771871526109237e+01
6.841254944317306297e+01
6.842526355577854247e+01
6.862073631419065123e+01
6.908384372325880918e+01
6.918237642798494846e+01
6.935533337563067846e+01
6.931984417553050548e+01
6.964621590264374618e+01
6.961753386023637802e+01
6.978411542385374844e+01
6.987947401854128771e+01
7.023644758463689186e+01
7.025983426140642507e+01
7.029527009618766442e+01
7.038434616747819916e+01
7.067140905548482976e+01
7.078107619226426550e+01
7.112490322857584601e+01
7.148523191451384662e+01
7.180602612312877397e+01
7.184662025727440948e+01
7.218450592773776009e+01
7.243376021801667264e+01
7.246250479789732424e+01
7.261205339811020565e+01
7.274488932593742163e+01
7.267694526872348604e+01
7.254221044566750720e+01
7.265474304534943428e+01
7.260328736435677399e+01
7.257688358769762260e+01
7.269574624301056076e+01
7.258040736355791012e+01
7.254467132612363400e+01
7.265725063655261806e+01
7.260796486270069749e+01
7.259782536038684952e+01
7.245036861978095999e+01
7.273462683064900602e+01
7.260754680828804908e+01
7.268291182588681920e+01
7.275550868016713935e+01
7.254753184081027939e+01
7.255929442328762491e+01
7.274707352306309360e+01
7.261583023363623113e+01
7.278421903902501811e+01
7.293827820682196261e+01
7.286974424358290037e+01
7.280167827809074765e+01
7.275721257798701913e+01
7.284008305847660836e+01
7.308799952255338894e+01
