8.599153024262629685e+01
8.675659468902658489e+01
8.616193533209501254e+01
8.669989361497115965e+01
8.722638504823252958e+01
8.721525586523785023e+01
8.757644937437575550e+01
8.772746890728032554e+01
8.764592270149091746e+01
8.768112542184510971e+01
8.776051471261206416e+01
8.801212850501859464e+01
8.765879185672494600e+01
8.795399910168778490e+01
8.806924690086630392e+01
8.812046795789859743e+01
8.820007429756039130e+01
8.824403873319342040e+01
8.866393579806651815e+01
8.853357555649733968e+01
8.821968982435875262e+01
8.819810476700867241e+01
8.801713722818114150e+01
8.761436948219727583e+01
8.781323718999138350e+01
8.702816771484475566e+01
8.668692866607857184e+01
8.648350364243960087e+01
8.633936369702753666e+01
8.619763510225573100e+01
8.593057042151998814e+01
8.537995401094310921e+01
8.492892255991644390e+01
8.466261324895701534e+01
8.399235317705890225e+01
8.348340921420704319e+01
8.370109625319140889e+01
8.372530795030367301e+01
8.287360448233380339e+01
8.273484817074719899e+01
8.265180425768492967e+01
8.254685010144787327e+01
8.188758182721029755e+01
8.154920700160269575e+01
8.148341576235726791e+01
8.083546770778883683e+01
8.054382948583577218e+01
7.991069191498893076e+01
7.934887372265698957e+01
7.903820493867773678e+01
7.805057514818378195e+01
7.766174012134125348e+01
7.678312849365966031e+01
7.610469725305233624e+01
7.581757100735502775e+01
7.533460475555449420e+01
7.569874535565996609e+01
7.514979535006422395e+01
7.446139092808715532e+01
7.430606888020932388e+01
7.418312011081125945e+01
7.349771971493377976e+01
7.319557270882775413e+01
7.303264014555600170e+01
7.248423068429586635e+01
7.262435053290344911e+01
7.217775833712362044e+01
7.178740983864290115e+01
7.116646411712233089e+01
7.139367419466482545e+01
7.072007397426659736e+01
7.059057200159455192e+01
7.055196755420540455e+01
6.982500630404638287e+01
6.952923813112356299e+01
6.980237687902025812e+01
6.922834115401902011e+01
6.958122116784753075e+01
6.957373603133278550e+01
6.902570095572040998e+01
6.888334470163088952e+01
6.855816392052074093e+01
6.825048185436367021e+01
6.834253104620235320e+01
