1.612835632298362043e+01
1.551922107345603230e+01
1.542900256595323327e+01
1.509016246577582443e+01
1.456227589147827217e+01
1.436822632293741009e+01
1.379880726493330378e+01
1.375948891592113021e+01
1.334663138088744638e+01
1.268671832101672692e+01
1.270269275295632205e+01
1.231858780770887485e+01
1.183712279291986746e+01
1.144354529491459083e+01
1.094288073606854717e+01
1.026140163952090489e+01
1.018050331366138117e+01
9.959648097998698546e+00
9.775100085846451847e+00
8.849304810236949592e+00
8.939304306977559733e+00
8.739104021827287738e+00
8.784954752459153582e+00
8.299068971172268050e+00
8.456020619568921148e+00
8.015843425873606876e+00
7.972858168570351900e+00
7.578823511162994464e+00
7.471641848143261377e+00
6.893075868193197842e+00
7.024185063040435217e+00
6.757779483916929841e+00
6.891079843246077807e+00
6.496777063208342362e+00
6.203565323747605831e+00
6.534404072915592998e+00
6.260248149138265106e+00
6.864258120206017111e+00
6.221136751450381475e+00
6.133174120848270405e+00
6.037729432874779256e+00
6.022207202805232029e+00
5.593208832626578086e+00
5.986862886910379267e+00
5.840773627228201370e+00
5.296383250026089229e+00
5.051364985664164919e+00
5.291475520521617959e+00
5.418037285347659271e+00
4.696540434067976832e+00
5.219069612424501514e+00
4.663480060506080882e+00
4.954687958128618064e+00
4.844853423154263261e+00
4.553400135400850424e+00
0.000000000000000000e+00
0.000000000000000000e+00
0.000000000000000000e+00
0.000000000000000000e+00
0.000000000000000000e+00
0.000000000000000000e+00
0.000000000000000000e+00
0.000000000000000000e+00
0.000000000000000000e+00
0.000000000000000000e+00
0.000000000000000000e+00
0.000000000000000000e+00
0.000000000000000000e+00
0.000000000000000000e+00
0.000000000000000000e+00
0.000000000000000000e+00
0.000000000000000000e+00
0.000000000000000000e+00
0.000000000000000000e+00
0.000000000000000000e+00
0.000000000000000000e+00
0.000000000000000000e+00
0.000000000000000000e+00
0.000000000000000000e+00
0.000000000000000000e+00
0.000000000000000000e+00
0.000000000000000000e+00
0.000000000000000000e+00
0.000000000000000000e+00
