-1.592261432364886486e-01
-1.590699199549504006e-01
-1.550150442927178684e-01
-1.554578834836410073e-01
-1.570473031531468000e-01
-1.570097140358701071e-01
-1.582047078790859429e-01
-1.587933931885116001e-01
-1.591832885013104437e-01
-1.601518673876006771e-01
-1.604384376899907205e-01
-1.617403997244376279e-01
-1.622874749970751040e-01
-1.641848239011290678e-01
-1.663569650285370016e-01
-1.673606617912843653e-01
-1.685910183769305515e-01
-1.694043892039698018e-01
-1.715247698718663505e-01
-1.717534760618539824e-01
-1.715582190181534350e-01
-1.718264734871249311e-01
-1.719268038795034592e-01
-1.716525178272622909e-01
-1.721607169846089413e-01
-1.700596978829239381e-01
-1.698083491461855055e-01
-1.697802533382595513e-01
-1.695471233168444336e-01
-1.694152012797414120e-01
-1.691955586427186520e-01
-1.677651719403449593e-01
-1.667056265710033791e-01
-1.660585636067182513e-01
-1.652491462861900573e-01
-1.634943535535902659e-01
-1.642545359087896339e-01
-1.640922438643376835e-01
-1.621303348013353463e-01
-1.619289938807061124e-01
-1.614663543342216290e-01
-1.613218013585240862e-01
-1.603081766888860282e-01
-1.596787275327113120e-01
-1.589328654744558422e-01
-1.585018728586005954e-01
-1.573947102975780388e-01
-1.559748300225529682e-01
-1.553775710446788361e-01
-1.549122198867197708e-01
-1.532447638976206505e-01
-1.521097320033092393e-01
-1.505222096098629281e-01
-1.487613334010786659e-01
-1.475976573971047312e-01
-1.452825978167925636e-01
-1.463184365254408814e-01
-1.435706887216631755e-01
-1.418219217617160133e-01
-1.411903634500228377e-01
-1.407420176904374542e-01
-1.389180753469153040e-01
-1.366193458891635792e-01
-1.365841733950309278e-01
-1.349828661711802158e-01
-1.337798244021220773e-01
-1.338459125245408665e-01
-1.309312735661690152e-01
-1.296099017943882770e-01
-1.293367968964534986e-01
-1.277243772504151609e-01
-1.256297378671712428e-01
-1.249329924377444306e-01
-1.242820830084745004e-01
-1.235738124685896860e-01
-1.239491281744371787e-01
-1.223933356482509727e-01
-1.212152019055099533e-01
-1.222283647497604264e-01
-1.199091959660509854e-01
-1.198981347671339015e-01
-1.190165105927916550e-01
-1.169550925425256183e-01
-1.176615507703284297e-01
