5.007275998481622423e+02
5.009584752806366623e+02
5.011193165196767154e+02
5.013103396935011347e+02
5.015879508113175689e+02
5.018230867260115247e+02
5.020460209942340839e+02
5.023413829613652979e+02
5.027154050258521920e+02
5.031223821656288919e+02
5.032767950496506160e+02
5.036996440653817331e+02
5.040422786985990342e+02
5.042606763077812957e+02
5.047172952529205645e+02
5.050877283673200964e+02
5.053535329888463252e+02
5.057296963029556309e+02
5.057709806896020837e+02
5.061441779812726622e+02
5.063701174223729709e+02
5.066123521771705214e+02
5.067154745408394660e+02
5.069777086531664736e+02
5.070896601883263202e+02
5.072875315630873274e+02
5.075331281048149776e+02
5.076058378532306961e+02
5.076382442882788837e+02
5.077901284180612720e+02
5.079808818908036869e+02
5.080966268152356520e+02
5.082092828900414361e+02
5.085417837534931209e+02
5.085007991412372803e+02
5.085398812195419964e+02
5.083076994025115596e+02
5.085557070112390079e+02
5.085868766494723445e+02
5.085682449030891803e+02
5.084593898357225612e+02
5.087412070472196888e+02
5.088312710775311416e+02
5.087837129605038058e+02
5.089626816134734781e+02
5.086709084763638771e+02
5.089151414541565828e+02
5.091119290244922695e+02
5.091799228800638275e+02
5.088571245105978846e+02
5.090136799875866700e+02
5.090376807889875863e+02
5.090175844850214162e+02
5.094028724504836418e+02
5.091610301273378241e+02
5.092440291698434294e+02
5.092127655500905234e+02
5.092762697639115004e+02
5.092856058417410736e+02
5.093282137532329443e+02
5.094170853566848223e+02
5.093452116967666825e+02
5.093747715861428560e+02
5.092415679342805674e+02
5.093915437920248337e+02
5.095268791446913497e+02
5.094358993508723188e+02
5.095373379798652991e+02
5.096493931125499444e+02
5.095167028875562210e+02
5.097471869665801023e+02
5.097357174776086026e+02
5.097183264457235055e+02
5.097178645698843411e+02
5.097490518972142581e+02
5.096415395819163905e+02
5.096564269549832602e+02
5.098526769559282457e+02
5.099243867528224996e+02
5.100756219475562148e+02
5.098199864969770942e+02
5.096453320103012743e+02
5.099401391524331757e+02
5.098641925346374819e+02
