5.339943750617309206e+02
5.342023549226115620e+02
5.343565099012155315e+02
5.345563701459760750e+02
5.349947291709775072e+02
5.353364477657637508e+02
5.357050347025647170e+02
5.362228190853625165e+02
5.369168404042422935e+02
5.375681558773835604e+02
5.376829183537170138e+02
5.382981203482289629e+02
5.387935681362323521e+02
5.389276980913006128e+02
5.395815379499368873e+02
5.401277769854792723e+02
5.403085807024398264e+02
5.406989572387813041e+02
5.405607531260086489e+02
5.410201729285704459e+02
5.413231777792583443e+02
5.416372926062998658e+02
5.417066605071885306e+02
5.420584884276981938e+02
5.420602682859894230e+02
5.422978797930339852e+02
5.426511576838894371e+02
5.426154699931045116e+02
5.425641926539044562e+02
5.428150368579634915e+02
5.429032997074556306e+02
5.429873876472812526e+02
5.432319081587014580e+02
5.438764423996840378e+02
5.437156340735028834e+02
5.437737535959897741e+02
5.431781571345910606e+02
5.437097200894571642e+02
5.436603981383100290e+02
5.435312167332688205e+02
5.432540923478838977e+02
5.438135665371107734e+02
5.438900740631245299e+02
5.438162592622082911e+02
5.440333795458501527e+02
5.435761781474703866e+02
5.438817566196092912e+02
5.442939682613858849e+02
5.444789329179809556e+02
5.437611169037805894e+02
5.440216012766956055e+02
5.439417584352430595e+02
5.440335255205656040e+02
5.446794035817139275e+02
5.442553321253336662e+02
5.443740977756413031e+02
5.443071262595670987e+02
5.445830857039278499e+02
5.443455687883995324e+02
5.445757856240246610e+02
5.445598067552130033e+02
5.445438759394211274e+02
5.447201720664539835e+02
5.442536339886619317e+02
5.446857682031106833e+02
5.448281758172380478e+02
5.446887715335990379e+02
5.449574397842606004e+02
5.450119398161248228e+02
5.446326451627306824e+02
5.450763032671272867e+02
5.450346672942213218e+02
5.451505625523362824e+02
5.449890088893110942e+02
5.449203023572463280e+02
5.449666957310157613e+02
5.450173708408311768e+02
5.451227593283070973e+02
5.454860188324385035e+02
5.455625775186316559e+02
5.451311069144044268e+02
5.447177119885042202e+02
5.452679403018661333e+02
5.452385788810220220e+02
