4.655428759872619935e+02
4.655680375064239911e+02
4.654215879637092144e+02
4.653296237756561027e+02
4.651871578914030465e+02
4.650513896163650998e+02
4.649269364285905795e+02
4.647996985086479071e+02
4.645358638737304204e+02
4.644673145180393021e+02
4.642991015972521041e+02
4.642335700816304893e+02
4.640061461490096235e+02
4.638989598032041499e+02
4.639302310545062369e+02
4.638789719570968373e+02
4.637435437191589358e+02
4.637432260411249558e+02
4.636942136609258114e+02
4.635552368888320416e+02
4.636529542777415713e+02
4.635656608121722115e+02
4.637630568803068059e+02
4.635990851630749603e+02
4.634986419441726753e+02
4.638071158290363201e+02
4.635957319057426389e+02
4.632873126434985807e+02
4.635966074452086900e+02
4.636095727394855999e+02
4.635509926778809131e+02
4.630619972113737504e+02
4.631974536993664628e+02
4.629733856186749676e+02
4.632682271504411347e+02
4.636112561449290865e+02
4.633596353982076721e+02
4.634123756773133778e+02
4.634354445420104867e+02
4.635425664583593743e+02
4.635500682976702365e+02
4.629189822511913803e+02
4.633192096313055117e+02
4.632806483528618742e+02
4.625916818689361776e+02
4.628950645559372674e+02
4.638657741688599572e+02
4.630923691586962718e+02
4.632165378795869515e+02
4.633180270822853117e+02
4.633777411883551167e+02
4.631600718272732138e+02
4.627204393882702220e+02
4.627131033230274397e+02
4.627857530501586893e+02
4.624627302766074308e+02
4.631564664082378044e+02
4.632607321655637520e+02
4.631224450332776996e+02
4.618663118322376135e+02
4.634551970649743566e+02
4.626362244580143397e+02
4.631383896809352905e+02
4.636991284269862490e+02
4.626512688395937403e+02
4.631065911323065620e+02
4.631903310138197298e+02
4.629923488746680960e+02
4.625965479488588130e+02
4.627353329225350649e+02
4.617594977506527130e+02
4.619992467585304325e+02
4.626778129405781215e+02
4.621261631414065505e+02
4.619524071429683545e+02
4.627591015225173692e+02
4.633953689648576528e+02
4.624029946622898706e+02
4.626006099293960006e+02
4.618127608716139321e+02
4.622784897092114988e+02
4.623727625807280788e+02
4.618781079026857128e+02
4.618992112580986031e+02
