4.516803896985561853e-21
3.333957479735233376e-01
3.306151174970027862e-01
3.116050776803573896e-01
3.265667447650421051e-01
3.351603108087900518e-01
3.535122844066035386e-01
3.681131225572622512e-01
3.799858690330466526e-01
4.111840928372160753e-01
4.218300182854585745e-01
4.184217410858890318e-01
4.253409943966230400e-01
3.918112949141980272e-01
3.875599702784186529e-01
3.736160438046638443e-01
3.759911367278516714e-01
3.572359997732635906e-01
3.229868594724469855e-01
3.088709202345486515e-01
3.232451242610808739e-01
3.177319725565180830e-01
3.038846365057509824e-01
3.116155893990877890e-01
2.901383519168151959e-01
2.797576812244642608e-01
2.918469993084374936e-01
2.639392498509203766e-01
2.551845350117623590e-01
2.313695412034563192e-01
2.417929579351261182e-01
2.361932525565867136e-01
2.261708996118276527e-01
2.068921262122166982e-01
2.213710614446011693e-01
2.389057803489643417e-01
2.114918018175687142e-01
2.201662823627352772e-01
2.202631421076459706e-01
2.122452765705886424e-01
2.194772994692371082e-01
1.978586115426026748e-01
2.067740705924491496e-01
2.016076263987782169e-01
1.657488576771088962e-01
1.742942472805906473e-01
1.961077169823587929e-01
1.728374846719482882e-01
1.850836380256457026e-01
1.603121444660708383e-01
1.791501329742198334e-01
1.612528790410163726e-01
1.569518251059493497e-01
1.589840376305154679e-01
1.510349409015200595e-01
1.443075846627171199e-01
1.548263535200591900e-01
1.342915704966234636e-01
1.416930626779283886e-01
1.234675906313553589e-01
1.282242059949918467e-01
1.222430136697083142e-01
1.444556571067330819e-01
1.381277805387108593e-01
1.220329660392669158e-01
1.204807462681394964e-01
1.168027880210651126e-01
1.254204366806169757e-01
8.408429606821443691e-02
1.114037018050157146e-01
8.552753710891136674e-02
8.052753710891134842e-02
7.552753710891133010e-02
7.052753710891131178e-02
6.552753710891129346e-02
6.052753710891128208e-02
5.552753710891127764e-02
5.052753710891127320e-02
4.552753710891126876e-02
4.052753710891126432e-02
3.552753710891125988e-02
3.052753710891125197e-02
2.552753710891124753e-02
0.000000000000000000e+00
