7.636334052230407110e+01
7.309678397038453568e+01
7.056802499042504451e+01
7.024559916570790108e+01
6.951954268692512073e+01
6.967491001679090346e+01
6.921729872066902090e+01
6.913807293258032871e+01
6.876212721140694839e+01
6.847085108600933268e+01
6.852235395078882618e+01
6.946082151401614624e+01
6.977593072258369489e+01
7.139466538669059048e+01
7.204377641758422612e+01
7.193617988538845509e+01
7.280215000765043953e+01
7.283850688703223852e+01
7.373187754178269415e+01
7.354568566336249091e+01
7.303846384584562657e+01
7.269202481554978590e+01
7.296200761822109371e+01
7.251864237787778222e+01
7.298098960226684540e+01
7.208983425336607809e+01
7.196604593564875074e+01
7.207367856497860714e+01
7.227168435250757739e+01
7.159023281627636948e+01
7.169142141419787606e+01
7.194239256763034973e+01
7.124164805838432812e+01
6.920002928060860370e+01
6.936454780637509998e+01
6.924725875929934205e+01
7.063274238421512052e+01
6.932629973152282332e+01
6.857804931592087883e+01
6.949477009527541327e+01
7.039793706580104526e+01
6.924684115365988646e+01
6.843377360460601722e+01
6.885718198800998380e+01
6.846301627083681751e+01
6.853054247539252231e+01
6.838067211905220688e+01
6.749855252407428452e+01
6.732175731182775280e+01
6.875800249217091675e+01
6.841577560311014850e+01
6.781266901181443529e+01
6.760131806674189647e+01
6.650882051050288624e+01
6.744636896949320715e+01
6.732917497246110372e+01
6.757561708073110651e+01
6.553099330253037635e+01
6.726698409591809025e+01
6.660797540085141577e+01
6.646925979431254916e+01
6.693694189800250172e+01
6.578880507241640885e+01
6.695583525919406043e+01
6.603394484826772270e+01
6.552509136669122825e+01
6.556230411329603669e+01
6.490516155310497481e+01
6.550923448757826861e+01
6.702668298830725746e+01
6.553730953953564153e+01
6.569181071686475093e+01
6.564485048551139812e+01
6.461116397092703778e+01
6.568088912914072353e+01
6.586013384126387393e+01
6.521415777758161880e+01
6.576860179058002132e+01
6.429332617858253229e+01
6.512391071279682819e+01
6.539928059172785879e+01
6.599110538001954751e+01
6.512836774176886934e+01
7.277339144830749262e+01
