9.363271119619098215e+01
9.534389643987307750e+01
9.599927303956881985e+01
9.561744973986139939e+01
9.551495598149288924e+01
9.505999373419064113e+01
9.489956623273589287e+01
9.460213467129223375e+01
9.436477949482643623e+01
9.395538777110002115e+01
9.352285566311981313e+01
9.296449492723158414e+01
9.269699384974046552e+01
9.164515888492451268e+01
9.126834959118950508e+01
9.112051459443466683e+01
9.059626537296293236e+01
9.044193786906276955e+01
8.985853368228316640e+01
8.978212678983355488e+01
8.992467991419806594e+01
8.995363907218413146e+01
8.960505649081781598e+01
8.963299924498882376e+01
8.927096787584454773e+01
8.950701795776063818e+01
8.943165336677716937e+01
8.915745537968867040e+01
8.899909078239302573e+01
8.909934979348182083e+01
8.885788692938650968e+01
8.869770301822975966e+01
8.871876645224541846e+01
8.966431699133561040e+01
8.935089406146666136e+01
8.948889311205748243e+01
8.854056404806192404e+01
8.932800220685513182e+01
8.949536426386016785e+01
8.894487939512357855e+01
8.837140100095254525e+01
8.887086518688651893e+01
8.914945439835115337e+01
8.892276063879344861e+01
8.897524899803703136e+01
8.889097242910625596e+01
8.875804171516986685e+01
8.916509232272686347e+01
8.928491593612771737e+01
8.831142301770425718e+01
8.805996720094663033e+01
8.816898830778056606e+01
8.802691084617269723e+01
8.841907319544463917e+01
8.791425626244549107e+01
8.790089459071354838e+01
8.757074955480831591e+01
8.850367263980957944e+01
8.745195837745363576e+01
8.768303769790242086e+01
8.773740278937960113e+01
8.732581890819712100e+01
8.772937528748894920e+01
8.700146917525394485e+01
8.738098471471562334e+01
8.721601860813180451e+01
8.730559426555230118e+01
8.772346561230072837e+01
8.695114588414952550e+01
8.610052106637675706e+01
8.641126627871055632e+01
8.638645599240008721e+01
8.624108942107707776e+01
8.660453807520272562e+01
8.586597936318852931e+01
8.575283953700069617e+01
8.608048353045752776e+01
8.531210894441377945e+01
8.601260540028964385e+01
8.543939458979733104e+01
8.537091916865185226e+01
8.453665269750051436e+01
8.489706112961208362e+01
7.553991845040432906e+01
