5.344606617142303548e+02
5.346786800882588295e+02
5.343039224889809020e+02
5.346766108556715835e+02
5.350564326460719258e+02
5.353430802016738426e+02
5.357433614075652031e+02
5.360234893016665865e+02
5.364961614081771586e+02
5.368400220200782087e+02
5.370525487407411447e+02
5.374972600285356066e+02
5.379411855684795682e+02
5.385010086011566273e+02
5.390657831567509675e+02
5.394840753972616767e+02
5.397876551387997779e+02
5.399999999999998863e+02
5.399999999999998863e+02
5.399999999999998863e+02
5.399999999999998863e+02
5.399999999999998863e+02
5.399999999999998863e+02
5.399999999999998863e+02
5.399999999999998863e+02
5.399999999999998863e+02
5.399999999999998863e+02
5.399999999999998863e+02
5.399999999999998863e+02
5.399999999999998863e+02
5.399999999999998863e+02
5.399999999999998863e+02
5.399999999999998863e+02
5.399999999999998863e+02
5.399999999999998863e+02
5.399999999999998863e+02
5.399999999999998863e+02
5.399999999999998863e+02
5.399999999999998863e+02
5.399999999999998863e+02
5.399999999999998863e+02
5.399999999999998863e+02
5.399999999999998863e+02
5.399999999999998863e+02
5.399999999999998863e+02
5.399999999999998863e+02
5.399999999999998863e+02
5.399999999999998863e+02
5.399999999999998863e+02
5.399999999999998863e+02
5.399999999999998863e+02
5.399999999999998863e+02
5.399999999999998863e+02
5.399999999999998863e+02
5.399999999999998863e+02
5.399999999999998863e+02
5.399999999999998863e+02
5.399999999999998863e+02
5.399999999999998863e+02
5.399999999999998863e+02
5.399999999999998863e+02
5.399999999999998863e+02
5.399999999999998863e+02
5.399999999999998863e+02
5.399999999999998863e+02
5.399999999999998863e+02
5.399999999999998863e+02
5.399999999999998863e+02
5.399999999999998863e+02
5.399999999999998863e+02
5.399999999999998863e+02
5.399999999999998863e+02
5.399999999999998863e+02
5.399999999999998863e+02
5.399999999999998863e+02
5.399999999999998863e+02
5.399999999999998863e+02
5.399999999999998863e+02
5.399999999999998863e+02
5.399999999999998863e+02
5.399999999999998863e+02
5.399999999999998863e+02
5.399999999999998863e+02
5.399999999999998863e+02
