5.559899493748304167e+01
5.625262890305880603e+01
5.604297188031131327e+01
5.674028344797562085e+01
5.757318002789611455e+01
5.797535517042585695e+01
5.878083753304872516e+01
5.943962735655974683e+01
6.015849952516769150e+01
6.082749155566342836e+01
6.130555477210888426e+01
6.193230275614007496e+01
6.243072505882654610e+01
6.328454350181398524e+01
6.404040949320993548e+01
6.473442397813589366e+01
6.513733304146805381e+01
6.537683950167152602e+01
6.524772473321897337e+01
6.537878849619353616e+01
6.510000458372600463e+01
6.522665489783854298e+01
6.523011830099238750e+01
6.534680716637751630e+01
6.530380576645231372e+01
6.508896520939595121e+01
6.536850575667502028e+01
6.523837786473923472e+01
6.536605900222241416e+01
6.533712285993469493e+01
6.528786653074547530e+01
6.549459492309516406e+01
6.518624409095234284e+01
6.521454202146809109e+01
6.531817563349598288e+01
6.528536204573869384e+01
6.547441145489349879e+01
6.554205611321329172e+01
6.546945658613171304e+01
6.526888472596583313e+01
6.558060354276346970e+01
6.550124744041127656e+01
6.560013839328790652e+01
6.554260039901342338e+01
6.536333486988014840e+01
6.513446020619905141e+01
6.534345876497506822e+01
6.532949041288939895e+01
6.526608755130058626e+01
6.534451681652340937e+01
6.528821165666934689e+01
6.476859344445179545e+01
6.490842226302780205e+01
6.469690205112395631e+01
6.452433865693225812e+01
6.403832647414965606e+01
6.463876422472137051e+01
6.344262946858390251e+01
6.320473104263596298e+01
6.316776800265940039e+01
6.308590464499861383e+01
6.251762743870449412e+01
6.210132112267642412e+01
6.174616541389141133e+01
6.173585840881586506e+01
6.138349700089850103e+01
6.109826046653267184e+01
6.093935482611610865e+01
6.009444209560399486e+01
5.994915138488010342e+01
6.014083142939858817e+01
5.993807746035588480e+01
5.928930509406770000e+01
5.887555641941130347e+01
5.913634794446364396e+01
5.904386475762714781e+01
5.878940042478755146e+01
5.902912600026316881e+01
5.898984163165306427e+01
5.911654016160699854e+01
5.875785809280881011e+01
5.845902340758857463e+01
5.750289582265438071e+01
5.741477440225760631e+01
