1.527873662702181434e+01
1.486741171102691439e+01
1.526283846702078684e+01
1.511973124480269171e+01
1.455955608771160747e+01
1.457957699296133924e+01
1.400793757660338557e+01
1.414492640465173068e+01
1.409221356430773398e+01
1.365296447196151242e+01
1.377114343154844534e+01
1.352528016475008066e+01
1.335424384099785300e+01
1.296023327190744467e+01
1.252829492170393699e+01
1.192933577092847308e+01
1.192380911722483461e+01
1.183696478919440231e+01
1.078383408808696764e+01
9.810085744564613464e+00
9.926431045944235976e+00
9.672779037991634965e+00
9.623059373521007487e+00
9.262568653988838108e+00
9.210977476171624545e+00
8.972097121569699851e+00
9.224821675050339564e+00
8.738236658188135664e+00
8.593516317533284266e+00
8.010426755160089840e+00
8.321128059230042950e+00
8.238026391034468432e+00
8.546281211259058708e+00
7.995914369488660967e+00
8.225745621186371537e+00
9.163765388214024199e+00
8.663374845337147079e+00
9.525127343906973465e+00
9.513702770859501001e+00
9.194482099039641199e+00
9.116061875491967115e+00
9.222290981834325052e+00
9.182487363643184963e+00
9.708969605841129891e+00
9.212642419365311142e+00
9.359225959903055170e+00
1.013064636361177406e+01
1.063896147069455900e+01
1.115282395281235672e+01
1.173462422940112582e+01
1.278025496149601992e+01
1.522429305259071342e+01
1.583188888962058627e+01
1.918607507756686203e+01
2.007557773240571564e+01
2.097701105252357223e+01
2.022263592365185403e+01
2.543141309891715451e+01
2.717430729523299959e+01
2.874158976783958863e+01
2.946683441996916741e+01
3.238092089571153309e+01
3.443330144246798596e+01
3.714829474177476953e+01
3.717892570748571046e+01
4.040490222034325285e+01
4.039884642064227904e+01
4.563985921724643902e+01
4.616041376835204346e+01
5.514703718696257795e+01
4.904388689959306902e+01
4.940627097104896137e+01
5.999999999999641886e+01
5.999999973913792672e+01
5.999999999999997158e+01
5.999999999998728129e+01
5.999999999892659730e+01
5.999999999999999289e+01
5.999999999999936762e+01
5.999999999999995737e+01
5.999999999984618171e+01
5.999999999999374722e+01
5.999999999977557508e+01
5.999999999997498890e+01
