1.492117313584375715e+00
1.353441561910514457e+00
1.419555141517439445e+00
1.334863601982952508e+00
1.213556651949359244e+00
1.220787341658977398e+00
1.135891208483800208e+00
1.111960860428700126e+00
1.084704604997572819e+00
1.024306436494046180e+00
1.015987834086649721e+00
9.704546752070213333e-01
9.354912881263268698e-01
8.599013885772204269e-01
7.884155154815564170e-01
7.356579413389819910e-01
7.001358384735969498e-01
6.626850708535531043e-01
5.734364099626412248e-01
5.045764729624642175e-01
5.065195771850912188e-01
4.689470587515149336e-01
4.462392331730795081e-01
4.290134858213452973e-01
4.204930146078014186e-01
4.160180259448787443e-01
4.075086716203984438e-01
3.830643734897822839e-01
3.690884792650873103e-01
3.425241164615496214e-01
3.485800832358669221e-01
3.478373982033204359e-01
3.662914414867697310e-01
3.164555682172401352e-01
3.456280638794962945e-01
3.931157767084620946e-01
3.808989125667158193e-01
3.994226935090898212e-01
3.922181237593916348e-01
3.838213412786663503e-01
3.879134266368798323e-01
3.839443427484870441e-01
3.893113927995364709e-01
4.061951176463651225e-01
3.880191255513454340e-01
3.983923885086905758e-01
4.191801105906966529e-01
4.652746343294466569e-01
4.961321802674238390e-01
5.153357677026934036e-01
5.720388996998008180e-01
6.712961395970575840e-01
7.320127669310554364e-01
9.291987959674489206e-01
1.037562009272533503e+00
1.103140095931317122e+00
1.011526391819063342e+00
1.441403504446081563e+00
1.602360773933437565e+00
1.789951106228923061e+00
1.813730372542321945e+00
2.112997960199681113e+00
2.447213131257521823e+00
2.633125914925308564e+00
2.756070178328852815e+00
3.205506565908144090e+00
3.249131831765200040e+00
3.762987810869641958e+00
4.064852107793132774e+00
5.056248043527638458e+00
4.455415160403421559e+00
4.672146383363471323e+00
5.983301465056437785e+00
6.038359176576237886e+00
5.985464968197221403e+00
6.217607775637501000e+00
6.368533510865148628e+00
6.303612805215244030e+00
6.451410326125724737e+00
6.415230029494594532e+00
6.513875473266012683e+00
6.638645687125613648e+00
7.122556552291003484e+00
7.268129436379618724e+00
