5.900135089971509927e+01
5.942534147932276056e+01
5.892459193340945234e+01
5.979743760606983471e+01
6.089127955843387952e+01
6.167471952459646900e+01
6.313286608519813115e+01
6.380521654011424459e+01
6.525987429794911066e+01
6.582370061468019173e+01
6.685558591870636747e+01
6.768152604047811849e+01
6.861595182589729802e+01
7.015170243634139524e+01
7.173520507570589189e+01
7.308698995607207394e+01
7.351122763990235853e+01
7.361800434548371186e+01
7.292629809139020836e+01
7.249114123847473934e+01
7.149467752875729332e+01
7.105812106418353835e+01
7.072712106108632213e+01
7.065853660077142706e+01
7.042344315591209636e+01
6.977375998987777450e+01
6.961066878571453742e+01
6.946289495410478310e+01
6.954185955302803279e+01
6.899199696839706064e+01
6.835618306053024185e+01
6.896874890506785505e+01
6.805072374603176399e+01
6.805915580983652546e+01
6.775754845316453157e+01
6.790589578714067898e+01
6.761701654173467091e+01
6.793579963084242479e+01
6.792902057174885044e+01
6.727600805580777887e+01
6.833126655680204919e+01
6.751819245966743210e+01
6.775093664252835879e+01
6.764987363967550493e+01
6.700288232813855416e+01
6.662448784277482616e+01
6.680962960973575093e+01
6.668142596174173775e+01
6.648284635622496808e+01
6.629521380330700708e+01
6.635677231505972884e+01
6.479349953602977052e+01
6.593644002235265589e+01
6.564679137101006745e+01
6.509339321882970353e+01
6.459486352525260600e+01
6.552175266322925040e+01
6.335693936877213872e+01
6.363289145248585754e+01
6.329652195824973404e+01
6.375816830275864788e+01
6.231764643440681795e+01
6.137543655649953678e+01
6.067153153146117006e+01
6.151568624017714626e+01
6.049057243282538820e+01
5.995175705893021245e+01
5.953654959401266211e+01
5.816086696089930541e+01
5.694614104308669766e+01
5.804430868831919810e+01
5.816777934917149651e+01
5.632857281653379999e+01
5.566073316336176191e+01
5.582332237123156204e+01
5.505250759354661483e+01
5.572932628677028077e+01
5.526290452236627004e+01
5.504341693985082173e+01
5.612877807309720879e+01
5.524887614576923056e+01
5.435271652497972639e+01
5.245263437539698970e+01
5.179088935666783300e+01
