4.646469815653187538e+02
4.645072595089567358e+02
4.644549420421027435e+02
4.643602656173641776e+02
4.641222709248203842e+02
4.640582896949048290e+02
4.638240930221344342e+02
4.636714126100251292e+02
4.635506924179526891e+02
4.633640007544725563e+02
4.632924042969082166e+02
4.631913195779180796e+02
4.630203778879997003e+02
4.629712803208029186e+02
4.627938551241363712e+02
4.626395058175094732e+02
4.625682448754165534e+02
4.624670240449713106e+02
4.626607607452419302e+02
4.624285636017098682e+02
4.625726113069255803e+02
4.624497971236175431e+02
4.625089560655945888e+02
4.624285998536960278e+02
4.624506929135851578e+02
4.625075260774718799e+02
4.625058346967522311e+02
4.624039692918591982e+02
4.624227212633842896e+02
4.622746728583505842e+02
4.623923108887330500e+02
4.622387829656721578e+02
4.623697940698917819e+02
4.623763306588980981e+02
4.621721044295692309e+02
4.622121514210000441e+02
4.622055169847072875e+02
4.621736692047563793e+02
4.621891559793525630e+02
4.619575150073159193e+02
4.620759858816409178e+02
4.617770271225994634e+02
4.618705169364815220e+02
4.620840722738805653e+02
4.621374429466682727e+02
4.616924843960118210e+02
4.619500147574945572e+02
4.619162296498988667e+02
4.616773047841199400e+02
4.615397421548944976e+02
4.612593242037363552e+02
4.607778912875534161e+02
4.609912674225819842e+02
4.601349915159105990e+02
4.600987200992775570e+02
4.601238631660868350e+02
4.600000000000000568e+02
4.600000000000000568e+02
4.600000000000000568e+02
4.600000000000000568e+02
4.600000000000000568e+02
4.600000000000000568e+02
4.600000000000000568e+02
4.600000000000000568e+02
4.600000000000000568e+02
4.600000000000000568e+02
4.600000000000000568e+02
4.600000000000000568e+02
4.600000000000000568e+02
4.600000000000000568e+02
4.600000000000000568e+02
4.600000000000000568e+02
4.600000000000000568e+02
4.600000000000000568e+02
4.600000000000000568e+02
4.600000000000000568e+02
4.600000000000000568e+02
4.600000000000000568e+02
4.600000000000000568e+02
4.600000000000000568e+02
4.600000000000000568e+02
4.600000000000000568e+02
4.600000000000000568e+02
4.600000000000000568e+02
