8.903859619520018498e+01
9.008145300364763841e+01
9.021618311811708679e+01
9.083970337955724972e+01
9.125812234898815234e+01
9.129111238108586690e+01
9.152849450333745551e+01
9.189124733059355776e+01
9.213863375802935707e+01
9.237671710231687427e+01
9.249136022615944341e+01
9.279446328595444982e+01
9.276959786153257426e+01
9.297523895609150202e+01
9.316076563652910636e+01
9.335582014934146855e+01
9.344120576283513913e+01
9.343263316389403883e+01
9.254129528942509353e+01
9.241443591587319872e+01
9.214061247672475474e+01
9.201534016897055324e+01
9.168231871491656193e+01
9.164485467435544308e+01
9.146826163550605315e+01
9.105435330761750379e+01
9.129595711061780605e+01
9.087057542672809518e+01
9.074277983388356006e+01
9.075296412999011864e+01
9.074523947340105678e+01
9.070824360608284564e+01
9.054858502963925559e+01
9.013269660922259163e+01
9.032039080325350255e+01
9.064353823553629752e+01
9.073869342814218442e+01
9.091130281880708708e+01
9.066354318147675428e+01
9.036649423691457628e+01
9.044407498986153371e+01
9.050267528848526410e+01
9.047408504119290740e+01
9.029042618276287158e+01
9.003713637921430291e+01
8.991463420696997844e+01
9.028184155934350485e+01
9.019623352081181622e+01
9.004468619190024015e+01
9.014644627662831056e+01
8.986355082982178999e+01
8.992213840074929010e+01
8.952932473277070358e+01
8.952084488920201011e+01
8.958452737767530039e+01
8.913336787146612039e+01
8.931859572228196953e+01
8.908057092876119043e+01
8.873314637385220749e+01
8.890132624847122145e+01
8.845738566253631063e+01
8.832111365575124751e+01
8.821855026911026698e+01
8.814156003602225553e+01
8.771206815020229897e+01
8.810686022789136018e+01
8.772999386742706918e+01
8.770766707043486576e+01
8.741158237218714078e+01
8.769300048560441496e+01
8.713544005397496051e+01
8.680565200718149299e+01
8.684383613883021269e+01
8.658577884351846876e+01
8.657410706477909912e+01
8.702540704539883620e+01
8.636730339593560757e+01
8.689294079813302574e+01
8.675532649504461347e+01
8.601154612195760762e+01
8.612373096154489360e+01
8.619906934318321134e+01
8.617870869670881007e+01
8.609723434809824028e+01
