5.010072220533298264e+02
5.012776729382533745e+02
5.012511225286895638e+02
5.015310521497649461e+02
5.017385071406665134e+02
5.019150749326948926e+02
5.021281836517559327e+02
5.023131353911218184e+02
5.025651576937052596e+02
5.027901852866466470e+02
5.029452978941860692e+02
5.032427024575021619e+02
5.035065301200047543e+02
5.038665649030937743e+02
5.041872695695528819e+02
5.045118791842870678e+02
5.047430188141011627e+02
5.049344997505707511e+02
5.050602214745773608e+02
5.051718934965959420e+02
5.052344755621907098e+02
5.053373177941347762e+02
5.054172660729820450e+02
5.054662419343321176e+02
5.055669475205201593e+02
5.056238614314864890e+02
5.057127138129912396e+02
5.057575867895927217e+02
5.057881605082683905e+02
5.058924039625549653e+02
5.059064072441724420e+02
5.060283278094469210e+02
5.059813298707028935e+02
5.060912600338085099e+02
5.061120448269244889e+02
5.061009459207412533e+02
5.061875461562909209e+02
5.062408043216408942e+02
5.062642460780275542e+02
5.062719712221772852e+02
5.063532242223819821e+02
5.063918375790871096e+02
5.064358974478343498e+02
5.064395243053446620e+02
5.064927809076312997e+02
5.065078609637497493e+02
5.065512101843476671e+02
5.065709289084725242e+02
5.066748182055972052e+02
5.066752992225797811e+02
5.067036407693046840e+02
5.067116235176608825e+02
5.067147342178623148e+02
5.067074652754313320e+02
5.066577156633594541e+02
5.066390857419744407e+02
5.068220761243332504e+02
5.067082314631530267e+02
5.067167309731441946e+02
5.067145511029360136e+02
5.067769395685950258e+02
5.067355238215345139e+02
5.067557569405931304e+02
5.067844548828574034e+02
5.068164724507250867e+02
5.068811539862464315e+02
5.068648892748198591e+02
5.069631141678070776e+02
5.069270485284042707e+02
5.070177169793627741e+02
5.070043698434459429e+02
5.070179729102836745e+02
5.070477772591494272e+02
5.070707693580806676e+02
5.071203640000565542e+02
5.072133815271280923e+02
5.070501277163906479e+02
5.071732432192424085e+02
5.072142633800818885e+02
5.071940431675877221e+02
5.072170621819890357e+02
5.072566336024289058e+02
5.070955675287756321e+02
5.070898747886994897e+02
