-1.809670025697220352e-01
-1.813686026801094031e-01
-1.799744771757357531e-01
-1.807975747766650265e-01
-1.823083490808419527e-01
-1.829030147433105824e-01
-1.851626866603642285e-01
-1.862621845590780312e-01
-1.887358327811275993e-01
-1.893464001388101003e-01
-1.907989113549476146e-01
-1.926807324313451197e-01
-1.940373821097519380e-01
-1.971671984523701848e-01
-2.006583986539168529e-01
-2.027785585878692232e-01
-2.041311011078910387e-01
-2.042645100716537765e-01
-2.003949610142038429e-01
-1.989310161115712128e-01
-1.972775625224025553e-01
-1.960558736473302088e-01
-1.944703032304666845e-01
-1.941425237649317681e-01
-1.925502034524181061e-01
-1.899062784852404706e-01
-1.898792737074328496e-01
-1.892786410086649829e-01
-1.893656888350030709e-01
-1.871861032714852713e-01
-1.866571849487717871e-01
-1.870922790361531085e-01
-1.854079637467348496e-01
-1.834091161770755596e-01
-1.836011521653436729e-01
-1.856580260797615900e-01
-1.850866835838395064e-01
-1.864732777890284465e-01
-1.847760769427563843e-01
-1.834260857074740125e-01
-1.847777685162667605e-01
-1.843084241558604897e-01
-1.843052344928233499e-01
-1.842214158203499541e-01
-1.812708853043022428e-01
-1.812392885250468932e-01
-1.825353578336866844e-01
-1.830287532232610648e-01
-1.828815366188785707e-01
-1.820225834187755576e-01
-1.820260447091025247e-01
-1.812323079479495058e-01
-1.811179839912349099e-01
-1.813940333255003590e-01
-1.808420729301289942e-01
-1.793897138059866725e-01
-1.811782723177930154e-01
-1.793361330033031720e-01
-1.788874133701517100e-01
-1.810268425092995959e-01
-1.796895382955596421e-01
-1.777717082100609414e-01
-1.768834863452151962e-01
-1.761189550108755442e-01
-1.772844799063997834e-01
-1.775650283937101337e-01
-1.758648893447126160e-01
-1.742970175377340780e-01
-1.743576805841138277e-01
-1.743344260238390009e-01
-1.737020571000039704e-01
-1.722464315549313285e-01
-1.728877780032556932e-01
-1.700918516167415351e-01
-1.708933195282207052e-01
-1.718359313851139381e-01
-1.712142943003286677e-01
-1.712758800987225216e-01
-1.719866812243313614e-01
-1.684708472591474882e-01
-1.691835134226177262e-01
-1.695225855868343900e-01
-1.682390552444618104e-01
-1.674243760519762703e-01
