5.405634467536370948e+02
5.416056179929390737e+02
5.416606393291874610e+02
5.416975521459538641e+02
5.418217597162671382e+02
5.418067449752884386e+02
5.419139338155164296e+02
5.419518651643060139e+02
5.421218274741108871e+02
5.423088544982161920e+02
5.422413153493130267e+02
5.424010653214004378e+02
5.427018403290885544e+02
5.426938093290651750e+02
5.429849908082723005e+02
5.432830144021776277e+02
5.433477796355958844e+02
5.436294186675003175e+02
5.437847541892120944e+02
5.439571849167289201e+02
5.442381420522317512e+02
5.444573361745912052e+02
5.444822476311986748e+02
5.446694762394309919e+02
5.446720198000950859e+02
5.449311267590927628e+02
5.450709312786628971e+02
5.450478953368116208e+02
5.451876562371601267e+02
5.454257104558150786e+02
5.454441469498150354e+02
5.454465230340841799e+02
5.455782114048888616e+02
5.460116890999694306e+02
5.460163216521411869e+02
5.460894847745424840e+02
5.457664335808048008e+02
5.460464459435072513e+02
5.461915600099709991e+02
5.461078354737023801e+02
5.459315937787673647e+02
5.462064480050056545e+02
5.464165367499797412e+02
5.464003161074568879e+02
5.465596141107722588e+02
5.465246727965125046e+02
5.465379312131667575e+02
5.467694759948511773e+02
5.469364011395249463e+02
5.465721419243881201e+02
5.466654703796340300e+02
5.468505083904728963e+02
5.466724299246372993e+02
5.469846710540689401e+02
5.468256466449041682e+02
5.469071087072801447e+02
5.468383803941927681e+02
5.473431107321807758e+02
5.469288234354402221e+02
5.471338949479587654e+02
5.472184590775362949e+02
5.471751333741528924e+02
5.474825412451403963e+02
5.471321086688219566e+02
5.473776589502326715e+02
5.474997503810586750e+02
5.475255189672516281e+02
5.479159003218799171e+02
5.476906156637815002e+02
5.473591809549778873e+02
5.477106609859935133e+02
5.477027717837527234e+02
5.477953270998659718e+02
5.479822429030992907e+02
5.477265539380512109e+02
5.478335766037366739e+02
5.480015851495861625e+02
5.477968091529002095e+02
5.482513441084527130e+02
5.480451081354087819e+02
5.481640685482765321e+02
5.478398212278989377e+02
5.481608440342882886e+02
5.462005436362743467e+02
