5.039736731032452894e+02
5.045759561298249309e+02
5.046632285286696060e+02
5.048224997800589335e+02
5.049777124367461738e+02
5.050908433552024235e+02
5.052173567215119192e+02
5.053075876832107269e+02
5.054710399815090796e+02
5.056651675027567308e+02
5.057605177252762587e+02
5.059716196470576506e+02
5.062300618210995253e+02
5.064403345142955004e+02
5.067093510093455961e+02
5.069549477139893270e+02
5.071818173049788925e+02
5.074991051770961121e+02
5.077280758753935856e+02
5.079466638016946263e+02
5.081664247649391086e+02
5.083478953563328560e+02
5.084418555519291658e+02
5.086017383567876209e+02
5.087339899704532513e+02
5.089425113243438545e+02
5.090591600344684480e+02
5.091536219758877451e+02
5.092914159820342093e+02
5.094455652852670369e+02
5.095964314328737146e+02
5.096557262345696699e+02
5.097126592935144913e+02
5.099192420977593656e+02
5.099733860002632468e+02
5.100144465533660991e+02
5.099652325534159445e+02
5.100302195535882106e+02
5.101827102447608127e+02
5.102016121636230537e+02
5.101656829396729904e+02
5.102753516376164384e+02
5.104343090036551303e+02
5.104287893382395396e+02
5.105540164868177158e+02
5.105396853624690152e+02
5.106066174056047657e+02
5.106733005727357977e+02
5.107278418379403320e+02
5.106558151270142503e+02
5.107061656034568387e+02
5.108995324669068623e+02
5.107302748489553892e+02
5.108742511715564660e+02
5.108128718658557545e+02
5.108635507942203162e+02
5.108572965455618942e+02
5.110358400335950932e+02
5.109572192416365510e+02
5.109716714441013323e+02
5.111139279290185300e+02
5.110319099390968631e+02
5.111404220217135048e+02
5.110974666411274256e+02
5.111172920980426966e+02
5.112285026454690069e+02
5.112591864028001964e+02
5.114034566906101418e+02
5.113562166009251087e+02
5.112851883350013509e+02
5.114330239824326441e+02
5.114427173581642592e+02
5.114077359187154457e+02
5.116243305261179444e+02
5.115503017328440478e+02
5.115163155656467779e+02
5.115780526316410715e+02
5.115856329856158027e+02
5.117109452675452985e+02
5.116805627711347597e+02
5.117720874494523287e+02
5.116874523610258620e+02
5.118084092287284648e+02
5.105370030322758907e+02
