4.730139114767361548e+02
4.631997039369616118e+02
4.631594043937293463e+02
4.631033808631601119e+02
4.630809946766432859e+02
4.631050526154040767e+02
4.631226566250316523e+02
4.630436128740157642e+02
4.629289928020260163e+02
4.630270789740168311e+02
4.628884605388290652e+02
4.628072179497951879e+02
4.627437439566477337e+02
4.626369463561718476e+02
4.627055423667223977e+02
4.626164837694995526e+02
4.625195953496109382e+02
4.625541410051173443e+02
4.624394190247526240e+02
4.623396180363356507e+02
4.624014574367814703e+02
4.623819209500755960e+02
4.624894631930499145e+02
4.624470832583557467e+02
4.623367039919071431e+02
4.626125118631724149e+02
4.624227453554752287e+02
4.619765177143262349e+02
4.623011541227558610e+02
4.621002368033807102e+02
4.622537076620496350e+02
4.619900432341906367e+02
4.619982328660511826e+02
4.619871587137471920e+02
4.622024100249092839e+02
4.623670906524570228e+02
4.619893510042259095e+02
4.621471233307620992e+02
4.621521541958480839e+02
4.623227478144764859e+02
4.622982249948263984e+02
4.618312269407297777e+02
4.619783947165426525e+02
4.619327797907566264e+02
4.613331527158480867e+02
4.616864365045707927e+02
4.622883039157970870e+02
4.619691524503350024e+02
4.619787369323273651e+02
4.619122450881235977e+02
4.619978855082000564e+02
4.617143235342237517e+02
4.614925757554179313e+02
4.617673567088912705e+02
4.619729422774589125e+02
4.615213950347052787e+02
4.619786118873710734e+02
4.620701065460166319e+02
4.621434233359269115e+02
4.612612639652800226e+02
4.621930399507477318e+02
4.612604455359482927e+02
4.617065572539934806e+02
4.621812625234293250e+02
4.616588152951444499e+02
4.617178578841632657e+02
4.614257495154104731e+02
4.617637531228954799e+02
4.617216936647059242e+02
4.616721751379034799e+02
4.614016753605599774e+02
4.614685600783471386e+02
4.616029811701741323e+02
4.618052501437055071e+02
4.611047795178142792e+02
4.617300687543798858e+02
4.617276399707341739e+02
4.617157780706741619e+02
4.616309873275319546e+02
4.615746165316642191e+02
4.614644368858344023e+02
4.616476180911928395e+02
4.615794538230150579e+02
0.000000000000000000e+00
