9.030241105314692618e+01
8.968999324107578275e+01
8.883256499184365396e+01
8.844478297902267627e+01
8.770931799929034867e+01
8.738735929050729112e+01
8.668203006117047948e+01
8.625829559718091843e+01
8.550575623085600796e+01
8.500268433194045770e+01
8.473473822259566646e+01
8.486683724725681088e+01
8.461744803033886342e+01
8.477688913289500761e+01
8.479571739657967555e+01
8.434091248874315738e+01
8.454339867078351745e+01
8.448540067344896443e+01
8.469226568790453769e+01
8.445183599705225674e+01
8.407727605973649077e+01
8.377234022289012216e+01
8.380221971420741056e+01
8.349946076501687742e+01
8.371427234871387668e+01
8.319589164675261372e+01
8.314911104783064388e+01
8.306599524605552176e+01
8.324348086074731157e+01
8.269949185838035532e+01
8.292557812546040452e+01
8.317987969751823130e+01
8.267285487117233345e+01
8.135583166655740683e+01
8.159358277384549751e+01
8.163596906964643551e+01
8.242526622406664671e+01
8.195881888021808948e+01
8.152803067427475980e+01
8.204172078221759534e+01
8.240544687648272770e+01
8.160305812996507768e+01
8.143722839184752615e+01
8.159137509930530996e+01
8.148884896265182931e+01
8.148965549593779656e+01
8.141026345314648438e+01
8.095169187578412107e+01
8.082354839150156067e+01
8.157513182232803217e+01
8.144891141229913956e+01
8.102026049005462482e+01
8.090180527862128201e+01
8.049286815754402369e+01
8.091728679666258017e+01
8.100332022402189125e+01
8.089078392017756869e+01
7.997434510924861684e+01
8.093185129995154625e+01
8.053628287952899711e+01
8.072121410737672420e+01
8.084954172830832420e+01
8.012418099840922991e+01
8.076227925689204312e+01
8.040065291527491809e+01
8.018048899553205899e+01
8.006582001436230200e+01
7.991446931304548684e+01
8.026772749092489789e+01
8.096734260505303382e+01
8.032019004538375384e+01
8.040240754026228842e+01
8.026997903562629233e+01
7.994436348828804739e+01
8.041171830012729060e+01
8.011624743060413323e+01
8.009484189434834889e+01
8.040737008029039146e+01
7.947937964666252242e+01
7.994115425178127055e+01
8.019106101403727394e+01
8.048613820629874738e+01
8.009447283126010575e+01
8.112435798281549637e+01
