5.269047112822467227e+01
6.495410633098099851e+00
6.424672527662901977e+00
6.280125795500985930e+00
6.495931004176163093e+00
6.668712114351664333e+00
6.919977680299614242e+00
7.237265957169661590e+00
7.267456693280103686e+00
7.751278442646824196e+00
7.794606003768254965e+00
7.841573456552282551e+00
7.966138919994576462e+00
7.619829446886805968e+00
7.719197028069022970e+00
7.742571143700325287e+00
7.757415835470750309e+00
7.722163075398330356e+00
7.276269315415150984e+00
6.967579894058528289e+00
7.410673520247395452e+00
7.355870966764745944e+00
7.338970973385091412e+00
7.440458657428619560e+00
7.122322910225844517e+00
7.329747643310896343e+00
7.236812626430546125e+00
6.667332192405742042e+00
7.039542015952276799e+00
6.283711500986515652e+00
6.661727631473246092e+00
6.221981554851335972e+00
6.333485887726979513e+00
5.786563928298113169e+00
6.117448931830692160e+00
6.826051094348859927e+00
6.080987749820284449e+00
6.448708024837806363e+00
6.452100433653901845e+00
6.392781660354126316e+00
6.420289856504207471e+00
5.744762268401875538e+00
6.081524877411699670e+00
6.180019577118838647e+00
5.083986903366439769e+00
5.157881373457491314e+00
6.538678050443149203e+00
5.265704601857092548e+00
5.822636171214434775e+00
5.354628369102460539e+00
6.034598129715182502e+00
5.402689704530081016e+00
5.091626932573294795e+00
4.876545461328682052e+00
4.681078114011381963e+00
4.513957945221121371e+00
5.268543088095305471e+00
4.796547970905211677e+00
4.784224574663116236e+00
3.968588293758068097e+00
5.165628302014683371e+00
4.175253380720524099e+00
4.621809435866439664e+00
5.502325738676895561e+00
4.108193788546993019e+00
4.965704210030798649e+00
4.317521030333247190e+00
4.376028265692593955e+00
3.289355072759255094e+00
4.121638819669557030e+00
3.016082853618878179e+00
3.016082853618878623e+00
3.017082853498735062e+00
3.017082853498735506e+00
3.018082853498734952e+00
3.019082853498734398e+00
3.019082853498734842e+00
3.019082853498735286e+00
3.019082853498735730e+00
3.019082853498736174e+00
3.019082853498736618e+00
3.019082853498737062e+00
3.019082853498737506e+00
0.000000000000000000e+00
