7.000000000000001421e+01
7.000000000000001421e+01
7.000000000000001421e+01
7.000000000000001421e+01
7.000000000000001421e+01
7.000000000000001421e+01
7.000000000000001421e+01
7.000000000000001421e+01
7.000000000000001421e+01
7.000000000000008527e+01
7.000000000000001421e+01
7.000000000000001421e+01
7.000000000000001421e+01
7.000000000000001421e+01
7.000000000000001421e+01
7.000000000000001421e+01
7.000000000000001421e+01
7.000000000000001421e+01
7.000000000000001421e+01
7.000000000000001421e+01
7.000000000000001421e+01
7.000000000000001421e+01
7.000000000000001421e+01
7.000000000000001421e+01
7.000000000000001421e+01
7.000000000000001421e+01
7.000000000000001421e+01
7.000000000000001421e+01
7.000000000000039790e+01
7.000000000000001421e+01
7.000000000000001421e+01
7.000000000000001421e+01
7.000000000000001421e+01
7.000000000000001421e+01
7.000000000000001421e+01
7.000000000000001421e+01
7.000000000000001421e+01
7.000000000000001421e+01
7.000000000000001421e+01
7.000000000000001421e+01
7.000000000000001421e+01
7.000000000000001421e+01
7.000000000000001421e+01
7.000000000000001421e+01
7.000000000000001421e+01
7.000000000000001421e+01
7.000000000000001421e+01
7.000000000000001421e+01
7.000000000000001421e+01
7.000000000000001421e+01
7.000000000000001421e+01
7.000000000000001421e+01
7.000000000000001421e+01
7.000000000000001421e+01
7.000000000000001421e+01
7.000000000000011369e+01
7.000000000000001421e+01
7.000000000000001421e+01
7.000000000000001421e+01
7.000000000000001421e+01
7.000000000000001421e+01
7.000000000000001421e+01
7.000000000000001421e+01
7.000000000000001421e+01
7.000000000000001421e+01
7.000000000000001421e+01
7.000000000000001421e+01
7.000000000000001421e+01
7.000000000000001421e+01
7.000000000000001421e+01
7.000000000000028422e+01
7.000000000000001421e+01
7.000000000003359446e+01
7.000000000009382006e+01
7.000000000000001421e+01
7.000000000000001421e+01
7.000000000000001421e+01
7.000000000000001421e+01
7.000000000000001421e+01
7.000000000000001421e+01
7.000000000000001421e+01
7.000000000002914646e+01
7.000000000001323031e+01
6.689404993626637008e+01
