-1.688364315573612495e-01
-1.691082760762497861e-01
-1.671475812304410724e-01
-1.663135610602012870e-01
-1.651611369370699633e-01
-1.649689567014370750e-01
-1.641313534106220440e-01
-1.637608995493894382e-01
-1.631169064704077187e-01
-1.605418785368336043e-01
-1.601022838305223017e-01
-1.616483711095325071e-01
-1.625352660330894039e-01
-1.644418721755245560e-01
-1.659436248593560703e-01
-1.661481466393416873e-01
-1.675383424034880553e-01
-1.682928026649788966e-01
-1.698788517290084066e-01
-1.699178119748036564e-01
-1.697568782355687589e-01
-1.696439237119370114e-01
-1.699613810407685222e-01
-1.696204944934074088e-01
-1.703492913931587693e-01
-1.695146703119966569e-01
-1.696373732171464199e-01
-1.695805866197983569e-01
-1.703200213674887775e-01
-1.695797498096683620e-01
-1.699218328380217302e-01
-1.704445691156313003e-01
-1.693376425980988587e-01
-1.670040035587495308e-01
-1.672752180277451428e-01
-1.674202693079187843e-01
-1.687329770992778144e-01
-1.676021377265188572e-01
-1.667071019314143310e-01
-1.679365199787886120e-01
-1.687738876780101316e-01
-1.674386455810343843e-01
-1.668647541310058768e-01
-1.674213091006827858e-01
-1.672259544718085744e-01
-1.671843089566267260e-01
-1.668958230650548491e-01
-1.660284121137347302e-01
-1.661338301312492438e-01
-1.687123029865111312e-01
-1.668266034653806407e-01
-1.675851920146567697e-01
-1.665346278744441744e-01
-1.642645736891236441e-01
-1.665398983693327228e-01
-1.666126890266311777e-01
-1.665555864369483163e-01
-1.644510741442133939e-01
-1.662035655643802623e-01
-1.654103091815855298e-01
-1.656520963236785549e-01
-1.660167511758981473e-01
-1.648886024777354298e-01
-1.657758397796525729e-01
-1.648060657746797941e-01
-1.640627890554203494e-01
-1.641752503825764098e-01
-1.643313974003813571e-01
-1.641193824534799561e-01
-1.658537846360864376e-01
-1.640004403503206032e-01
-1.642258987644018287e-01
-1.640441114728292127e-01
-1.630106141795314156e-01
-1.638641403532909435e-01
-1.639414853815953088e-01
-1.635246220443938303e-01
-1.636069076642271136e-01
-1.621251309362893578e-01
-1.628516490659461802e-01
-1.629560971408538783e-01
-1.634453825995569876e-01
-1.627938248014394740e-01
-1.574524443296603515e-01
