3.544440604144595490e-09
3.544536387271963397e-09
3.543978856986947352e-09
3.543628706448231968e-09
3.543086204081812939e-09
3.542569128537199072e-09
3.542095080366201960e-09
3.541610359419207629e-09
3.540605053138536152e-09
3.540343808347297699e-09
3.539702659353997117e-09
3.539452852424884818e-09
3.538585772846510317e-09
3.538177039052718475e-09
3.538296290622979797e-09
3.538100814156696836e-09
3.537584306872183675e-09
3.537583095197071990e-09
3.537396149125012710e-09
3.536866001534425388e-09
3.537238767357351275e-09
3.536905767898680330e-09
3.537658732411318227e-09
3.537033275885781340e-09
3.536650088920714559e-09
3.537826772772283268e-09
3.537020484009574304e-09
3.535843740277332335e-09
3.537023823988084554e-09
3.537073283187506368e-09
3.536849810109345857e-09
3.534983823518809561e-09
3.535500818526092749e-09
3.534645579897520333e-09
3.535770908565414670e-09
3.537079704887320402e-09
3.536119715868797370e-09
3.536320953331029793e-09
3.536408972014438689e-09
3.536817664338093831e-09
3.536846283641218260e-09
3.534437898119430314e-09
3.535965458291626551e-09
3.535818309001286961e-09
3.533188189778829977e-09
3.534346589808754405e-09
3.538050482669106972e-09
3.535099750309053957e-09
3.535573650791562162e-09
3.535960945792393356e-09
3.536188802180158165e-09
3.535358151176598154e-09
3.533679868415764854e-09
3.533651856460160502e-09
3.533929251638034526e-09
3.532695701460603148e-09
3.535344390844958201e-09
3.535742306715425625e-09
3.535214543272167060e-09
3.530416983100423570e-09
3.536484335536963622e-09
3.533358289639666808e-09
3.535275398954864326e-09
3.537414895777393106e-09
3.533415739484070114e-09
3.535154032902233180e-09
3.535473635348390849e-09
3.534717968186682191e-09
3.533206772831199693e-09
3.533736737049865924e-09
3.530008726378678781e-09
3.530925011012951552e-09
3.533517100925473162e-09
3.531409970091603201e-09
3.530746015740344603e-09
3.533827491840376953e-09
3.536256063236861313e-09
3.532467537601029508e-09
3.533222285036925829e-09
3.530212310561673529e-09
3.531991935886209832e-09
3.532352058685930728e-09
3.530462066255956118e-09
3.530542719293484989e-09
