3.675941790013384131e-09
3.676789143789634476e-09
3.677379344265598705e-09
3.678080173109793694e-09
3.679098439187718070e-09
3.679960687587468756e-09
3.680778005752650281e-09
3.681860577802919826e-09
3.683231001288361325e-09
3.684721593724856254e-09
3.685286987811418477e-09
3.686834836635704897e-09
3.688088582359993139e-09
3.688887505913460118e-09
3.690557311685157090e-09
3.691911390394067305e-09
3.692882704862591367e-09
3.694256860281385433e-09
3.694407644403076297e-09
3.695770404167489028e-09
3.696595195965727195e-09
3.697479269429206697e-09
3.697855566413391809e-09
3.698812295084081211e-09
3.699220661024338713e-09
3.699942326780583467e-09
3.700837857448308069e-09
3.701102940984641717e-09
3.701221081507163626e-09
3.701774738276257915e-09
3.702469966525831094e-09
3.702891751787247749e-09
3.703302234860493871e-09
3.704513497515615080e-09
3.704364216656781634e-09
3.704506567928393037e-09
3.703660796244082881e-09
3.704564209713569909e-09
3.704677735287453548e-09
3.704609875447429905e-09
3.704213382800796883e-09
3.705239783825632340e-09
3.705567744344172168e-09
3.705394569116454112e-09
3.706046212586080416e-09
3.704983777376156674e-09
3.705873125100350561e-09
3.706589550319298312e-09
3.706837056698549011e-09
3.705661882063512778e-09
3.706231881991477888e-09
3.706319258313868101e-09
3.706246096683238279e-09
3.707648505899557646e-09
3.706768286306789985e-09
3.707070396703524604e-09
3.706956602322559729e-09
3.707187743450233365e-09
3.707221723469269268e-09
3.707376797233034411e-09
3.707700229295443038e-09
3.707438660344076940e-09
3.707546239530217540e-09
3.707061438341721683e-09
3.707607278298175215e-09
3.708099764894647106e-09
3.707768695792258687e-09
3.708137821969574306e-09
3.708545537952884284e-09
3.708062735675340855e-09
3.708901327216774860e-09
3.708859601197244084e-09
3.708796331699408491e-09
3.708794651355856768e-09
3.708908111793085435e-09
3.708516964105269704e-09
3.708571129305803574e-09
3.709285077957947206e-09
3.709545920687057352e-09
3.710095975090762184e-09
3.709166161081744804e-09
3.708530762292567761e-09
3.709603217219601078e-09
3.709326966845673703e-09
