3.796087388579914961e-09
3.796826565717670078e-09
3.797374352051498319e-09
3.798084433431159517e-09
3.799641409921068561e-09
3.800854693701994478e-09
3.802162940445494555e-09
3.803999982271683644e-09
3.806460902714914286e-09
3.808768946803615653e-09
3.809175481700732555e-09
3.811354035584487434e-09
3.813107610928948831e-09
3.813582208396217663e-09
3.815894871332671641e-09
3.817825870938303482e-09
3.818464811741739403e-09
3.819843995756807836e-09
3.819355783340328764e-09
3.820978464050212464e-09
3.822048306734304765e-09
3.823157060228878387e-09
3.823401869710211445e-09
3.824643280681382037e-09
3.824649559816947542e-09
3.825487733383668127e-09
3.826733580231910737e-09
3.826607744758956331e-09
3.826426932646090978e-09
3.827311368180501878e-09
3.827622519911111709e-09
3.827918930368105859e-09
3.828780736151337550e-09
3.831051450269049146e-09
3.830485043574418141e-09
3.830689764570735263e-09
3.828591308787393086e-09
3.830464211463277502e-09
3.830290469624141372e-09
3.829835376975516844e-09
3.828858914115264342e-09
3.830829995901855349e-09
3.831099460508778744e-09
3.830839480180971544e-09
3.831604140980422149e-09
3.829993777494681901e-09
3.831070166836483542e-09
3.832521688783631940e-09
3.833172826666613817e-09
3.830645253845070430e-09
3.831562663829543707e-09
3.831281485586793165e-09
3.831604655027268462e-09
3.833878426034038956e-09
3.832385662604917004e-09
3.832803785240227360e-09
3.832568013023459866e-09
3.833539430876864103e-09
3.832703351142245480e-09
3.833513736691093547e-09
3.833457495058574130e-09
3.833401421739268560e-09
3.834021903544345000e-09
3.832379683867248630e-09
3.833900825553114190e-09
3.834401977795032664e-09
3.833911395367894118e-09
3.834856819006685569e-09
3.835048572140442689e-09
3.833713861392829276e-09
3.835275016421457603e-09
3.835128533759080146e-09
3.835536259737349124e-09
3.834967893042662239e-09
3.834726149039415488e-09
3.834889385843306323e-09
3.835067680154538512e-09
3.835438450397185727e-09
3.836716169417937882e-09
3.836985400556277498e-09
3.835467816745929372e-09
3.834013245884983951e-09
3.835949157030462706e-09
3.835845877133137161e-09
