1.612839152162461787e+01
1.597322695662982461e+01
1.579007496653077247e+01
1.549741951430255682e+01
1.532531470511623795e+01
1.500418811351821091e+01
1.498483410802460369e+01
1.487924105780981066e+01
1.443493899465469532e+01
1.412944451743292795e+01
1.409247868151042304e+01
1.356762139802239098e+01
1.308205522556213296e+01
1.253939505679409727e+01
1.198511878414572607e+01
1.195785108983469414e+01
1.161061016275583668e+01
1.130720757697758039e+01
1.112096669501299040e+01
1.037923813600924206e+01
1.082247721181684241e+01
1.038484639579272084e+01
1.063033181496864543e+01
1.024167017894820653e+01
9.999356697790599213e+00
1.016429364898502641e+01
9.636515568919934438e+00
9.586762639921410312e+00
9.670719978716364906e+00
9.642388551637555594e+00
9.422932958404940607e+00
8.593812164721638780e+00
8.708415810469908536e+00
8.132039516234232934e+00
8.132111373556384137e+00
8.945066337178509741e+00
8.961663350006194406e+00
8.781514219411240774e+00
9.046229444908563622e+00
8.759927910919879324e+00
8.791094119826611930e+00
8.245532669505191592e+00
8.766672600745147648e+00
8.646805751404222917e+00
7.828565848559016160e+00
8.343564451283917549e+00
9.005801809101930289e+00
7.712732690836668681e+00
8.252446552307702632e+00
8.173002538920359328e+00
8.554542511015574391e+00
8.433800694029041978e+00
7.924484768699110226e+00
6.944175434843742778e+00
6.872584515870498123e+00
6.990035610086176909e+00
7.698981063506949774e+00
7.556569886680553516e+00
7.325116229293032077e+00
6.025568537574624628e+00
7.456362293008064412e+00
7.102792359088056173e+00
7.584166942648884913e+00
8.119261006991539631e+00
6.908240118083794457e+00
7.372640281176503052e+00
8.014877740824235985e+00
6.709358249306482058e+00
5.419849387522774897e+00
6.654836201897579961e+00
4.490133560714962613e+00
5.062555756436376342e+00
6.491109173892581019e+00
5.061076004418151086e+00
5.992733687854352453e+00
6.225046837865138016e+00
7.009767227743918028e+00
5.320300154288421624e+00
5.735564320138966998e+00
4.060598046265353034e+00
5.758696050204362038e+00
5.815486311184670853e+00
3.952235216647739247e+00
4.555591091579390017e+00
