5.271070440220376696e+01
5.309391063572215330e+01
5.374355974306607209e+01
5.421248904645789679e+01
5.497212373329936952e+01
5.569994884448800576e+01
5.625088875948748779e+01
5.717954282061027982e+01
5.814062292105520413e+01
5.910927907968913075e+01
5.945362903606396543e+01
6.033001120974456910e+01
6.080507659463670933e+01
6.101098576333524903e+01
6.175904304731917449e+01
6.221057211471396897e+01
6.243343779096426971e+01
6.273627254968575073e+01
6.222658262945783036e+01
6.282960808164415312e+01
6.279374637702396456e+01
6.310591060650397566e+01
6.310198093978539902e+01
6.349896308479618057e+01
6.345872297964390896e+01
6.345093180615474893e+01
6.384675663029737791e+01
6.383283671083500366e+01
6.355481577187864417e+01
6.350332593969014283e+01
6.370056692708808299e+01
6.395001863131236775e+01
6.410834251784275750e+01
6.445392147199270028e+01
6.421880712583529771e+01
6.416946337333867234e+01
6.365044407781363134e+01
6.420497198538149064e+01
6.386952965697424389e+01
6.376477599379109762e+01
6.355881313989284109e+01
6.410807980591447119e+01
6.389245234644563709e+01
6.378047690307086981e+01
6.402238230832881527e+01
6.319167408459444601e+01
6.361971359412896732e+01
6.404291328229932390e+01
6.409657748447908432e+01
6.335952209057454354e+01
6.363761759830768483e+01
6.324938877616943955e+01
6.362391982811129054e+01
6.433742352594364888e+01
6.386405403484787513e+01
6.395890108409811603e+01
6.382752355886569973e+01
6.353605464223716126e+01
6.377404877320934418e+01
6.398273976184084688e+01
6.373817565453080647e+01
6.372293838872607097e+01
6.347404697796759621e+01
6.326359788362054815e+01
6.368572705528430333e+01
6.377074971726610642e+01
6.330490428528901958e+01
6.323431326311703060e+01
6.376626667252283198e+01
6.354004632907825112e+01
6.390451344568497660e+01
6.377549701843054208e+01
6.376732024646792496e+01
6.327365807924859098e+01
6.359121914373616136e+01
6.327033554444701480e+01
6.297342966903276107e+01
6.378764101551503529e+01
6.343512802300937636e+01
6.403082560800129386e+01
6.306789391265856892e+01
6.283458041272047723e+01
6.339658094027134894e+01
6.325302356611467758e+01
