8.599152495369574467e+01
8.580087896712539930e+01
8.516717452386063769e+01
8.499622415104617801e+01
8.458109867842068752e+01
8.437185713658010400e+01
8.397547965716621832e+01
8.356458220233430723e+01
8.285320051015013121e+01
8.242260788417472384e+01
8.226977140890431883e+01
8.222236511959248162e+01
8.209704946882889942e+01
8.228251720494620258e+01
8.221653951424688955e+01
8.180554935287628382e+01
8.196993323844496615e+01
8.195906994121614275e+01
8.241903420850813689e+01
8.208093572646473035e+01
8.169207218194792119e+01
8.150863072505890727e+01
8.149399233043986612e+01
8.120321366201524427e+01
8.134902294279025625e+01
8.093352438280287231e+01
8.070211313363134309e+01
8.071605017225989798e+01
8.102439975386613469e+01
8.054233700380900984e+01
8.072411356511042868e+01
8.090234492516846387e+01
8.038163670425818452e+01
7.898688244824226956e+01
7.931863741979313431e+01
7.938557748421096960e+01
8.027390411007432647e+01
7.973698116921192991e+01
7.951393798445619154e+01
7.991885804640797630e+01
8.031247199760605326e+01
7.952522313783083519e+01
7.943829557099701333e+01
7.957117603806658224e+01
7.957410005066083158e+01
7.977837972754900875e+01
7.940950287300539401e+01
7.894433569534382400e+01
7.894331121215994074e+01
7.964644511656767634e+01
7.944190306870481777e+01
7.936401477022950246e+01
7.894439887170386783e+01
7.840681542330294462e+01
7.900755855199120958e+01
7.907047303920360548e+01
7.891875614357867619e+01
7.833298065892807927e+01
7.895999442277626201e+01
7.876213127003072145e+01
7.885350971049830093e+01
7.892197334784310669e+01
7.843481795005102697e+01
7.909085957061220995e+01
7.871495910637980842e+01
7.852852411771077357e+01
7.837203300853536803e+01
7.835643423200706081e+01
7.848316274706776596e+01
7.910372291796520017e+01
7.859638737109338535e+01
7.864322218940792197e+01
7.858596304895245055e+01
7.852296629455939581e+01
7.890618832975982855e+01
7.853010187242858819e+01
7.852925602184748755e+01
7.883546468802694562e+01
7.790736090822412052e+01
7.816578375325286743e+01
7.885962641728161771e+01
7.919388801075402284e+01
7.865337669619250960e+01
7.876931505111724618e+01
