-1.598328481027600501e-01
-1.560913478906132135e-01
-1.541975863773512312e-01
-1.524321956054192073e-01
-1.521891353058015539e-01
-1.515242183898726225e-01
-1.512741816797829042e-01
-1.476240751441786070e-01
-1.508595183535836048e-01
-1.496921135006812620e-01
-1.467112661790131445e-01
-1.524453969181291668e-01
-1.511352188541565666e-01
-1.536863749839753324e-01
-1.524489090180490558e-01
-1.545209025724999241e-01
-1.538987681990766632e-01
-1.555352643647257560e-01
-1.565076579113538202e-01
-1.579984631632698755e-01
-1.551345093349919269e-01
-1.560478168223755624e-01
-1.583573637299716397e-01
-1.528332255159436381e-01
-1.540197693678068136e-01
-1.556390111053615743e-01
-1.534673554893049019e-01
-1.566603078339482980e-01
-1.537871014909874823e-01
-1.542753808615657529e-01
-1.546824996716904543e-01
-1.549826894344779049e-01
-1.553903991124379602e-01
-1.460436033666761002e-01
-1.480851748097618825e-01
-1.478317566395229155e-01
-1.514725164112284139e-01
-1.526599058292032740e-01
-1.518877047872395358e-01
-1.516810788189314751e-01
-1.481128189492571523e-01
-1.467670873250145613e-01
-1.498282478975999921e-01
-1.503027864537387071e-01
-1.483010037902858236e-01
-1.502494121723364773e-01
-1.466021998063403442e-01
-1.469835602404475361e-01
-1.463274240793071834e-01
-1.448878225089439420e-01
-1.500941110478118123e-01
-1.501305229015916787e-01
-1.464562466843861710e-01
-1.457468623948197928e-01
-1.397928416534162110e-01
-1.438204315211726037e-01
-1.436266716632599860e-01
-1.368880132484661116e-01
-1.471193477437329200e-01
-1.445934275875195019e-01
-1.398748257640468340e-01
-1.455453822131278219e-01
-1.419898257554359500e-01
-1.454437613949037256e-01
-1.305960312365573028e-01
-1.448193178399084236e-01
-1.402374521077702496e-01
-1.441044039495864015e-01
-1.425702991961027288e-01
-1.426927779350991299e-01
-1.422617740722267043e-01
-1.359613507006419697e-01
-1.369848292579726456e-01
-1.392059401566127508e-01
-1.337930476524014922e-01
-1.408658213112416735e-01
-1.351215593990045261e-01
-1.409287429489415600e-01
-1.391950640540392248e-01
-1.386495172561559575e-01
-1.361777850288717895e-01
-1.402104588720381739e-01
-1.384979914546895230e-01
-1.326293963872766934e-01
