1.239072038303532497e-33
1.110354125426835004e-28
3.210735825390661636e-33
1.433650695253022718e-13
3.077829605398322873e-19
2.541303200029413579e-17
4.788705637648317010e-22
1.516851939156643092e-13
4.938115520613700124e-13
1.532709122420103579e-13
3.062174290271256918e-13
4.278466469522757649e-23
3.679566518455395718e-13
1.504676615615016705e-25
8.396553912151971155e-15
7.530300432584941654e-13
3.070814295172651874e-13
8.609597740342852092e-14
1.183915545299478248e-26
9.271129852144462317e-13
1.449770866552863894e-21
2.611705921960424365e-27
8.113346464108781863e-23
4.680467713365294777e-12
