8.479895830379204824e+01
8.308613138044987068e+01
8.219228173762742529e+01
8.091018159060843118e+01
8.033359544606685176e+01
7.989853417225465648e+01
7.967264382513583598e+01
7.959477045114992677e+01
7.910287288441736564e+01
7.909506800302106910e+01
7.912110062189671567e+01
7.880408126131089830e+01
7.887806716898187176e+01
7.902332111863110242e+01
7.878769819798384333e+01
7.839892829960884058e+01
7.877222423273802576e+01
7.899584017118630186e+01
7.903372789831530554e+01
7.875478068278322041e+01
7.865065280270154346e+01
7.863362554096165979e+01
7.878267265047766443e+01
7.872816184574621445e+01
