1.580202924366623449e+02
1.554691288885918254e+02
1.536503003639029430e+02
1.527349185061490573e+02
1.518662927838217342e+02
1.514680956732671859e+02
1.507781767253089527e+02
1.506030222715864966e+02
1.504105583352741746e+02
1.503428545652299135e+02
1.499348269034092880e+02
1.500818911244874414e+02
1.498748394626356344e+02
1.497555170477410798e+02
1.499767272490130097e+02
1.504950423250518270e+02
1.498922869386198613e+02
1.498621782674992744e+02
1.502383994070017366e+02
1.503610602713980882e+02
1.505976427948382366e+02
1.505974168770862036e+02
1.506014930133620737e+02
1.505411792264326891e+02
