5.290729185686025176e+02
5.289583392262896950e+02
5.292011273671054141e+02
5.291859938522036373e+02
5.292370477112340268e+02
5.292678350574237811e+02
5.292972609807748086e+02
5.293448548670537548e+02
5.292664425102919949e+02
5.292722365499315629e+02
5.293154707905910072e+02
5.292829205103607819e+02
5.293526493821614167e+02
5.293977592225063518e+02
5.294103198470122607e+02
5.294140137250809630e+02
5.294561016332349936e+02
5.295279431524677420e+02
5.295732228626690130e+02
5.295534098966120382e+02
5.295503145205375404e+02
5.295853404886601083e+02
5.296376345329965716e+02
5.296868889378542917e+02
