5.736653757991674638e+02
5.734374395486099729e+02
5.736376285465696583e+02
5.735792357790477354e+02
5.736446717268546536e+02
5.736819553832486918e+02
5.737287790363338900e+02
5.737833702808360385e+02
5.736796501678272762e+02
5.737357980767684467e+02
5.737958998220049125e+02
5.737322120568645687e+02
5.738323584167223999e+02
5.739411134350439170e+02
5.739249032385705505e+02
5.738675921783849390e+02
5.740080613255056505e+02
5.741234422253422736e+02
5.741508399619837064e+02
5.741267287788131171e+02
5.741190213004244924e+02
5.741397328190878397e+02
5.742264124433153256e+02
5.742514407773639959e+02
