4.660882433590187475e+02
4.748999999999999773e+02
4.749063326230026973e+02
4.569631762815045022e+02
4.613270137021681876e+02
4.740620248433477286e+02
4.553700276327909364e+02
4.550102799982227566e+02
4.749735171134759639e+02
4.550793665135855690e+02
4.550348172964938271e+02
4.550384922808664214e+02
4.553749291216487904e+02
4.707932766610982753e+02
4.550000247117161507e+02
4.749331823764222804e+02
4.749998227181753805e+02
4.550924864524402551e+02
4.550849550088932460e+02
4.554847122294218593e+02
4.746419135864392160e+02
4.716146632487020725e+02
4.749999863437863610e+02
4.562523673865084106e+02
