5.966767848967942456e+01
3.162321706265807109e+00
1.006527172453898222e+00
1.288078482127922086e+00
5.970500000000000540e+01
5.999580170521957001e+01
5.999992337435200085e+01
5.201462191949737957e+01
6.458118817317931359e+00
2.329733724472209389e+01
5.942215878553462716e+01
5.943381492742763328e+01
5.970499999999999829e+01
5.970499999999999119e+01
1.000205224570507090e+00
5.970499999999999829e+01
5.979734693821004754e+01
7.786429435475215932e+00
1.294999984396474568e+00
1.294999999999994600e+00
5.960214574771555363e+01
1.298434421413317219e+00
5.977444096928984152e+01
5.970499999999999829e+01
