7.611170370915858996e+01
7.567195053356294920e+01
7.574028480075929792e+01
7.551517130346553586e+01
7.554816128207653492e+01
7.563757168980194479e+01
7.569858665844694201e+01
7.580182538445909302e+01
7.566928267634850158e+01
7.569490327244969308e+01
7.576982467326340043e+01
7.569037072248036679e+01
7.575369431904623241e+01
7.587403340560803144e+01
7.584068488869665714e+01
7.576959266488178457e+01
7.588230634164641231e+01
7.597309529580235221e+01
7.609867569837975054e+01
7.597375776275042369e+01
7.598623476598386617e+01
7.603283144132191751e+01
7.609969726571762294e+01
7.607944717452802763e+01
