1.414374819853278495e+02
1.408237338025371059e+02
1.407012509087647345e+02
1.404478340305971926e+02
1.404114918641622296e+02
1.406176979398880462e+02
1.405935074694294826e+02
1.408685470466644176e+02
1.406163816778697822e+02
1.407731753560758818e+02
1.407997138326858249e+02
1.407170528446350488e+02
1.408363698003760192e+02
1.409726129751775829e+02
1.409176918404343724e+02
1.410247470470292228e+02
1.408779521338764482e+02
1.410931482130920926e+02
1.413206496214712047e+02
1.412725244262867363e+02
1.412735713456520159e+02
1.413029009287945712e+02
1.414432135279761553e+02
1.415262890083341176e+02
