-2.406299980219345769e-01
-2.235140885572805269e-01
-2.098203090174677876e-01
-1.986709971615352455e-01
-1.907810838635164707e-01
-1.846324181722205360e-01
-1.798161381385814661e-01
-1.771328704102125562e-01
-1.741078844781135115e-01
-1.730537543045522764e-01
-1.710985464531777911e-01
-1.699929202263526784e-01
-1.689618618866803035e-01
-1.680529649908484857e-01
-1.674753825175872013e-01
-1.669407326713273354e-01
-1.666469918280473750e-01
-1.669143811887551510e-01
-1.671389845853648304e-01
-1.663916254963231089e-01
-1.663369586880900919e-01
-1.658705727383757988e-01
-1.660564122521765162e-01
-1.656870399907604263e-01
