6.013790010727562141e-01
5.856630242579627943e-01
5.658972968033935125e-01
5.470743065745604650e-01
5.229001607060345114e-01
5.085498577789496766e-01
4.777985913251052708e-01
4.550516240934218692e-01
4.261723852977863936e-01
4.022560216722578796e-01
3.735566209346208311e-01
3.381982653647965242e-01
3.096724121210493452e-01
2.596287269514499507e-01
2.249170797569837454e-01
1.841634794856253921e-01
1.389887897961435970e-01
9.416948907788942613e-02
5.718313906530891888e-02
1.274799783959441879e-02
4.261353743695501027e-08
1.518920402499853533e-16
5.495758594507199719e-28
5.082547892654460635e-29
