5.112767972625912449e+01
5.102101777262484461e+01
5.100476762736304437e+01
5.113164916094822843e+01
5.110696884363618153e+01
5.106998526177578412e+01
5.144085429746767346e+01
5.173034010489427459e+01
5.208272355396523068e+01
5.227886853521901855e+01
5.274525855388350237e+01
5.283721450432672384e+01
5.345782372900056600e+01
5.392719372814221401e+01
5.436664794224776642e+01
5.470782789140508839e+01
5.562249616657994977e+01
5.619351047535573684e+01
5.692437639692056450e+01
5.741670048952481409e+01
5.831038524325356320e+01
5.876167354338251414e+01
5.899351202964394503e+01
5.928841054595548599e+01
