1.359518009673329857e+02
1.346756946998974627e+02
1.334244531296705247e+02
1.322408685053408988e+02
1.315790563485694804e+02
1.311242164874733476e+02
1.304392892620922453e+02
1.298913460325646270e+02
1.293362371881591173e+02
1.286282799620994126e+02
1.278192437728991138e+02
1.271449330025407249e+02
1.259960923252179299e+02
1.249639548581153576e+02
1.238672460880974455e+02
1.229326340845100987e+02
1.217677176171291080e+02
1.208016529075231347e+02
1.195290533136099640e+02
1.187079450427609970e+02
1.175164322355887947e+02
1.165243239075530397e+02
1.157670688847078253e+02
1.149806758524404557e+02
