5.056773346157414153e+02
5.058593363743343616e+02
5.060446831998250445e+02
5.062614927970354302e+02
5.064394166406930253e+02
5.066378340820207313e+02
5.069359023613552608e+02
5.072275130903231570e+02
5.075332962879378442e+02
5.078425591791866509e+02
5.082151145064439675e+02
5.085244623870351575e+02
5.089845423700558626e+02
5.094084689389061964e+02
5.098550546076722867e+02
5.102713623801636231e+02
5.108500584369410262e+02
5.113586195775320675e+02
5.119175423644280158e+02
5.123944713950709229e+02
5.129768069454414672e+02
5.134842690332732218e+02
5.139269543523668062e+02
5.143798656756857781e+02
