5.453524143041797743e+02
5.455069574739499103e+02
5.456666214328428168e+02
5.458550576654620272e+02
5.460228671346018245e+02
5.462096998560939483e+02
5.465159159337132451e+02
5.468109211584926470e+02
5.471188434879176157e+02
5.473884406906392996e+02
5.477309397805838671e+02
5.479846541058905132e+02
5.483920164616220063e+02
5.487619427474932081e+02
5.491354617139852508e+02
5.494827118930621737e+02
5.500496202612661136e+02
5.505093241630485181e+02
5.510331734040089486e+02
5.514899058474716185e+02
5.520716905894671527e+02
5.525761511190702322e+02
5.529888352123180084e+02
5.534022335580277741e+02
