4.749999992705273257e+02
4.749999999999999432e+02
4.749999999999996589e+02
4.749999999999921556e+02
4.749999999999999432e+02
4.749999999999999432e+02
4.749999999999877787e+02
4.749999999999999432e+02
4.749999999999438955e+02
4.749999999999939178e+02
4.749999999999915303e+02
4.749999999999989200e+02
4.749999999999999432e+02
4.749999999999995453e+02
4.749999999999997158e+02
4.749999999999999432e+02
4.749999999999999432e+02
4.749999999999294005e+02
4.749999999999999432e+02
4.749999999999999432e+02
4.749999999941470605e+02
4.749999999999960210e+02
4.749991280089749353e+02
4.749998339212914971e+02
