9.999999999999998224e+00
9.999999999999998224e+00
9.999999999999971578e+00
9.999999999998111733e+00
9.999999999999998224e+00
9.999999999999998224e+00
9.999999999995761613e+00
9.999999999999980460e+00
9.999999999983200993e+00
9.999999999999689138e+00
9.999999999984298782e+00
9.999999999999619860e+00
9.999999999999998224e+00
9.999999999999701572e+00
9.999999999999658939e+00
9.999999999999998224e+00
9.999999999999985789e+00
9.999999999877607237e+00
9.999999999999998224e+00
9.999999999998895106e+00
9.999999999710460941e+00
9.970057481878166428e+00
1.939794356096687711e+00
3.915684006990596711e+00
