5.607049243486753198e+01
5.622319389696789926e+01
5.629362602635091406e+01
5.646506168403838188e+01
5.656265458549266611e+01
5.670292124955749813e+01
5.707520689407941461e+01
5.738246431790936697e+01
5.772575857327287707e+01
5.798516700269375690e+01
5.837790465379325155e+01
5.855548716624048211e+01
5.904331555304836598e+01
5.941453624462899796e+01
5.979225139125812660e+01
6.011438746449538684e+01
6.075905483281118080e+01
6.123635164033440503e+01
6.173350232106943025e+01
6.213087193421791454e+01
6.270614981212027317e+01
6.299223493694969989e+01
6.321217029637360696e+01
6.343270511071698081e+01
