1.103765857489502906e+02
1.104641093868905983e+02
1.104873721793820209e+02
1.105484076610737390e+02
1.105991372160959401e+02
1.106867430410629396e+02
1.109428255511653418e+02
1.112192160461630550e+02
1.115051570909564447e+02
1.116334465887365326e+02
1.118949718485124976e+02
1.119489675569101763e+02
1.121686387876198268e+02
1.123861144631975293e+02
1.125741168920284565e+02
1.127610892502489435e+02
1.133159953114600142e+02
1.136823854478105318e+02
1.140476587955795367e+02
1.144325148623939015e+02
1.150042603128319456e+02
1.153882600765378754e+02
1.156627197498579704e+02
1.158791612073411414e+02
