-1.276949344489580473e-01
-1.198152856242314240e-01
-1.138446145202904880e-01
-1.087570564667275363e-01
-1.047747774937816678e-01
-1.011091417970702983e-01
-9.823341382875200312e-02
-9.561933047319999546e-02
-9.331327552989625296e-02
-9.016939721684298636e-02
-8.788552560994675189e-02
-8.478908868690762657e-02
-8.210456610184539705e-02
-7.930283905491056218e-02
-7.609168336020254164e-02
-7.297965036682445283e-02
-7.064411326792158219e-02
-6.778348215695277623e-02
-6.485225733954118332e-02
-6.224984942459063642e-02
-5.994101162697484941e-02
-5.696758607399901586e-02
-5.382577583907332403e-02
-5.138083213204140687e-02
