2.523414210576495975e+01
2.449885477472280826e+01
2.343383004378707568e+01
2.284662925676137490e+01
2.249621054585960067e+01
2.206606878577825270e+01
2.201720111748656095e+01
2.140800502645474879e+01
2.126276446603708337e+01
2.127122844157503678e+01
2.095720329971366525e+01
2.109734301995328565e+01
2.086639533278012948e+01
2.059666414870021711e+01
2.087136346703776013e+01
2.045055048226474881e+01
2.036787577759951517e+01
2.002793094278540664e+01
2.012527741982531282e+01
2.011694548305819552e+01
1.988808977465918204e+01
2.080805205794997548e+01
2.006015174898934106e+01
2.031429208111078211e+01
