6.364903029039226823e+01
6.224841935963024042e+01
6.060802182366903423e+01
5.957584930983098559e+01
5.951989524005119847e+01
5.859801127700153245e+01
5.860548857453062510e+01
5.764276612301012648e+01
5.777463158268123067e+01
5.771233403104158555e+01
5.764183106110832000e+01
5.730963207972132523e+01
5.694272398661861700e+01
5.690997412499585550e+01
5.650071719958773286e+01
5.662338015728752083e+01
5.658541760373730511e+01
5.597244331612298396e+01
5.590474987113349670e+01
5.618717641332523272e+01
5.573017628929947875e+01
5.678245881657997529e+01
5.558188410075866415e+01
5.623601688720549419e+01
