1.310884152489145720e+02
1.284879177315887375e+02
1.282330194212063930e+02
1.278131970039905241e+02
1.270349561419874078e+02
1.271189440180441608e+02
1.259358525221714018e+02
1.268727625483470121e+02
1.268050642912874366e+02
1.265325516266775878e+02
1.268735647429688385e+02
1.264479079654909270e+02
1.268666505575466772e+02
1.276826905024242507e+02
1.269548646191262407e+02
1.271151334601835714e+02
1.272740475147757451e+02
1.277798053458644461e+02
1.276173422501848194e+02
1.276196826074744735e+02
1.280596382584870412e+02
1.263844266008082968e+02
1.280093656446759951e+02
1.272818882504028863e+02
