1.310910344722606169e+02
1.284863289661242050e+02
1.282339795857238016e+02
1.278130973025842820e+02
1.270374216456348506e+02
1.271180669447072660e+02
1.259342029991703242e+02
1.268711259668351516e+02
1.268044315853970119e+02
1.265325684449684616e+02
1.268684693702267339e+02
1.264472982840968314e+02
1.268683907724215629e+02
1.276804886726192194e+02
1.269504772992242607e+02
1.271149178656097973e+02
1.272742184557503577e+02
1.277754309361333611e+02
1.276167267487752213e+02
1.276195474867543709e+02
1.280593219494829214e+02
1.263907675001998854e+02
1.280116485673857198e+02
1.272847438734465015e+02
