6.364441295357602968e+01
6.225029511961280093e+01
6.060767905509758435e+01
5.957597288526448409e+01
5.952099014097026242e+01
5.859310276941299378e+01
5.861001002619151734e+01
5.764343975419568267e+01
5.777437958805663243e+01
5.771126693344854885e+01
5.765003726185952360e+01
5.731201265900756425e+01
5.694010838490599724e+01
5.691318414684994309e+01
5.649973557304984695e+01
5.662201579393934736e+01
5.658522722832537966e+01
5.597442499378850300e+01
5.590475115123729921e+01
5.618704752064365948e+01
5.572854855063992119e+01
5.677359833841583736e+01
5.558180726159428531e+01
5.623031074030471643e+01
