2.523328164451020328e+01
2.449853084530704095e+01
2.343383721344347492e+01
2.284659899601742694e+01
2.249532476687032556e+01
2.206916963828782841e+01
2.201564249012600172e+01
2.140870429614245651e+01
2.126318203803496587e+01
2.127178719300165355e+01
2.095436028823252173e+01
2.109612888014267185e+01
2.086797971019636222e+01
2.059598996605707910e+01
2.087360097390875779e+01
2.045144785957140598e+01
2.036789778087239355e+01
2.002829513965408381e+01
2.012630721253048449e+01
2.011710687845222267e+01
1.988912657646849169e+01
2.081016987801759655e+01
2.005783724866116557e+01
2.031683667456773179e+01
