5.307813816076429703e+02
5.308531516637006007e+02
5.305580210679783022e+02
5.304491526209807262e+02
5.305459086880365476e+02
5.304879985412584347e+02
5.306180633402603917e+02
5.304289660743994546e+02
5.304921862243782016e+02
5.306459598026125377e+02
5.307264685823057562e+02
5.306514815681493928e+02
5.306990929137326702e+02
5.307393672950496466e+02
5.306954472612779909e+02
5.306320744360758681e+02
5.307141065142991465e+02
5.305350263959643371e+02
5.306436366616873102e+02
5.307136787405490850e+02
5.306205677100389266e+02
5.312824855559001662e+02
5.307246418967648651e+02
5.309606289456423838e+02
