5.002957462572367717e+02
5.003463319016861419e+02
5.001871686638367009e+02
5.001420162849944404e+02
5.001683081480465489e+02
5.001230185687220455e+02
5.001368157227350366e+02
5.000605089291921104e+02
5.000755977702382324e+02
5.001410645471578960e+02
5.000966152191260221e+02
5.001354095637405521e+02
5.001574008000182516e+02
5.001229810198449854e+02
5.001520763279168023e+02
5.000413438571551978e+02
5.000931339435949212e+02
4.999773918317242760e+02
5.000751970669023194e+02
5.000730077743044717e+02
5.000144623314309911e+02
5.003933538412512689e+02
5.000903751722813695e+02
5.001983707141342848e+02
