5.673379470968283158e+02
5.673659961966139917e+02
5.670621859439411310e+02
5.669572292143099048e+02
5.671026606901485820e+02
5.669736457575791064e+02
5.671385985355098001e+02
5.669085375841374344e+02
5.669889364904948934e+02
5.671107435292632317e+02
5.671904926417226989e+02
5.671618704159909612e+02
5.671384386237704121e+02
5.671444229022473564e+02
5.671421200242572240e+02
5.671147236399565372e+02
5.671299362026834388e+02
5.669507136194652048e+02
5.670119345373994975e+02
5.671296375592598906e+02
5.670182712785534704e+02
5.675673593043973142e+02
5.670290917681722931e+02
5.673363148212973783e+02
