4.676137128117946418e+01
4.661213249374690548e+01
4.622237720766115388e+01
4.601675217358310732e+01
4.616244582414926612e+01
4.596650656772472843e+01
4.605735229924525953e+01
4.576509656136246207e+01
4.595783167392814761e+01
4.608367740416949232e+01
4.623027009584044578e+01
4.618377380488175987e+01
4.613947191786220259e+01
4.624087920428164722e+01
4.624225349710413724e+01
4.601305291066404379e+01
4.619432457088890942e+01
4.600859990373820096e+01
4.612689145410659819e+01
4.635134993686838811e+01
4.611058293382411222e+01
4.704827106518197866e+01
4.632747941680718640e+01
4.657063636719862387e+01
