7.195552571784442364e+01
7.192525611207989300e+01
7.155427618731226858e+01
7.141945389722539517e+01
7.186496300336021648e+01
7.167192376477410676e+01
7.186195032535877658e+01
7.167448357852791219e+01
7.196734908520372187e+01
7.227999588634105521e+01
7.266376909432744924e+01
7.233752320549936599e+01
7.240301482369322628e+01
7.269716717354191360e+01
7.225701649321436548e+01
7.239741764223306575e+01
7.271376579089989889e+01
7.237744374220713439e+01
7.249417081731608903e+01
7.273374293531060175e+01
7.258719990211253048e+01
7.355270582231153753e+01
7.269507223395592632e+01
7.305778763892348593e+01
