1.377028131861630698e+02
1.376565824264515925e+02
1.373792080442304382e+02
1.374196359134929253e+02
1.378139518782513449e+02
1.378306676568313094e+02
1.378182566275690419e+02
1.377013535677658638e+02
1.383396607492388455e+02
1.385277101803025914e+02
1.389089237291474319e+02
1.386029992271243145e+02
1.385653496792640738e+02
1.389871912513137886e+02
1.383940573665044838e+02
1.386618710948477258e+02
1.390008070550556170e+02
1.386922759779846217e+02
1.387262837712198689e+02
1.390263176344213036e+02
1.389139375535116017e+02
1.394535134260118241e+02
1.389862856047499236e+02
1.393335744486207659e+02
