-1.916308728493710534e-01
-1.877454092689078147e-01
-1.854307523135400870e-01
-1.840426163467273613e-01
-1.837101023669039379e-01
-1.829435654343282702e-01
-1.819550268979332475e-01
-1.818385331767153057e-01
-1.824163617586062880e-01
-1.825659925484676704e-01
-1.833899151842220132e-01
-1.824095499896997707e-01
-1.826603124495522201e-01
-1.839114429519894400e-01
-1.824323559662100191e-01
-1.826829275725233293e-01
-1.831937295040370062e-01
-1.827398518844030040e-01
-1.827618508140340936e-01
-1.833988893474594040e-01
-1.832870562054158270e-01
-1.839476323725139639e-01
-1.833484265485850195e-01
-1.838322944216972954e-01
