5.307823151532334123e+02
5.308531494266856043e+02
5.305579998797320513e+02
5.304491571274003263e+02
5.305459959817168283e+02
5.304871372631467921e+02
5.306182790550594746e+02
5.304286171295570966e+02
5.304920506910837048e+02
5.306458251328569986e+02
5.307270812848121295e+02
5.306517883287444874e+02
5.306984435689928432e+02
5.307394078043690797e+02
5.306947146445868384e+02
5.306318098850753131e+02
5.307141113853931529e+02
5.305348488574564954e+02
5.306430448222142786e+02
5.307136177160197121e+02
5.306202736111529248e+02
5.312822574545870111e+02
5.307258056520280434e+02
5.309598756274056086e+02
