5.673390953950854509e+02
5.673655932979710315e+02
5.670623356373358774e+02
5.669572069211191092e+02
5.671030462006694961e+02
5.669734345037352341e+02
5.671381255321465460e+02
5.669080921405347908e+02
5.669887760799703074e+02
5.671107529270490204e+02
5.671894806681655155e+02
5.671617606908610014e+02
5.671386537476776084e+02
5.671437681666020580e+02
5.671410177892755655e+02
5.671146554986672754e+02
5.671299809385733397e+02
5.669497859268186630e+02
5.670116730232840609e+02
5.671295963473043003e+02
5.670181930707194624e+02
5.675688522905602440e+02
5.670300920767045909e+02
5.673367663049644989e+02
