5.002963341355505804e+02
5.003463754000595145e+02
5.001871597515306007e+02
5.001420197935399301e+02
5.001683138761154623e+02
5.001225899162902238e+02
5.001370020338707718e+02
5.000602444689776576e+02
5.000755351263920261e+02
5.001409876898078437e+02
5.000969768989832573e+02
5.001356453045397643e+02
5.001569776765937263e+02
5.001231507595636003e+02
5.001518598434279284e+02
5.000411958322800388e+02
5.000931329621433861e+02
4.999773599204240213e+02
5.000747460282555039e+02
5.000729756695047286e+02
5.000142956038549187e+02
5.003931446457079915e+02
5.000909296956649541e+02
5.001979911235712848e+02
