3.674358444946290457e-09
3.674542200985183988e-09
3.673957514858095296e-09
3.673791730884564655e-09
3.673888301168321367e-09
3.673720369138471747e-09
3.673773301868918268e-09
3.673491378404179013e-09
3.673547541305971981e-09
3.673787940225149373e-09
3.673626295935163249e-09
3.673768318914893495e-09
3.673846667016742038e-09
3.673722429014211512e-09
3.673827870735518395e-09
3.673421411165381463e-09
3.673612177458905176e-09
3.673186926795025420e-09
3.673544642953163934e-09
3.673538140427578861e-09
3.673322602102351791e-09
3.674713933568334690e-09
3.673604085010772901e-09
3.673997293753355660e-09
