3.784653137463530147e-09
3.784905664916034484e-09
3.783853331975318123e-09
3.783465187667254143e-09
3.783810526809410180e-09
3.783600633211294386e-09
3.784068276505706955e-09
3.783391935482706352e-09
3.783618155225213943e-09
3.784166496723966377e-09
3.784456214482114390e-09
3.784187759175893489e-09
3.784354109608001975e-09
3.784500162590589678e-09
3.784340814303144376e-09
3.784116523296508886e-09
3.784409971961174751e-09
3.783770776412656872e-09
3.784156583169889237e-09
3.784408211834871321e-09
3.784075388519788795e-09
3.786435094786034612e-09
3.784451666401294384e-09
3.785286116930925369e-09
