3.912814114338840413e-09
3.912905488403007736e-09
3.911859622048573312e-09
3.911496991860896663e-09
3.912000039724636441e-09
3.911552969354107596e-09
3.912121030279130203e-09
3.911327564190733002e-09
3.911605889807241266e-09
3.912026620970917742e-09
3.912298150235170399e-09
3.912202547138935890e-09
3.912122852095116152e-09
3.912140491688106066e-09
3.912131005666962390e-09
3.912040081249811601e-09
3.912092939458957444e-09
3.911471392669710668e-09
3.911684871012776638e-09
3.912091612993161130e-09
3.911707361112016694e-09
3.913606325762281841e-09
3.911748404931846613e-09
3.912806082717076313e-09
