4.676237046994587132e+01
4.661227638362402814e+01
4.622236985333573500e+01
4.601676925610624380e+01
4.616305563080410224e+01
4.596430692216234348e+01
4.605839950562067742e+01
4.576441674064552245e+01
4.595749053688729191e+01
4.608326444901338448e+01
4.623234254590210668e+01
4.618471117826553751e+01
4.613822868769452867e+01
4.624127969416620942e+01
4.624042306120901458e+01
4.601233862668981800e+01
4.619431702663822392e+01
4.600819014003214846e+01
4.612595517303707737e+01
4.635121156506712481e+01
4.610973713769921289e+01
4.704692209150788074e+01
4.632964963482148590e+01
4.656867606141133820e+01
