7.195864641108360615e+01
7.192439954771582222e+01
7.155436865705998173e+01
7.141939265418433536e+01
7.186392764456940085e+01
7.167479637269909176e+01
7.185949037115560145e+01
7.167392163547403072e+01
7.196754640794506486e+01
7.228061517022584326e+01
7.265938461050537001e+01
7.233631125393375783e+01
7.240404455135940509e+01
7.269563748569771633e+01
7.225823651293633532e+01
7.239821735765225696e+01
7.271386604477152105e+01
7.237671409238733133e+01
7.249369925056052466e+01
7.273381932712757703e+01
7.258818934285710611e+01
7.355753833297382016e+01
7.269522006638122491e+01
7.306095064350789414e+01
