1.377057005417426296e+02
1.376565014848543171e+02
1.373787232959551261e+02
1.374196368096193055e+02
1.378117764227578448e+02
1.378325999576784398e+02
1.378169943052415647e+02
1.377014130592440040e+02
1.383399869376380593e+02
1.385281033943434750e+02
1.389084904027868674e+02
1.386025040664641210e+02
1.385645669673528459e+02
1.389867549966330671e+02
1.383962554965327172e+02
1.386623681586406747e+02
1.390008179151712966e+02
1.386936888383611404e+02
1.387256382202659779e+02
1.390263759759682500e+02
1.389146164215428882e+02
1.394542449167332734e+02
1.389869265648021610e+02
1.393337481548690278e+02
