-1.916365770129200286e-01
-1.877453343402494257e-01
-1.854296537437924441e-01
-1.840426214031010144e-01
-1.837054520092133714e-01
-1.829482063709225170e-01
-1.819525904838250052e-01
-1.818387973968717264e-01
-1.824171149452882834e-01
-1.825668483517239316e-01
-1.833893448161529882e-01
-1.824086138022227299e-01
-1.826590557404921544e-01
-1.839105644069684020e-01
-1.824374085577229188e-01
-1.826840782771254335e-01
-1.831937414093631755e-01
-1.827431670449098655e-01
-1.827610265861090155e-01
-1.833990496420489225e-01
-1.832885984640781896e-01
-1.839487352500202288e-01
-1.833492342807155617e-01
-1.838328125220172471e-01
