2.331049320521143845e-22
5.739255650451357115e-13
7.249505162924192025e-18
1.638866223094330617e-13
5.250385561530116986e-23
1.870856855392543092e-33
3.346436122847145098e-20
3.444326782521397994e-13
3.538658053944894997e-13
1.161661428328774783e-23
1.386276729443947015e-12
5.103341874638917300e-13
8.485141858334752776e-25
3.860381115097800489e-13
3.893793343465348918e-13
4.048357500166606816e-13
4.312530592388288499e-16
2.207367116360633146e-17
1.589335827861887838e-15
3.447726526157180976e-21
6.621256850151401113e-14
3.862914037424980999e-23
2.179527848550483945e-27
2.220507660121233221e-24
2.139553998074184586e-12
7.173210684861350926e-14
1.264493678790101882e-13
4.560142064307244209e-13
3.029635169962855030e-25
3.917694046463807482e-13
3.584130923624008346e-21
1.177684065280314915e-17
3.991125459662167136e-28
3.852164575080623686e-13
5.177792562520171775e-13
1.371799440878631750e-23
6.382214878377489325e-31
1.036066710506137469e-23
9.262899529624649952e-28
1.260053430574193267e-11
1.013666051802585668e-13
1.614294461825959382e-28
2.980055589488385900e-20
9.875159732394031324e-13
4.248370214533300240e-13
3.773961476491960538e-13
2.208460153552980761e-26
2.613641901762333257e-28
