7.536262586320718526e+01
7.437260568156158058e+01
7.414726921875315213e+01
7.409413319014136334e+01
7.283913184062872404e+01
7.319052218682526245e+01
7.266464247072232752e+01
7.236014118173983434e+01
7.197999842345433308e+01
7.240459256701342383e+01
7.193780400958071652e+01
7.185717207373035365e+01
7.168712106202345069e+01
7.187540692265572773e+01
7.182504590716196446e+01
7.101710670570238904e+01
7.142755247555608378e+01
7.140986453788158883e+01
7.127159798970534155e+01
7.090287545439691996e+01
7.113015529126464287e+01
7.112152310820283674e+01
7.101756708573893206e+01
7.085704276796468548e+01
7.088589497279144780e+01
7.122931981716807570e+01
7.106292684453175923e+01
7.093210627645963484e+01
7.095844482093730221e+01
7.071586147779943587e+01
7.142415810461756109e+01
7.122418889667351038e+01
7.096536769029906111e+01
7.054890532027174288e+01
7.085774165503828215e+01
7.116217759662808362e+01
7.073341304599470902e+01
7.095559700837179662e+01
7.133719793932768027e+01
7.117616949241192970e+01
7.076564117458890735e+01
7.123243137587454044e+01
7.079567483579224074e+01
7.132424908682365583e+01
7.078267323340476480e+01
7.091074194413332066e+01
7.133779632732809262e+01
7.090563687897385137e+01
