2.027020641552141456e+02
2.022273569934069997e+02
2.008170385088606338e+02
2.000454850996620735e+02
2.004219122030225719e+02
1.998559153002212270e+02
1.990466203542681285e+02
1.992829752512325001e+02
1.991367269960067574e+02
1.983249541046758964e+02
1.988892020949142534e+02
1.978807003318858051e+02
1.980992871665942232e+02
1.979786418313777574e+02
1.982667838493669592e+02
1.981592196682254610e+02
1.978183685188867855e+02
1.977324762559194653e+02
1.972111631378403445e+02
1.971753532520579597e+02
1.975634607689892164e+02
1.969851272752811155e+02
1.974564510853655008e+02
1.971117327749644801e+02
1.974888373382914040e+02
1.969423597434552846e+02
1.968241350692819935e+02
1.969440890671263276e+02
1.964782218364421169e+02
1.969406415592181077e+02
1.966787554225574297e+02
1.966049589840885687e+02
1.967131625616665644e+02
1.967655982364009049e+02
1.963126615678634153e+02
1.959433040730275764e+02
1.959914964147221781e+02
1.961152052521391056e+02
1.958332370910288205e+02
1.960043777809916605e+02
1.960522071810585203e+02
1.961494327476835053e+02
1.959814316221269337e+02
1.955486802486115323e+02
1.961060609529514807e+02
1.962555908882594338e+02
1.954831195546387619e+02
1.962020832912514265e+02
