5.263225211666850782e+02
5.262839141528280607e+02
5.264347403545148154e+02
5.266218612817522171e+02
5.265384960828884005e+02
5.266959666628134755e+02
5.267250008705378832e+02
5.268170856014039600e+02
5.268863278424856844e+02
5.271117803910524344e+02
5.270363967565037910e+02
5.270496191087540865e+02
5.270284026711626666e+02
5.270839173589861275e+02
5.270467255540963833e+02
5.269882652579509568e+02
5.270791728934079856e+02
5.271407696370190479e+02
5.271431905926239097e+02
5.271131254257313685e+02
5.271453012388241177e+02
5.272303427563167588e+02
5.272032207343652317e+02
5.272224757387384670e+02
5.272405468398351331e+02
5.273483048312958772e+02
5.273617068196355149e+02
5.273293131198063293e+02
5.273796469635828998e+02
5.273943508606491832e+02
5.275032804692289119e+02
5.274793190787901267e+02
5.274614360734617549e+02
5.274043471387317368e+02
5.274999667667364065e+02
5.276028325243918289e+02
5.275479546739220496e+02
5.275611389610019160e+02
5.276952209406966858e+02
5.276454728121644848e+02
5.275857391603285578e+02
5.276897062028376695e+02
5.276703467403192462e+02
5.277443245236436269e+02
5.277044837544920028e+02
5.277349973807999959e+02
5.278160851122041777e+02
5.277477547025544027e+02
