4.658829511768633438e+02
4.650087612425014072e+02
4.601488150641987431e+02
4.684149674141446553e+02
4.688867413329042506e+02
4.615707757009698184e+02
4.657914529891717166e+02
4.697759730089316577e+02
4.635463314273333708e+02
4.664561432310617306e+02
4.600072545336931285e+02
4.649494285940881468e+02
4.624497512891959445e+02
4.600157530136347077e+02
4.600073399350288810e+02
4.679154661747617183e+02
4.600006548134953732e+02
4.600006548156998178e+02
4.634377885807134589e+02
4.699033073299976309e+02
4.600012618558811255e+02
4.646369753004798895e+02
4.614413099567778431e+02
4.678751014172586906e+02
4.600500000000000114e+02
4.607915045065811341e+02
4.600500000000000114e+02
4.607798090510807469e+02
4.600121255633777082e+02
4.696141129775252807e+02
4.667477979589361894e+02
4.634746744530051501e+02
4.600034921191157764e+02
4.619346594379961175e+02
4.699905295507165874e+02
4.699751601207238423e+02
4.676595039361330350e+02
4.600382975196806683e+02
4.600490461742886623e+02
4.699654075591219566e+02
4.600001372385669924e+02
4.600004728874454258e+02
4.600004728877911475e+02
4.698778897651945954e+02
4.600003451747145959e+02
4.699723529746490840e+02
4.699723529721232467e+02
4.683489341698832504e+02
