5.729869527248113172e+02
5.729350514192518631e+02
5.730636587264443733e+02
5.731988618917298481e+02
5.730457674657782263e+02
5.732038237359633968e+02
5.732220996061546430e+02
5.732322902966724314e+02
5.732553902028614630e+02
5.733892547154310932e+02
5.732762636570614632e+02
5.732939452990873406e+02
5.732414560781317050e+02
5.733097896928381942e+02
5.732876161676480251e+02
5.732045235712498652e+02
5.733250457450131989e+02
5.732901476789830895e+02
5.733092249463801409e+02
5.732579459395083177e+02
5.732905524836025961e+02
5.733065201229062495e+02
5.732550908400842218e+02
5.732759691830733573e+02
5.732685789876328499e+02
5.733596699561885544e+02
5.732933416548988816e+02
5.733020903360534248e+02
5.733413593263268240e+02
5.732527190721502848e+02
5.733877744743060703e+02
5.733687002682449929e+02
5.733342672958203821e+02
5.732481335582160682e+02
5.733234714953846378e+02
5.733995692323518369e+02
5.732889791118046787e+02
5.733379325869402692e+02
5.733947879707652646e+02
5.733832065120402603e+02
5.733293177383312695e+02
5.733835687879488887e+02
5.732846208931812271e+02
5.734252376822615815e+02
5.732956954825040157e+02
5.733191870446088387e+02
5.734036722370108237e+02
5.733307730130752589e+02
