3.545734959964087216e-09
3.542406762156399073e-09
3.523846762428092763e-09
3.555357219286468665e-09
3.557147194841222144e-09
3.529287291770671964e-09
3.545386756351104421e-09
3.560518616344402751e-09
3.536832027616352737e-09
3.547915510202381672e-09
3.523304681287844305e-09
3.542180758801863974e-09
3.532646128671553854e-09
3.523337227074429492e-09
3.523305008342372867e-09
3.553461059733083310e-09
3.523279406785930085e-09
3.523279406794371877e-09
3.536417915513598502e-09
3.561001128784998524e-09
3.523281731542654527e-09
3.540990358319470236e-09
3.528792293089336613e-09
3.553307786655119711e-09
3.523468376318226387e-09
3.526306780577284927e-09
3.523468376318226387e-09
3.526262029290287644e-09
3.523323335424369976e-09
3.559905180006799009e-09
3.549024515464313192e-09
3.536558647740612013e-09
3.523290272645514991e-09
3.530678191393594661e-09
3.561331605299859755e-09
3.561273374249615133e-09
3.552489007797636517e-09
3.523423562078958365e-09
3.523464723697345225e-09
3.561236423660421629e-09
3.523277424656577629e-09
3.523278710073477316e-09
3.523278710074801218e-09
3.560904818331818183e-09
3.523278220978787711e-09
3.561262738549742250e-09
3.561262738540172598e-09
3.555106608116186043e-09
