3.768719695727543167e-09
3.768581470897768857e-09
3.769121445705530090e-09
3.769791252220840619e-09
3.769492858003982059e-09
3.770056482370461554e-09
3.770160393451523620e-09
3.770489938311002258e-09
3.770737717476038609e-09
3.771544372974501585e-09
3.771274674118322027e-09
3.771321980916988326e-09
3.771246072672485572e-09
3.771444690085154896e-09
3.771311628437008215e-09
3.771102464715822571e-09
3.771427716004567767e-09
3.771648082214518451e-09
3.771656743071926838e-09
3.771549184909016189e-09
3.771664293795474880e-09
3.771968512688413437e-09
3.771871491784812098e-09
3.771940371048144024e-09
3.772005014092429331e-09
3.772390457625068529e-09
3.772438392937697945e-09
3.772322528330906230e-09
3.772502559060642302e-09
3.772555149355880819e-09
3.772944726659787797e-09
3.772859034274818284e-09
3.772795078563534323e-09
3.772590901854554210e-09
3.772932876083268084e-09
3.773300730779407968e-09
3.773104488449634065e-09
3.773151636184275194e-09
3.773631087249636480e-09
3.773453204731776492e-09
3.773239606272912147e-09
3.773611368821491237e-09
3.773542146552177247e-09
3.773806656867573550e-09
3.773664207019643347e-09
3.773773308342880074e-09
3.774063221807179913e-09
3.773818921150079921e-09
