3.932241903844963215e-09
3.932063808070337744e-09
3.932505100466125983e-09
3.932968971950899765e-09
3.932443712850712444e-09
3.932985994609596525e-09
3.933048693221847326e-09
3.933083653758013617e-09
3.933162899946420396e-09
3.933622102083734299e-09
3.933234506729123238e-09
3.933295162919440502e-09
3.933115097940186116e-09
3.933349515705843018e-09
3.933273451185879905e-09
3.932988395537003241e-09
3.933401849528944892e-09
3.933282135409166943e-09
3.933347578406154318e-09
3.933171667519764456e-09
3.933283524069432745e-09
3.933338299797902262e-09
3.933161872967221295e-09
3.933233496539556446e-09
3.933208144475721983e-09
3.933520620617997958e-09
3.933293092156779648e-09
3.933323103839603633e-09
3.933457810292329502e-09
3.933153736487486636e-09
3.933617024631623998e-09
3.933551596618478233e-09
3.933433482473831610e-09
3.933138005583182630e-09
3.933396449310781728e-09
3.933657482263024071e-09
3.933278126700167292e-09
3.933446055554313790e-09
3.933641081932755403e-09
3.933601355785230231e-09
3.933416503899307043e-09
3.933602598452232313e-09
3.933263176021550997e-09
3.933745527114718883e-09
3.933301166805203579e-09
3.933381752132145355e-09
3.933671556031970807e-09
3.933421495967466298e-09
