5.999611422567301844e+01
1.295000000000001705e+00
5.970499999999999829e+01
1.056005674195795052e+00
5.846461014555877966e+01
1.294561214679530226e+00
5.970500000000000540e+01
1.032688761950201872e+00
5.983588953783922904e+01
1.190303950385074749e+00
5.970500000000000540e+01
1.295000000000001705e+00
1.295000000000007478e+00
5.593718571199766387e+01
2.484006556903645802e+00
5.994477465230650637e+01
5.889872108489495162e+01
5.889872108510585491e+01
1.295000000000001039e+00
5.950957771785881079e+01
5.756934663508621242e+01
1.294999953250817404e+00
1.295000000000001039e+00
5.970291950355068167e+01
1.484530935792652606e+01
5.987338090759156728e+01
1.117159771508440258e+01
5.970499999999999829e+01
1.295000000000005480e+00
1.294402899350416192e+00
5.970499999999998408e+01
5.970500000000001251e+01
1.000012502403351267e+00
5.970647499999999752e+01
1.356227522568339339e+00
5.911432673750352507e+01
1.294999999999993046e+00
5.909277003207728995e+01
8.095235482179477415e+00
1.107692382280324317e+01
5.970499999999999829e+01
5.971529629878144618e+01
5.971529629885723267e+01
5.970647499999999752e+01
5.650548486493494948e+01
2.161889386462498663e+01
2.161889386462497953e+01
1.294999999999996820e+00
