7.803593803318101152e+01
7.779394896126559900e+01
7.782818769624572042e+01
7.807080376061304605e+01
7.768008475684781899e+01
7.796624038577613192e+01
7.781421505031228492e+01
7.785412598784070326e+01
7.786907092034027755e+01
7.826591121805134321e+01
7.817191875833624692e+01
7.814650682100989343e+01
7.809720118391216204e+01
7.821444279807253963e+01
7.833783331755638812e+01
7.795696163624801045e+01
7.819707735054153375e+01
7.834474106150952366e+01
7.825244811964401492e+01
7.807858853615151418e+01
7.829225750865600730e+01
7.836780025679361472e+01
7.839928655006451663e+01
7.836690743055827113e+01
7.847235214817368387e+01
7.868828825813513106e+01
7.870997752275371795e+01
7.862918303502991080e+01
7.860581372459618876e+01
7.867040668915265655e+01
7.898074379167073289e+01
7.890649604084671864e+01
7.874090618242860273e+01
7.856621918500083268e+01
7.885610647748708857e+01
7.899488076641499390e+01
7.887114609140031973e+01
7.895348564374418743e+01
7.927093132928021646e+01
7.912873430378087392e+01
7.889089839879797239e+01
7.919114834433077021e+01
7.910628347328353982e+01
7.932351129090216091e+01
7.905410859120601685e+01
7.926585983034877358e+01
7.944193112832405745e+01
7.921812472474026379e+01
