1.482810170901925062e+02
1.482179584880575760e+02
1.480316755724516895e+02
1.480735013576590688e+02
1.476769946597684395e+02
1.479377394195197724e+02
1.474831405208651631e+02
1.474578461304232349e+02
1.472777330056568985e+02
1.474979615260399441e+02
1.474092451814284743e+02
1.471770784696548162e+02
1.472589387311405460e+02
1.474144398421194921e+02
1.475254853543192439e+02
1.470810642898068750e+02
1.472276593579026382e+02
1.472757630523234695e+02
1.471151494172044636e+02
1.469074136839552409e+02
1.472034034164766183e+02
1.471158857949923231e+02
1.470310499260555730e+02
1.470528006580900069e+02
1.471945922601819632e+02
1.473027654266220452e+02
1.471374101969252592e+02
1.470898597744109964e+02
1.469802512683249347e+02
1.471175946928400435e+02
1.472980723894249309e+02
1.472065077301388669e+02
1.470364902350446812e+02
1.467505201913453163e+02
1.470085257666629559e+02
1.470358860574827418e+02
1.468022082586790305e+02
1.468354289401182768e+02
1.471197033813259907e+02
1.470196161470921936e+02
1.467502547260961592e+02
1.470279320330323571e+02
1.467860193492982717e+02
1.469018783235065655e+02
1.467586096535413276e+02
1.470323595045982472e+02
1.469367547666061569e+02
1.469519401176525832e+02
