-2.542093447794064320e-01
-2.526905516120813155e-01
-2.506819201173362543e-01
-2.496484098118707806e-01
-2.485048528550730940e-01
-2.482736747145757317e-01
-2.465356731325093198e-01
-2.462807520994535482e-01
-2.455022293380822451e-01
-2.451704610837785736e-01
-2.453808612858062177e-01
-2.441678750741431425e-01
-2.443210510411847336e-01
-2.443949346120496136e-01
-2.449489749570886998e-01
-2.436429435427765189e-01
-2.438122160757588697e-01
-2.436696752067318561e-01
-2.428681519863513660e-01
-2.423161790846990182e-01
-2.431094443972964814e-01
-2.424996994814686280e-01
-2.428468457403440139e-01
-2.423480499839744395e-01
-2.428459101314242030e-01
-2.425959446191435220e-01
-2.424322562811121184e-01
-2.423211057955950987e-01
-2.417135903060988189e-01
-2.422456049030054237e-01
-2.431682497494740414e-01
-2.428187859078340671e-01
-2.424366321545762260e-01
-2.418984439998296543e-01
-2.415239568399811521e-01
-2.413906380911542970e-01
-2.410082282927475672e-01
-2.413260985379611090e-01
-2.416224646808319831e-01
-2.415371597050581243e-01
-2.410169981545830231e-01
-2.416897083635915211e-01
-2.410715991476809206e-01
-2.408871765346857208e-01
-2.410934317318600417e-01
-2.414844315760342475e-01
-2.411452350186872873e-01
-2.413845775601034249e-01
