4.534149477213998125e+01
4.551084007434708667e+01
4.654203119936011745e+01
4.593878590115814120e+01
4.633220538513267428e+01
4.742060796667228573e+01
4.686177571803300168e+01
4.617665652840459245e+01
4.825952103188387099e+01
4.805992980477098087e+01
4.675521061847200599e+01
4.780857994193569738e+01
4.699277457716654993e+01
4.708995243540113051e+01
4.829913772475104849e+01
4.775941968191882125e+01
4.654016260023325913e+01
4.705573876190152305e+01
4.821903880520184771e+01
4.703872612348781956e+01
4.733988234249133598e+01
4.674646019635982697e+01
4.782251622889076970e+01
4.634739306572461004e+01
4.575968513399056548e+01
4.667876847572796351e+01
4.734979651189930649e+01
4.567320095694554283e+01
4.648091277451820957e+01
4.712732351965926370e+01
4.712076240420624629e+01
4.714281957321365013e+01
4.634672192264859802e+01
4.543845052828020670e+01
4.505403060752394140e+01
4.678864282127758401e+01
4.531371987276538960e+01
4.588213666022745940e+01
4.773681725402631315e+01
4.439825650688250391e+01
4.627624494014321499e+01
4.665766551177783583e+01
4.673007339096599821e+01
4.533840728640991813e+01
4.616431582196047856e+01
4.786423620883717689e+01
4.644956218926419211e+01
4.650469281934804400e+01
4.522901574536766844e+01
4.659864944405938303e+01
4.736682559111007151e+01
4.652752398510806131e+01
4.587479451075229520e+01
4.632503622205655347e+01
4.691428086892625515e+01
4.602327175529965331e+01
4.568952630201746956e+01
4.629699555997888183e+01
4.597393558590621865e+01
4.651260658216722987e+01
4.561147080985019642e+01
4.548252710895296502e+01
4.483510778545847586e+01
4.400586511933024525e+01
4.443190661654906393e+01
4.576209166933600869e+01
4.406260931389576285e+01
4.511897774644600645e+01
4.624113915490521265e+01
4.388986954745553959e+01
4.970830008964732372e+01
4.515225613297081253e+01
4.599489426045619922e+01
4.348537081904566293e+01
4.649593751913713646e+01
4.781270891104999521e+01
4.551946032115831997e+01
4.534604458041506092e+01
4.457725538745870608e+01
4.912902796613295209e+01
4.868744641207431556e+01
4.858236460201388951e+01
4.707995560775820820e+01
4.800046240488192240e+01
