1.494059485750209149e+02
1.472232882893250689e+02
1.461281188558887436e+02
1.448241927794795458e+02
1.450448473436899803e+02
1.447727561460170023e+02
1.456082723740849474e+02
1.460856094556270648e+02
1.450697171897854787e+02
1.446176461126745778e+02
1.462709742324031481e+02
1.451241013808339630e+02
1.461793097793825211e+02
1.458082531769815375e+02
1.443619546161497738e+02
1.448157421873946191e+02
1.459139852832580004e+02
1.459793244451831811e+02
1.456896171374985727e+02
1.453788206879425502e+02
1.456136866107155470e+02
1.449607430337982521e+02
1.439203056715257958e+02
1.450155993440303348e+02
1.449814454576554112e+02
1.439459658423103576e+02
1.441166227794472263e+02
1.440193566748804983e+02
1.450433965895530548e+02
1.448737190191581874e+02
1.436751483305573345e+02
1.436629310491926219e+02
1.442142561832029344e+02
1.443696488687023987e+02
1.445840099201543012e+02
1.442813411276875399e+02
1.455588022089563651e+02
1.452682873407426598e+02
1.420843618384898548e+02
1.462831260884705102e+02
1.442818880210062389e+02
1.447343545058407699e+02
1.447444306036421153e+02
1.450755357495295357e+02
1.443592187837521692e+02
1.442062954818861726e+02
1.456726828413728185e+02
1.459955459798250672e+02
1.456976674637627411e+02
1.454246519846648766e+02
1.437547091840390578e+02
1.461965334527425568e+02
1.457826103364580490e+02
1.459125785424844821e+02
1.442853690413266179e+02
1.468822514594160396e+02
1.465362276353615698e+02
1.464258380482403936e+02
1.480002028660396149e+02
1.467110837783626778e+02
1.484872371627448331e+02
1.477756821599163857e+02
1.488865712638601053e+02
1.495616527196523293e+02
1.491256106281849441e+02
1.484670130433840143e+02
1.486557412726431266e+02
1.485714194473957548e+02
1.493933970311850601e+02
1.502215330741684909e+02
1.484700829957145629e+02
1.513850105373448116e+02
1.486757463308594538e+02
1.530831024925015811e+02
1.497538164872729283e+02
1.500591318754598262e+02
1.523314795623550140e+02
1.517606794270048454e+02
1.507115965806258373e+02
1.483844273355728092e+02
1.504041794396909495e+02
1.491361705146420036e+02
1.504152730591489160e+02
1.504849668971156404e+02
