1.624304797630278472e+02
1.636884900956538615e+02
1.636890768812152999e+02
1.649749574744482459e+02
1.663203905898493531e+02
1.679309902919880528e+02
1.699177771981946137e+02
1.747474529675290853e+02
1.755250556039811158e+02
1.764388026862455945e+02
1.751720447403253331e+02
1.778082993886008865e+02
1.794527028491360738e+02
1.803642965921822281e+02
1.812676902693692398e+02
1.801452117388228089e+02
1.791190828201948193e+02
1.792315510258686686e+02
1.829343428640131606e+02
1.802532988203845719e+02
1.863910308697432754e+02
1.845288217393475065e+02
1.826001201733495805e+02
1.834615546628954803e+02
1.784811181723970037e+02
1.828221055338118504e+02
1.852099374778078698e+02
1.888929064290592805e+02
1.865459581554544286e+02
1.848186272997000970e+02
1.860343707577099508e+02
1.871520965263785854e+02
1.897847094007705664e+02
1.848199463816511923e+02
1.859090130050168455e+02
1.897559562002166444e+02
1.869218588568109567e+02
1.905885955426441001e+02
1.917910236600147869e+02
1.908795798436704274e+02
1.920754524147079962e+02
1.916598982989351327e+02
1.903626327157498963e+02
1.937346948462106013e+02
1.942968736709111397e+02
1.947096358885911513e+02
1.961863054202554792e+02
1.928902700090636984e+02
1.954256759155359191e+02
1.976802495222631819e+02
1.942937566834467589e+02
1.985778170191346987e+02
1.967307786610568598e+02
2.031019717916284435e+02
1.990258701473526060e+02
2.013001231835581279e+02
1.988850269230491392e+02
2.038029404306419963e+02
2.011632032695675889e+02
2.028240786273143499e+02
2.058206329334632301e+02
2.060849866616348152e+02
2.036692892042107417e+02
2.070306055417836433e+02
2.124051481008375220e+02
2.049386465326402060e+02
2.061473680013028513e+02
2.073229337238246330e+02
2.113812343190660101e+02
2.089131762661811820e+02
1.978268044869594178e+02
1.976801378725058100e+02
2.004699671810579105e+02
1.963291620825708321e+02
1.985385897770302392e+02
1.959038215655917554e+02
2.015837416403701923e+02
1.974970374821530186e+02
1.980526879080215110e+02
1.987089390031455025e+02
2.042421134253528123e+02
2.018993064830480080e+02
2.063723415870142333e+02
2.015203956804861889e+02
