5.898690603005557165e+01
6.244657571032504251e+01
6.328525895978004456e+01
6.807883127316158323e+01
6.965312622384293206e+01
7.271076062682568875e+01
7.515847800237943943e+01
7.757994456913786507e+01
7.760777310496411019e+01
7.804160432617675269e+01
7.789921470255579550e+01
7.812367287563890272e+01
7.850815306464446053e+01
7.829652987809427600e+01
7.820107083347842547e+01
7.808013291302962955e+01
7.806197369487257731e+01
7.828516806985221876e+01
7.834418405084510084e+01
7.851668517428626615e+01
7.865382681277802135e+01
7.860540721480570880e+01
7.829703255349399171e+01
7.852367832642966050e+01
7.860882416338374412e+01
7.832170918988306596e+01
7.862380922975988540e+01
7.901469973517339440e+01
7.870868098008695313e+01
7.871881087660752030e+01
7.873282598143077848e+01
7.894321088385504481e+01
7.898496563335341136e+01
7.874750998950113967e+01
7.891441030675167667e+01
7.901776233628537227e+01
7.886795437791042218e+01
7.927554744995806857e+01
7.885430040928659423e+01
7.925399673065471973e+01
7.892961725848627452e+01
7.904010379816550369e+01
7.941521262042959961e+01
7.963053902326751654e+01
7.953183368351216131e+01
7.926073171468455314e+01
7.907790384072455936e+01
7.957796249685776502e+01
7.946222078233675745e+01
7.952619310231020222e+01
7.955016422046506364e+01
7.963540524116871211e+01
7.981188561811636362e+01
7.965188228074795518e+01
7.952398270677444714e+01
8.003840585711245126e+01
7.988858643251872138e+01
8.005201847527590076e+01
8.018621329193165082e+01
8.018833099686392529e+01
8.033874310977330424e+01
8.002593781089872493e+01
8.049707959766882936e+01
8.028300748459176361e+01
8.042596101528607733e+01
8.064197687080761057e+01
8.091507061629377517e+01
8.029245994187211011e+01
8.062883943094712436e+01
8.056953529909640110e+01
8.107098802380095037e+01
8.083724338558130285e+01
8.103860065784562039e+01
8.080371484775139379e+01
8.072432547697229666e+01
8.066039467877111235e+01
8.103870106859491784e+01
8.103658456455917758e+01
8.088171505199667877e+01
8.127330834563392159e+01
8.131637150173627049e+01
8.122836454112920990e+01
8.104078164683137686e+01
8.126415274644341480e+01
