5.815096948094075202e+01
6.588189144004013542e+01
6.765160024393827598e+01
7.714200737251884732e+01
8.138992988448572419e+01
8.778878427723891775e+01
9.382851069809683509e+01
9.999999999351420854e+01
9.999999999997739053e+01
9.999999999931470995e+01
9.999999878606612924e+01
9.999999999973609022e+01
9.999999999999934630e+01
9.999999999999636202e+01
9.999999999998571809e+01
9.999999999889425339e+01
9.999999999990035349e+01
9.999999999999488409e+01
9.999999999999346301e+01
9.999999999810680151e+01
9.999999999994021493e+01
9.999999999999998579e+01
9.999999999987579713e+01
9.999999999999891998e+01
9.999999999812690987e+01
9.999999999953396923e+01
9.999999999989687183e+01
9.999999999999994316e+01
9.999999999999940314e+01
9.999999999999991473e+01
9.999999999999998579e+01
9.999999999999994316e+01
9.999999999995408473e+01
9.999999999976472509e+01
9.999999999447626919e+01
9.999999999999995737e+01
9.999999999999963052e+01
9.999999999999198508e+01
9.999999999999998579e+01
9.999999999999977263e+01
9.999999999999990052e+01
9.999999999900144587e+01
9.999999999998094324e+01
9.999999999869631040e+01
9.999999999999876366e+01
9.999999999983297982e+01
9.999999999505574522e+01
9.999999999999988631e+01
9.999999999999451461e+01
9.999999999981962162e+01
9.999999999999997158e+01
9.999999999999988631e+01
9.999999999997994848e+01
9.999999999999990052e+01
9.999999999999998579e+01
9.999999999999998579e+01
9.999999999936252948e+01
9.999999999999985789e+01
9.999999999999904787e+01
9.999999999999978684e+01
9.999999999999940314e+01
9.999999999999774047e+01
9.999999999999987210e+01
9.999999999999882050e+01
9.999999999999998579e+01
9.999999999660782635e+01
9.999999999999845102e+01
9.999999999999947420e+01
9.999999999999636202e+01
9.999999999999485567e+01
9.999999999999941735e+01
9.999999999999494094e+01
9.999999999954866325e+01
9.999999999999934630e+01
9.999999999999997158e+01
9.999999999999992895e+01
9.999999999999967315e+01
9.999999999973447018e+01
9.999999999972231990e+01
9.999999999998621547e+01
9.999999999999833733e+01
9.999999999999113243e+01
9.999999999999913314e+01
9.999999999999128875e+01
