5.424858814809940668e+02
5.448010900764591042e+02
5.457379423474312716e+02
5.482444002514135946e+02
5.494424772632002032e+02
5.512765129700981106e+02
5.528702017389454113e+02
5.543822967480568877e+02
5.546606753043618028e+02
5.548690866610739931e+02
5.551111579540167895e+02
5.552790495756424889e+02
5.555555805435435559e+02
5.556440466968399505e+02
5.556808321993548816e+02
5.559388626559713202e+02
5.560228526797761788e+02
5.563517946212782590e+02
5.563457109714034914e+02
5.565567487948666212e+02
5.564713076157344176e+02
5.565427524845846392e+02
5.568252221744552344e+02
5.569681317469558053e+02
5.573497633834496128e+02
5.570571437783140709e+02
5.570988277340364903e+02
5.573046067108565467e+02
5.572398954605694144e+02
5.576798709806992065e+02
5.577160652235452289e+02
5.577490259646955337e+02
5.577737366640046730e+02
5.580890185240249366e+02
5.581597558297498836e+02
5.581334876231434237e+02
5.583463791057705521e+02
5.585651367498212494e+02
5.582806544762003114e+02
5.585380874723649640e+02
5.585497776274206672e+02
5.586132102513433892e+02
5.590326392000692977e+02
5.588007703261139341e+02
5.589819016054240137e+02
5.588789875133375062e+02
5.588020873497947605e+02
5.592643209361906429e+02
5.592716372881351390e+02
5.592598560418309717e+02
5.594804516476883691e+02
5.593190061314031709e+02
5.596327429680943624e+02
5.594211052272734150e+02
5.597704955167836260e+02
5.598876552502327968e+02
5.599016809094207474e+02
5.599010618955392147e+02
5.602132677289603180e+02
5.602348434549484182e+02
5.601330393616958645e+02
5.602496430961496117e+02
5.605274816363648824e+02
5.602884040722653936e+02
5.603350669013360630e+02
5.608088505464817217e+02
5.608807329667791919e+02
5.607283133231445618e+02
5.607709132638992742e+02
5.607084001059382672e+02
5.610881643544754525e+02
5.608285993827133780e+02
5.608591544155241309e+02
5.609253595148135219e+02
5.608838633579218822e+02
5.612711383228596560e+02
5.611304416574027982e+02
5.613072579968483069e+02
5.613113916697737977e+02
5.613689102072751211e+02
5.612581718868390226e+02
5.613444369456693721e+02
5.613355758309621706e+02
5.614302916426272532e+02
