4.367184652371530973e+01
4.469266847917768359e+01
4.451111425787004094e+01
4.548290315841394005e+01
4.607828731969689073e+01
4.669162807329747267e+01
4.731805131809900899e+01
4.746286413770138779e+01
4.799282379595116765e+01
4.905630629334627457e+01
4.695795186275339717e+01
4.735011867870432667e+01
4.778130648400763647e+01
4.878602131250517004e+01
4.915306681059473703e+01
4.966074720660710540e+01
4.870872165819983479e+01
4.925628873046102285e+01
5.048021907388520901e+01
4.954781634239827071e+01
5.107923755250141795e+01
4.927543677651619447e+01
4.995228514291967059e+01
5.056571103866817651e+01
5.019699554904401850e+01
5.008338393261249166e+01
5.050959223396947095e+01
5.077923505699143192e+01
4.955451198677545221e+01
5.025065897091284484e+01
5.131133159205295158e+01
5.081935894034941725e+01
5.251003099631672910e+01
5.099863021832786814e+01
5.167001911408394932e+01
5.230354614971512461e+01
5.052122769934398860e+01
5.243671035445242268e+01
5.261159646826605041e+01
5.283662810318815417e+01
5.210480160235586311e+01
5.018866075575078867e+01
5.287608776730530025e+01
5.211835118486697382e+01
5.300964188659136767e+01
5.082816770262802208e+01
5.270925364444814676e+01
5.275908861097853020e+01
5.225765953307367795e+01
5.331848965166120280e+01
5.263228813413956431e+01
5.308593139386924520e+01
5.218829337536322299e+01
5.376359477926688157e+01
5.391853200889661935e+01
5.429727976938759326e+01
5.302217537735513275e+01
5.503817804719518847e+01
5.363046881325484350e+01
5.419303866254573165e+01
5.494004332223564546e+01
5.461109209840907397e+01
5.366657634896198203e+01
5.363646807550049544e+01
5.441642366603711878e+01
5.363265978245947707e+01
5.500820507721998354e+01
5.549463605158339874e+01
5.529655879013451880e+01
5.422834737791604454e+01
5.175569488650296535e+01
5.164137292207065855e+01
5.241098013504593922e+01
5.079806446162570666e+01
5.169362493334066500e+01
5.239183957588834772e+01
5.361379590935963080e+01
5.050884678355375002e+01
5.166907644674436995e+01
5.116221054942062096e+01
5.082086137862840047e+01
5.115567089913085397e+01
5.240175685643905723e+01
5.014484888046641942e+01
