1.439003306401547775e+02
1.427690790803960965e+02
1.424116615280966016e+02
1.426493542904292440e+02
1.417833231658871398e+02
1.424045829357673369e+02
1.423923242032850851e+02
1.429355557473686531e+02
1.433647666626674493e+02
1.433178430413953777e+02
1.444003323957438454e+02
1.447063152085522404e+02
1.444685860809350118e+02
1.444229180128599808e+02
1.444209280494193024e+02
1.440280895053674897e+02
1.442306176160726352e+02
1.441636411376298383e+02
1.444785811794940855e+02
1.446073114632222882e+02
1.444666160365983671e+02
1.453180985395802622e+02
1.439717580704727595e+02
1.443191580520223170e+02
1.448083448565248545e+02
1.447721876382862263e+02
1.454972232195765400e+02
1.459794143948484475e+02
1.455162519283025233e+02
1.455512654802129759e+02
1.457124702573802892e+02
1.457429340887510421e+02
1.454004751189824276e+02
1.455112950900387148e+02
1.461391223497581677e+02
1.461246400011307571e+02
1.464931255870567099e+02
1.469449144483228906e+02
1.458667096879394194e+02
1.462229365813653601e+02
1.472190336552800716e+02
1.478953231709330964e+02
1.475702813698682405e+02
1.478270865702835692e+02
1.480362049852601842e+02
1.486537777367621800e+02
1.483984517207601357e+02
1.480870506866926064e+02
1.490831040569022150e+02
1.486619826665014443e+02
1.493331547114807165e+02
1.496047031654015029e+02
1.498880059817262236e+02
1.495028892163724379e+02
1.487977720539255131e+02
1.506206020304962578e+02
1.509411150488701878e+02
1.510326705308906980e+02
1.513320031868113915e+02
1.517859589918655843e+02
1.523503136280536694e+02
1.522978108714083305e+02
1.520408707968750548e+02
1.529240178418372125e+02
1.536329113042925201e+02
1.539877568290698093e+02
1.539638673543688583e+02
1.530952344629396862e+02
1.540542034139188843e+02
1.547201820550454556e+02
1.530975788756796305e+02
1.520153877653069685e+02
1.530057587427758676e+02
1.532653332252061489e+02
1.530653270458418831e+02
1.507588774772102624e+02
1.530256260878951764e+02
1.540671776611235657e+02
1.539263754166016440e+02
1.537636486103386062e+02
1.548103903814848650e+02
1.541038501153062725e+02
1.533552183424045268e+02
1.538270569107300787e+02
