5.043765952880329451e+02
5.050287260705759422e+02
5.053189486010850828e+02
5.057227394311923376e+02
5.061063360229711634e+02
5.064041058009193534e+02
5.067322911117859690e+02
5.069539967018665720e+02
5.071918319374585735e+02
5.075162368590376900e+02
5.073037153024400823e+02
5.075121420588554315e+02
5.076980914343886866e+02
5.079115519858636389e+02
5.080820219630247152e+02
5.083127273283987506e+02
5.082540638140753231e+02
5.084108649782392035e+02
5.086741401467871242e+02
5.086542253316561073e+02
5.089418737665376966e+02
5.088047006164466666e+02
5.089500656474072002e+02
5.090484315294655744e+02
5.090984465724621941e+02
5.091480893681204520e+02
5.092648996861047408e+02
5.093724422949533732e+02
5.092453143859921170e+02
5.093927022491859020e+02
5.096237640202311923e+02
5.096397398560819170e+02
5.099569608759616699e+02
5.097987170280662212e+02
5.098797952457550764e+02
5.100848947048281161e+02
5.098751571878791538e+02
5.102208634001203791e+02
5.103292315502199585e+02
5.103712573286840666e+02
5.103462689999762461e+02
5.099971914501193169e+02
5.105338803949746875e+02
5.104411651559419738e+02
5.105763471450160296e+02
5.103013329097429391e+02
5.105712914582526878e+02
5.106478986732937528e+02
5.106422962929929099e+02
5.108207268325679138e+02
5.107445643932700818e+02
5.107663866350910098e+02
5.107358141068292525e+02
5.110066125318373906e+02
5.110719465373240382e+02
5.111104738024882863e+02
5.109235841376161602e+02
5.112919708305283848e+02
5.111224051502131260e+02
5.112485999613820695e+02
5.114068945550372973e+02
5.113695361775866672e+02
5.113104577516710378e+02
5.113277957783638499e+02
5.113955656163538492e+02
5.112872223307734316e+02
5.115315439661732739e+02
5.117009093931623624e+02
5.116883596570339705e+02
5.114441746021889799e+02
5.114744130593700220e+02
5.114825721485985355e+02
5.114356002271509283e+02
5.112404355852546018e+02
5.114718665318373496e+02
5.116917877866903268e+02
5.118302585105956268e+02
5.113800679941912222e+02
5.115274480836029056e+02
5.114615036910149684e+02
5.114977073478977445e+02
5.115480615875898707e+02
5.118294627834543462e+02
5.115045731648631318e+02
