5.369633417076937576e+02
5.377545402793795120e+02
5.381109175460850338e+02
5.386376639790403260e+02
5.390866674906751541e+02
5.394951874731764292e+02
5.398893126719146949e+02
5.401592218511688088e+02
5.404755813726911811e+02
5.408379581498289781e+02
5.405915219696080385e+02
5.408126134894928327e+02
5.410319992755055409e+02
5.413971997867743084e+02
5.415939753233734564e+02
5.418298582084838699e+02
5.416878810627199528e+02
5.419574631441370229e+02
5.423126053589924140e+02
5.421758252700022922e+02
5.425682425874952060e+02
5.422383580740545312e+02
5.425676588477856512e+02
5.427356051954286613e+02
5.427274317850346961e+02
5.428095466621807645e+02
5.429248596368066728e+02
5.430597163973874331e+02
5.428607148958251400e+02
5.432039543085126070e+02
5.434612580515713489e+02
5.433999523295923382e+02
5.438646277818576209e+02
5.436446783493377097e+02
5.438662597786055812e+02
5.440471350524461513e+02
5.437938662612883718e+02
5.443114919835367118e+02
5.443416081934670956e+02
5.444500797708525397e+02
5.443919140391558358e+02
5.440699142888022379e+02
5.447154155246308846e+02
5.445401206385529349e+02
5.448028283650584171e+02
5.444465990848642605e+02
5.448672651682306878e+02
5.449576239251838388e+02
5.449050015031903058e+02
5.451958865020587837e+02
5.451347395004708005e+02
5.452552126478841501e+02
5.451569259962245724e+02
5.455490238161067964e+02
5.456909629264957857e+02
5.458201033199724179e+02
5.456111949119422206e+02
5.460914223213147807e+02
5.459141085842438770e+02
5.460904131212264474e+02
5.462744410117170446e+02
5.462943598594837340e+02
5.461413750216490826e+02
5.461462485248380290e+02
5.464201234886344309e+02
5.463318366689255754e+02
5.466551958465646521e+02
5.468231999797106937e+02
5.468431961466081930e+02
5.466099355201657772e+02
5.460961912826785465e+02
5.459055928197748244e+02
5.461273935931607184e+02
5.458744824633389499e+02
5.460773323673269033e+02
5.463333574857082340e+02
5.465220833978307837e+02
5.460008893882086340e+02
5.462523519890972921e+02
5.461226686220635429e+02
5.460988617652302537e+02
5.462203667645790119e+02
5.465472097127881170e+02
5.460586716836751293e+02
