1.060861122617273509e+02
1.072327818644835133e+02
1.074566273619336272e+02
1.083742339147709828e+02
1.085708993898257972e+02
1.093979525761316296e+02
1.098502771085891396e+02
1.103116023318636678e+02
1.108701098180799107e+02
1.115559662993810406e+02
1.108382917838324033e+02
1.112916191952377574e+02
1.115850209332199086e+02
1.121694534016096725e+02
1.124059754238789424e+02
1.127687184136668890e+02
1.123585094487758766e+02
1.126832520860125442e+02
1.136050194474764936e+02
1.131780981848184950e+02
1.140421514024054375e+02
1.134152130029094678e+02
1.133254795462186877e+02
1.138830080647415599e+02
1.140740788212036563e+02
1.137321058135860739e+02
1.143706083411551475e+02
1.148527467507884978e+02
1.137464687417657103e+02
1.143041887165315842e+02
1.151072438779485481e+02
1.147744872261873894e+02
1.156895403976504184e+02
1.149366000415087115e+02
1.154507244230411231e+02
1.160172860563441048e+02
1.151050448942891791e+02
1.165219367669023711e+02
1.161812921160388612e+02
1.164109196769674668e+02
1.166020347698606230e+02
1.154402161884841718e+02
1.170682184432433388e+02
1.165688707584971695e+02
1.173906710737702070e+02
1.161448463331316248e+02
1.173094129663130900e+02
1.171478781997167857e+02
1.174705204376819836e+02
1.178173327330417948e+02
1.176803818573959433e+02
1.179186583200729217e+02
1.176839835461106105e+02
1.184757438218770602e+02
1.184150214611256757e+02
1.192643192663222464e+02
1.185096200864087592e+02
1.197617791950079038e+02
1.191464979854414423e+02
1.195646447331583744e+02
1.201528056372882673e+02
1.201835927255155951e+02
1.194877490473508317e+02
1.198436736779076881e+02
1.204262376757024242e+02
1.201799078698780647e+02
1.208377866243629768e+02
1.209153990741146316e+02
1.211922293228878118e+02
1.205949330674318105e+02
1.190459900647577882e+02
1.186366855926009549e+02
1.193768146657301088e+02
1.183565692928448527e+02
1.190511810179365568e+02
1.187767022034581856e+02
1.204584786282411812e+02
1.188779433329267619e+02
1.195792498813534905e+02
1.191934712736714772e+02
1.195737087612947391e+02
1.194552600303045011e+02
1.200461062719202232e+02
1.187540917602802892e+02
