5.224328505387369148e+01
5.294885861912585767e+01
5.284350213938478902e+01
5.362584841978282668e+01
5.402698294618272001e+01
5.452166777004264020e+01
5.496668579820365608e+01
5.522165634368982268e+01
5.551984467837801418e+01
5.640543922592073045e+01
5.526178177976923678e+01
5.556151265956309260e+01
5.592872612943913424e+01
5.649732214471958969e+01
5.678677529395903889e+01
5.702033159366444437e+01
5.659747636464892651e+01
5.678917142082636360e+01
5.763278129902548841e+01
5.727079932978381294e+01
5.815274735299448139e+01
5.730967979974779070e+01
5.746389190443817085e+01
5.786177265059274077e+01
5.773890151551036354e+01
5.767706563730360614e+01
5.809249495250504225e+01
5.820073612383883699e+01
5.749829847019828577e+01
5.778841518875903915e+01
5.844633471556644366e+01
5.828183072173232659e+01
5.935789040512717918e+01
5.836204934802021427e+01
5.878722547373507012e+01
5.928834312998611011e+01
5.824897378648067559e+01
5.945479528218967147e+01
5.956778526325026490e+01
5.974353802589276086e+01
5.935907778200689222e+01
5.823559647540746909e+01
5.977052427333445905e+01
5.956345206568683182e+01
5.998360885117581631e+01
5.874269580891640175e+01
5.992190680720396045e+01
5.987479125772133415e+01
5.963207100677679762e+01
6.025333313500400578e+01
5.993042612190012619e+01
6.025317762614866268e+01
5.981895764655156000e+01
6.072281058086647221e+01
6.063393097151114119e+01
6.106422769836510156e+01
6.035360985297739234e+01
6.157228735521163543e+01
6.079264597630829314e+01
6.106378039898726229e+01
6.165535038782700639e+01
6.138451111920027614e+01
6.099801034703466485e+01
6.109263318175721480e+01
6.145106603344650154e+01
6.097401559021085404e+01
6.179498082665905656e+01
6.194485391489101289e+01
6.207238183474510862e+01
6.145758560919180979e+01
6.111708806694241503e+01
6.099167765795126428e+01
6.146420721576608770e+01
6.051032526554772062e+01
6.124202809074346732e+01
6.144215420207971334e+01
6.235206399135476119e+01
6.054456804927168889e+01
6.123144900026160542e+01
6.104644545731525085e+01
6.104422927925294573e+01
6.120429388460052422e+01
6.187140073590799716e+01
6.063018956599109544e+01
