-1.973757454544481371e-01
-1.914137861334662682e-01
-1.869130821078461013e-01
-1.876358285439010398e-01
-1.853684928718072333e-01
-1.867127671258823896e-01
-1.874487014364000503e-01
-1.872739673528865390e-01
-1.896678158736131437e-01
-1.906424788927496561e-01
-1.856300803733562932e-01
-1.869915522459353607e-01
-1.861152336373029514e-01
-1.883538194247339759e-01
-1.887598815899465265e-01
-1.889315457399833864e-01
-1.855945145960678222e-01
-1.872230252616816082e-01
-1.903901593924282598e-01
-1.868658278305294351e-01
-1.908419127965841067e-01
-1.869155244582239583e-01
-1.851657614277583408e-01
-1.872350510673185253e-01
-1.864404864618437185e-01
-1.866140007526644606e-01
-1.886740326066350393e-01
-1.907134699264666222e-01
-1.863419948745387855e-01
-1.875379980617720710e-01
-1.907186650818585294e-01
-1.890675476759420826e-01
-1.915025730138798510e-01
-1.878356336052566800e-01
-1.910524061715907218e-01
-1.915569726542919460e-01
-1.870617308653129696e-01
-1.923196064651356008e-01
-1.902626189523300426e-01
-1.913397996037976279e-01
-1.910574005229900840e-01
-1.875424166319501207e-01
-1.942720139430189619e-01
-1.920532181403835081e-01
-1.944681828615970887e-01
-1.902935478332068719e-01
-1.932972407706205487e-01
-1.932389068203915206e-01
-1.937677172898366884e-01
-1.954108615803603344e-01
-1.944677510810219889e-01
-1.959920512033741791e-01
-1.931146438664153309e-01
-1.960957344079842790e-01
-1.947364834191983862e-01
-1.993667178895010827e-01
-1.966608133746461096e-01
-2.019418173060872068e-01
-1.978014076042810820e-01
-2.012848468791594292e-01
-2.041655078556282865e-01
-2.021996110709947114e-01
-1.981440029031573957e-01
-1.998255498532576502e-01
-2.039457819035091213e-01
-2.022037644095173448e-01
-2.061823839666099001e-01
-2.056663045151517211e-01
-2.056995253986615979e-01
-2.050345372754668882e-01
-1.869029242735068819e-01
-1.850978946737016351e-01
-1.884910182106498688e-01
-1.852014260477537755e-01
-1.854062686765575729e-01
-1.811307375141394116e-01
-1.896451845599825548e-01
-1.838147442959946753e-01
-1.860196249866080953e-01
-1.837318806726997711e-01
-1.841530183499629769e-01
-1.829789320393244989e-01
-1.843027148492283329e-01
-1.796736071278951241e-01
