5.043764552445980485e+02
5.047875062564830841e+02
5.052852801235096649e+02
5.054318514324387479e+02
5.057541361419322357e+02
5.061773256348740233e+02
5.062713875161928172e+02
5.063643198112323489e+02
5.068909188627575304e+02
5.070095028825180634e+02
5.069663825750861861e+02
5.072362737920084328e+02
5.071196407374783348e+02
5.073417604815064692e+02
5.077016569995637951e+02
5.077435334003958474e+02
5.076205135296895037e+02
5.077462998378587713e+02
5.080423679436340763e+02
5.079655830502352387e+02
5.080885871869593302e+02
5.081356319713559060e+02
5.083395755001939733e+02
5.082429071203479793e+02
5.081703205807865515e+02
5.083953809895316454e+02
5.086073430706550198e+02
5.083534284720828964e+02
5.085993811932606832e+02
5.087484500254617501e+02
5.087913177620961278e+02
5.088487948337736384e+02
5.088252159232301892e+02
5.087918270913881997e+02
5.087002893297071751e+02
5.090759846273502376e+02
5.089166574030355150e+02
5.090566444268955024e+02
5.093342376788957040e+02
5.089952904805141429e+02
5.092976103966159371e+02
5.093037639557441025e+02
5.094844913059785085e+02
5.092585790104756711e+02
5.093852152147109109e+02
5.097632375241694263e+02
5.094701587950760313e+02
5.095492855903580107e+02
5.093841844841390980e+02
5.096683164499791019e+02
5.098021631032921732e+02
5.095924303373804491e+02
5.096259792226058494e+02
5.098717947900655076e+02
5.098662163072265230e+02
5.096740160284823560e+02
5.096860324651758560e+02
5.098064111229361970e+02
5.098315365710413971e+02
5.099792425119038057e+02
5.098109359816870096e+02
5.097867407185150910e+02
5.097466806909326351e+02
5.096456789687678679e+02
5.095763019336958450e+02
5.098881545417037842e+02
5.096510929358686894e+02
5.099852592891445511e+02
5.100005398773216143e+02
5.095733284407357928e+02
5.116045170185104780e+02
5.106639188804720106e+02
5.108471109030778621e+02
5.104248481460958828e+02
5.109585094417451501e+02
5.112855934542893692e+02
5.109228171777341458e+02
5.110412249694451816e+02
5.107407299205588629e+02
5.115576911628183439e+02
5.115474804943785330e+02
5.115834839130432101e+02
5.111325837340319822e+02
5.114528686713421735e+02
