5.369631185788696257e+02
5.373280321086032245e+02
5.377572926542344476e+02
5.378284067696101829e+02
5.380682111897282311e+02
5.384535731924466972e+02
5.385503245583379339e+02
5.385642948804988919e+02
5.390901813073700168e+02
5.392841121514887845e+02
5.391054319590657542e+02
5.394289915062588534e+02
5.392847944369368633e+02
5.393990164069803086e+02
5.397123862792651607e+02
5.397708047692959781e+02
5.395107355838047170e+02
5.397303739302824397e+02
5.400970922571907522e+02
5.398949285360677095e+02
5.399127600640820219e+02
5.398704390530316459e+02
5.402375224950258144e+02
5.399203786845249624e+02
5.398079987979980388e+02
5.401007235387650098e+02
5.402516702710413483e+02
5.399370176668785462e+02
5.402020747504047904e+02
5.403307520902260421e+02
5.405346675046691871e+02
5.406143489642773829e+02
5.404642035321378444e+02
5.402888607432655590e+02
5.402901826436929014e+02
5.405972965281264351e+02
5.403364287432176525e+02
5.405846598738055491e+02
5.410648161043407072e+02
5.403921635893158282e+02
5.407535577937380822e+02
5.410508385175231751e+02
5.409871386140755476e+02
5.407462409459816399e+02
5.409297387468544684e+02
5.413288244899861184e+02
5.411708519990522746e+02
5.411927869877897592e+02
5.409994421876111801e+02
5.413479338672502763e+02
5.415597490498587376e+02
5.413234081748943254e+02
5.413292016048435471e+02
5.414285930597446850e+02
5.415566001480763134e+02
5.414803491828427013e+02
5.414098413176087661e+02
5.415890259717219806e+02
5.415394204710582926e+02
5.416544975607746437e+02
5.415621642160482452e+02
5.415852927688805494e+02
5.415514022992578020e+02
5.413977455774995633e+02
5.413799311298681687e+02
5.418443696724286838e+02
5.414866843235587339e+02
5.417001139028699299e+02
5.420750642221521503e+02
5.414403033857072387e+02
5.440715880716193169e+02
5.429296417879425007e+02
5.431064734331793034e+02
5.425303595446625877e+02
5.434022022541784054e+02
5.435370999735649775e+02
5.430226960395636979e+02
5.431192222597352384e+02
5.428994867426406472e+02
5.439972369977580229e+02
5.440335006527659516e+02
5.438675779162779236e+02
5.436717141284493664e+02
5.437652745561886150e+02
