1.551220831495741663e+02
1.509475545289609784e+02
1.476333154159724756e+02
1.460402465055708490e+02
1.446118749634784137e+02
1.449534019778324705e+02
1.430413985233256540e+02
1.440642490033181673e+02
1.432594116999228504e+02
1.426468070916716897e+02
1.427065701034965741e+02
1.412102675718699629e+02
1.438205245995499695e+02
1.408958024531451372e+02
1.416404243666034120e+02
1.415054161729441375e+02
1.408330384361018446e+02
1.407024265120120106e+02
1.411746139725798628e+02
1.420871784116819185e+02
1.420916350993343542e+02
1.405018189520422425e+02
1.398830708130834637e+02
1.399535791717631241e+02
1.406177030909557004e+02
1.400787259331472399e+02
1.390966814514817145e+02
1.368170588651152286e+02
1.409054569974406377e+02
1.397967256484000984e+02
1.378430294159399523e+02
1.366713547167040872e+02
1.352487483259597241e+02
1.379098968626419150e+02
1.384532480332931073e+02
1.382108118745965442e+02
1.389654089981636673e+02
1.381139876108959470e+02
1.338190537224762693e+02
1.374744249602110528e+02
1.370304953615806483e+02
1.348422504070696846e+02
1.369846374542375713e+02
1.340512809312768070e+02
1.346886552084219204e+02
1.347698598790646827e+02
1.344780506215768412e+02
1.353650378682294786e+02
1.342907309288333124e+02
1.344926829187883754e+02
1.329700605854654611e+02
1.340986600826927884e+02
1.329758869152203715e+02
1.338515373376529567e+02
1.341336040380816996e+02
1.344239808442720232e+02
1.351846134738823366e+02
1.337038661977758522e+02
1.352402280944279198e+02
1.331902910023613344e+02
1.363710885793281591e+02
1.355230037624701538e+02
1.361855672984146111e+02
1.364806905524212084e+02
1.373144672341314845e+02
1.349511562695186058e+02
1.353165431168351915e+02
1.353260777952035880e+02
1.357912355966521432e+02
1.368367078808513781e+02
1.328208574868462506e+02
1.341885221176796392e+02
1.332812705576709504e+02
1.367209799204022431e+02
1.351521632036879339e+02
1.329456948565184007e+02
1.349058815126940374e+02
1.360153296067976214e+02
1.346528600784477021e+02
1.336815114577312329e+02
1.362877387035042034e+02
1.327443958060701448e+02
1.342948138072234201e+02
1.332498953184520758e+02
