4.707686030657575316e+01
4.665636187168688309e+01
4.701735984688895797e+01
4.632620525679285350e+01
4.620095511853693893e+01
4.748236826525452869e+01
4.604559162100694181e+01
4.553276237105625057e+01
4.765209758990763333e+01
4.741286073585473559e+01
4.561565941975847238e+01
4.651955248085400285e+01
4.623384039191110872e+01
4.548776574541106044e+01
4.739137815971515977e+01
4.667450011398543808e+01
4.492199152117471073e+01
4.535734126605799332e+01
4.672625834480878382e+01
4.597775800991450978e+01
4.619774518983840039e+01
4.530345099454901714e+01
4.648043724235248675e+01
4.472806357723516868e+01
4.438594188294895559e+01
4.542857914622117477e+01
4.570299894633953386e+01
4.339352387451971538e+01
4.515579651075353240e+01
4.547041157440982317e+01
4.520807053180798363e+01
4.485314359929341066e+01
4.346757604862996516e+01
4.340102384432316995e+01
4.314168481346354866e+01
4.483319457157909937e+01
4.325919180378652840e+01
4.362019726726699531e+01
4.496630597873504342e+01
4.172405336076737115e+01
4.394633650940865977e+01
4.347474406651566170e+01
4.423080068302016343e+01
4.189888518813716445e+01
4.307479923999071758e+01
4.472708298886575307e+01
4.287758027138555406e+01
4.312052535198054670e+01
4.169159913241069404e+01
4.309409728312669330e+01
4.382395918868179763e+01
4.267438907601014364e+01
4.183904412766575120e+01
4.249538272042780562e+01
4.360954182770449705e+01
4.211116325118518233e+01
4.215089781932433510e+01
4.226933665894670611e+01
4.199814326803289077e+01
4.222540260514626453e+01
4.189614902696455800e+01
4.171670549190456967e+01
4.100949304682792018e+01
4.015719367653203875e+01
4.092518026922000018e+01
4.159581836243395969e+01
4.011260171105067940e+01
4.109537980530415524e+01
4.203957473952446122e+01
3.996879031164925067e+01
4.448744578108739489e+01
4.003454897560875736e+01
4.123019598969171540e+01
3.885436114279326603e+01
4.196660361142009776e+01
4.236655902218002723e+01
4.031862783748569967e+01
4.064030109908565436e+01
3.982401621419014504e+01
4.425956115835415261e+01
4.410881794354681062e+01
4.323883094222854595e+01
4.203893386105390562e+01
4.250155310005850140e+01
