1.181995193626040930e+02
1.236952924754475731e+02
1.255998818025847470e+02
1.333655776178993619e+02
1.361243166108085632e+02
1.419348125590279324e+02
1.467000860880323216e+02
1.524721256166707803e+02
1.528231562302130726e+02
1.540742677578587347e+02
1.527304564655920842e+02
1.544779108473597944e+02
1.565799646449797251e+02
1.559661885812423066e+02
1.557757127398006958e+02
1.554635150053061068e+02
1.549047565170475025e+02
1.558430822927579413e+02
1.571171197129086750e+02
1.565857039881616970e+02
1.594521288105394490e+02
1.582944114295980285e+02
1.571007022188302074e+02
1.580804319296802305e+02
1.563918443162231426e+02
1.566385667347608432e+02
1.581851671635428431e+02
1.612955922927957886e+02
1.592095727742922975e+02
1.586692152723727531e+02
1.591874728211088268e+02
1.602747234136114400e+02
1.609779721302407438e+02
1.587799656031531299e+02
1.590476867509719057e+02
1.609049160297687138e+02
1.592851716037694700e+02
1.617588853208047794e+02
1.610244900762380382e+02
1.617347698841663544e+02
1.609170713753176756e+02
1.605609979664350249e+02
1.618263653716868475e+02
1.630737103635090932e+02
1.632077274458172553e+02
1.620545830251085420e+02
1.614864061060503957e+02
1.624543975521230550e+02
1.630248759865510237e+02
1.638643559575113215e+02
1.622022525675628515e+02
1.635049294747875877e+02
1.636254244640232400e+02
1.653372710216848702e+02
1.640747689523614099e+02
1.654529453091589062e+02
1.635502154981354010e+02
1.658694741313937016e+02
1.652170221765177587e+02
1.657904263914615797e+02
1.666406135174473206e+02
1.661081241982365952e+02
1.668106465766284998e+02
1.666623812515250052e+02
1.688116769743834595e+02
1.667750922563907636e+02
1.679147447858327098e+02
1.667711682023949606e+02
1.686497102270373034e+02
1.668640197928974942e+02
1.637572466195562981e+02
1.639706193112759536e+02
1.645598578408549599e+02
1.619422903514029599e+02
1.624337987142203588e+02
1.627102690637006788e+02
1.650749936647281118e+02
1.629649208583204540e+02
1.626325945608296308e+02
1.642162920919483042e+02
1.660383878388851997e+02
1.648010481325004548e+02
1.665002030297829094e+02
1.652234843271550346e+02
