-2.831118521213576433e-01
-3.026315055713473812e-01
-3.065092988173008237e-01
-3.279232272900819978e-01
-3.460822098187553708e-01
-3.640474446455645441e-01
-3.806559659609902724e-01
-4.033515708692688717e-01
-4.049511878954011324e-01
-3.998943049278898543e-01
-3.974527401069913868e-01
-4.022925100365764561e-01
-3.965437439482248361e-01
-4.031366304827885827e-01
-4.077488870345143401e-01
-4.055727960218192818e-01
-4.036973784690557898e-01
-3.979582247273111273e-01
-4.081389711503188855e-01
-3.977095838385777404e-01
-4.104314350356952912e-01
-4.080235601229496023e-01
-4.056478623226745239e-01
-4.037618316012807074e-01
-3.860932256851726252e-01
-4.061354010100298728e-01
-4.088092385409959895e-01
-4.082958182943777770e-01
-4.094661684567136306e-01
-4.020866688613927153e-01
-4.050905015967801726e-01
-4.034976364327935716e-01
-4.114033857540513317e-01
-3.999890129134439087e-01
-4.023349946719828041e-01
-4.105321964763372078e-01
-4.048258820718242390e-01
-4.046699857769787689e-01
-4.165895738726498321e-01
-4.073420439907048385e-01
-4.161361452833421404e-01
-4.142988081633151576e-01
-4.018591175007114602e-01
-4.094082272357254526e-01
-4.111884543645909496e-01
-4.186938964265863872e-01
-4.268068804966363428e-01
-4.070478015603078425e-01
-4.155103628155054074e-01
-4.210395336688338430e-01
-4.127454319122803028e-01
-4.235010196340847632e-01
-4.140496968286183077e-01
-4.296837748436863613e-01
-4.217912117990813003e-01
-4.205177716253723497e-01
-4.199433870121940804e-01
-4.291732369292934890e-01
-4.187186554784601555e-01
-4.224853483014563427e-01
-4.303581471279351867e-01
-4.317188885712617274e-01
-4.167011160487772425e-01
-4.344863314709338509e-01
-4.445602976436197618e-01
-4.187433993644376629e-01
-4.180383104532025551e-01
-4.332138248317588536e-01
-4.376133104629326698e-01
-4.334997259452997853e-01
-4.017283105476381344e-01
-4.017966763956186682e-01
-4.060049188379081797e-01
-4.027263785875255797e-01
-4.112596307833216169e-01
-3.991147834833624897e-01
-4.110098238448962049e-01
-3.989191008148116890e-01
-4.041363248384580165e-01
-4.018654623679005500e-01
-4.130543872243531700e-01
-4.108719320871080383e-01
-4.254562182558432881e-01
-4.071255600683222342e-01
