5.069968396589939630e+02
5.084602872171812464e+02
5.090450590736823528e+02
5.104609776999958513e+02
5.111774571200614332e+02
5.120601041707275272e+02
5.128503725823823061e+02
5.135821507458103952e+02
5.137312727201951930e+02
5.140070912288723548e+02
5.140585889274896090e+02
5.142660930753150978e+02
5.145189887519181866e+02
5.145287428620749779e+02
5.146358638292477963e+02
5.147429453445802210e+02
5.148276746601665081e+02
5.149386476139753768e+02
5.150537361844743600e+02
5.152107143221877550e+02
5.153634564018821038e+02
5.154466253173109180e+02
5.154456144034306817e+02
5.154978654330527661e+02
5.155319716576176461e+02
5.156053389797770024e+02
5.157159301709680221e+02
5.158893364452100059e+02
5.159082255855146286e+02
5.159126117158951956e+02
5.159797725558954653e+02
5.161645184871970287e+02
5.162651001930744314e+02
5.162236456322174263e+02
5.162312618043924886e+02
5.163934107548094516e+02
5.163891452379957627e+02
5.165574449724723536e+02
5.166038881780988277e+02
5.166894566467341292e+02
5.166288670443094588e+02
5.166091036550325271e+02
5.168283987937854818e+02
5.169383877893885710e+02
5.168866315114942154e+02
5.168937967912568183e+02
5.168073471026237939e+02
5.170167911474200082e+02
5.170207139873602955e+02
5.171110493590479109e+02
5.170749947331480598e+02
5.170898842838602150e+02
5.172098502104772706e+02
5.172828137715002867e+02
5.172734105248380274e+02
5.173295571507488830e+02
5.172551335994363626e+02
5.174370687278711785e+02
5.174424668626104449e+02
5.175064388359894565e+02
5.175972667451377447e+02
5.175173050228903548e+02
5.177287951992414037e+02
5.176748184686586001e+02
5.177147692691519296e+02
5.176607390903735677e+02
5.178056549030985707e+02
5.177870878084994501e+02
5.178975783290931076e+02
5.177412807091919831e+02
5.182347197547740052e+02
5.182667284976353130e+02
5.181054324437960759e+02
5.180761933129463159e+02
5.181592078785917010e+02
5.183289809289242385e+02
5.183065792171796602e+02
5.182605050040226615e+02
5.181892218547731090e+02
5.183387563340684210e+02
5.184441266523015202e+02
5.184151697485715431e+02
5.185432657420952864e+02
5.185909729863338953e+02
