5.043763365049213689e+02
5.047871325029527156e+02
5.052850605597283788e+02
5.054320375096680209e+02
5.057542149322002842e+02
5.061775133894671512e+02
5.062715560554784133e+02
5.063639870891525447e+02
5.068906541356759590e+02
5.070095187372081114e+02
5.069666127863301881e+02
5.072365913206965047e+02
5.071195505972180513e+02
5.073405812147782967e+02
5.077017382395738423e+02
5.077441195147693520e+02
5.076208029551547156e+02
5.077463448994697046e+02
5.080424313199092694e+02
5.079658078713216014e+02
5.080889465926920820e+02
5.081355958373118256e+02
5.083393417248724973e+02
5.082425839750223417e+02
5.081703848547939515e+02
5.083957523810213956e+02
5.086076488586111850e+02
5.083531931471229655e+02
5.085995816726054954e+02
5.087478621829520193e+02
5.087914387062019728e+02
5.088492607071968905e+02
5.088255378710620107e+02
5.087917307256026902e+02
5.087002632865520013e+02
5.090766326847925143e+02
5.089162971802584252e+02
5.090561383879521600e+02
5.093346212876535333e+02
5.089953162381082166e+02
5.092971217643695923e+02
5.093039089940684221e+02
5.094846187839836489e+02
5.092587305999751948e+02
5.093853557139121904e+02
5.097629108433055194e+02
5.094701329011577968e+02
5.095493682049059316e+02
5.093841544262212437e+02
5.096683286468365282e+02
5.098026269408952658e+02
5.095923052197227321e+02
5.096253679192175241e+02
5.098718238629340931e+02
5.098658907077635831e+02
5.096730461611797409e+02
5.096860559232559922e+02
5.098054665379602852e+02
5.098307900422308876e+02
5.099790565303526364e+02
5.098105286502650983e+02
5.097872926261186990e+02
5.097468848333538176e+02
5.096465297663699516e+02
5.095772857451136133e+02
5.098881730018342751e+02
5.096513223565966086e+02
5.099850145065007041e+02
5.100010605583831875e+02
5.095724314151029262e+02
5.116064794895730756e+02
5.106642183645535056e+02
5.108471306375435574e+02
5.104259837151210490e+02
5.109590269794830988e+02
5.112866399223270832e+02
5.109237816744723091e+02
5.110414044539300562e+02
5.107409424610492010e+02
5.115577681518894337e+02
5.115483780737752113e+02
5.115837121497618227e+02
5.111330202431348084e+02
5.114535937243845751e+02
