5.369631983042150978e+02
5.373270895315913549e+02
5.377565662190158946e+02
5.378287158155283123e+02
5.380693963029797260e+02
5.384540482911939989e+02
5.385519882789662915e+02
5.385634106521245030e+02
5.390892474309486033e+02
5.392854597440077669e+02
5.391054080241353859e+02
5.394290753240317144e+02
5.392846666670350260e+02
5.393962546914244740e+02
5.397128646790940820e+02
5.397719570694893036e+02
5.395111588732705741e+02
5.397308303922733330e+02
5.400974013001908816e+02
5.398956174580910101e+02
5.399132208943153728e+02
5.398695874409995668e+02
5.402374643683848490e+02
5.399200785431600025e+02
5.398086388990969908e+02
5.401013869944814587e+02
5.402521311922978384e+02
5.399377747030196133e+02
5.402022526456185005e+02
5.403298204926879862e+02
5.405347140759696458e+02
5.406151935289307175e+02
5.404645910145928838e+02
5.402880946264917839e+02
5.402898465632257512e+02
5.405995940878452757e+02
5.403360913980416171e+02
5.405842613149075078e+02
5.410659686962532078e+02
5.403920189384002697e+02
5.407528378273339058e+02
5.410519194285840285e+02
5.409882157292263400e+02
5.407473002735866885e+02
5.409302730836026285e+02
5.413278974614286199e+02
5.411704271130478219e+02
5.411931387209206150e+02
5.410000886338357304e+02
5.413476518613040298e+02
5.415616566746242597e+02
5.413228646803745505e+02
5.413281454071009193e+02
5.414285214067189145e+02
5.415559509481553278e+02
5.414787580526738111e+02
5.414099713462099999e+02
5.415880582125937508e+02
5.415372649329849537e+02
5.416543855351487764e+02
5.415632970163314894e+02
5.415862426429982861e+02
5.415512763763155135e+02
5.413978173153516309e+02
5.413822183897492550e+02
5.418443238625432059e+02
5.414873421171284917e+02
5.416998778597475166e+02
5.420765474850011287e+02
5.414383496061309415e+02
5.440750737717642096e+02
5.429318575878177171e+02
5.431061247157578009e+02
5.425336230966444191e+02
5.434030590420206863e+02
5.435383878246473159e+02
5.430238792276132926e+02
5.431190619808861584e+02
5.428988573508843274e+02
5.439970432811385308e+02
5.440319383472827894e+02
5.438669868863132706e+02
5.436724886621836959e+02
5.437650689134499089e+02
