3.679070920676626459e-09
3.680372107105651889e-09
3.680878256031593064e-09
3.681472994055777373e-09
3.681808056257831774e-09
3.681616143522358098e-09
3.682584088509970752e-09
3.682012064449276158e-09
3.681889323869983377e-09
3.683003661286956102e-09
3.683034114349520963e-09
3.685092908473987507e-09
3.684799525531065863e-09
3.683069560672637099e-09
3.684969755637412754e-09
3.685219575424914499e-09
3.684888018389145115e-09
3.684621424015661771e-09
3.685895748636174539e-09
3.685552378086456423e-09
3.685535961733648004e-09
3.686406087692859729e-09
3.688015815056537297e-09
3.688815065464871704e-09
3.688769673090859465e-09
3.688864984927355132e-09
3.688231122579051353e-09
3.688642384565467516e-09
3.688611327384104669e-09
3.688231959149938988e-09
3.688583560612053096e-09
3.690006148842603688e-09
3.691033279433084274e-09
3.690019882140008398e-09
3.690463366140021654e-09
3.690335537323403062e-09
3.689292163793828199e-09
3.690497833215814429e-09
3.693958434844711821e-09
3.690535188503611075e-09
3.690201907765747906e-09
3.690502063847201416e-09
3.690000452614319231e-09
3.690499425732467861e-09
3.691065067151775112e-09
3.690752013101931390e-09
3.691607881543465567e-09
3.691364822377105659e-09
3.690803037566196421e-09
3.691035958890572851e-09
3.692213318450226163e-09
3.691100684268660932e-09
3.691289998651777884e-09
3.691423726465540299e-09
3.691118342937747679e-09
3.691193955583823961e-09
3.690758177123893362e-09
3.692032173822876068e-09
3.690609264032839615e-09
3.691784857204307769e-09
3.692286539175770943e-09
3.690602427682520259e-09
3.691771104201846212e-09
3.689756834827107205e-09
3.689857077624662088e-09
3.690922051140313288e-09
3.692100424282200199e-09
3.691854471276103611e-09
3.690818002933326860e-09
3.692039548522506805e-09
3.690347959300831575e-09
3.691954242684089544e-09
3.692023143350120941e-09
3.690777681347863048e-09
3.690834675708419814e-09
3.690311029836501223e-09
3.692257481970560289e-09
3.693611877086832968e-09
3.692393946127492258e-09
3.691063104298329102e-09
3.692975616261358419e-09
3.688242670260197703e-09
3.692211155226495584e-09
3.690912792180342470e-09
