3.768637299965043237e-09
3.771238949148100308e-09
3.771951798244992548e-09
3.774606675882486561e-09
3.772826060849513573e-09
3.772775800100436041e-09
3.774121317033588750e-09
3.774311179934876744e-09
3.773079621894025564e-09
3.777746460929349885e-09
3.775741925616277914e-09
3.780401443816583737e-09
3.781117557518815665e-09
3.778061898513836715e-09
3.780687780051688176e-09
3.779512972816144363e-09
3.778994843660943863e-09
3.779567304623528490e-09
3.781360039488742030e-09
3.780547508023090046e-09
3.778790414356653066e-09
3.782909512749496045e-09
3.784534888051752698e-09
3.784557750266760903e-09
3.784616108393666894e-09
3.785417794070552302e-09
3.782707449928789751e-09
3.784491787819818195e-09
3.783808514764897163e-09
3.781917780446003524e-09
3.784547968947058616e-09
3.786329180884445665e-09
3.787457189713427994e-09
3.785506167267094714e-09
3.787716689368319974e-09
3.784905006405390503e-09
3.783895871893328472e-09
3.786464896635415647e-09
3.792381233233258336e-09
3.784469358822313085e-09
3.784758364722811077e-09
3.785873604766382800e-09
3.784233092262265546e-09
3.786087840615846716e-09
3.787353008408163831e-09
3.785257771044267142e-09
3.788025276566714761e-09
3.787115194726934286e-09
3.785878422913441531e-09
3.786821611084881593e-09
3.788529474346375305e-09
3.787527941014180480e-09
3.787105600689673425e-09
3.786652191793576119e-09
3.786875547710330445e-09
3.786752335104640972e-09
3.787681047228833917e-09
3.788554193703089455e-09
3.786473981463877249e-09
3.787108687484558978e-09
3.788716132425442500e-09
3.786342051644974182e-09
3.787558249127146981e-09
3.784743097103666436e-09
3.786469569538283088e-09
3.786757309885037272e-09
3.788451910173569491e-09
3.787750594024395618e-09
3.786406478838116461e-09
3.790406218512543617e-09
3.785646618720277446e-09
3.788762706589960674e-09
3.789658795810129970e-09
3.788734343636117128e-09
3.786225583737565369e-09
3.785322547025295459e-09
3.787922349997905382e-09
3.790472833646731645e-09
3.790348560817089466e-09
3.787837921616389355e-09
3.790425656098224011e-09
3.782903907022801284e-09
3.790082323672541921e-09
3.786612176149112986e-09
