4.058284586593169530e-09
4.037196781139300884e-09
3.967774028318873487e-09
3.963466156803996645e-09
3.960934339741625781e-09
3.923039731273262125e-09
3.923039731273262125e-09
3.923039731273262125e-09
3.923039731273262125e-09
3.923039731273262125e-09
3.923039731273262125e-09
3.923039731273262125e-09
3.923039731273262125e-09
3.923039731273262125e-09
3.923039731273262125e-09
3.923039731273262125e-09
3.923039731273262125e-09
3.923039731273262125e-09
3.923039731273262125e-09
3.923039731273262125e-09
3.923039731273262125e-09
3.923039731273262125e-09
3.923039731273262125e-09
3.923039731273262125e-09
3.923039731273262125e-09
3.923039731273262125e-09
3.923039731273262125e-09
3.923039731273262125e-09
3.923039731273262125e-09
3.923039731273262125e-09
3.923039731273262125e-09
3.923039731273262125e-09
3.923039731273262125e-09
3.923039731273262125e-09
3.923039731273262125e-09
3.923039731273262125e-09
3.923039731273262125e-09
3.923039731273262125e-09
3.923039732646357127e-09
3.923039731273262125e-09
3.923039731273262125e-09
3.923039731273270397e-09
3.923039731273262125e-09
3.923039731273262125e-09
3.923039731273262125e-09
3.923039731273262125e-09
3.923039731273262125e-09
3.923039731273262125e-09
3.923039731273262125e-09
3.923039731273262125e-09
3.923039731273262125e-09
3.923039731273262125e-09
3.923039731273266261e-09
3.923039731273262125e-09
3.923039732117908656e-09
3.923039731273262125e-09
3.923039731273266261e-09
3.923039731273262125e-09
3.923039731273262125e-09
3.923039731273262125e-09
3.923039731273262125e-09
3.923039731273262125e-09
3.923039731273262125e-09
3.923039731273262125e-09
3.923039731273262125e-09
3.923039731273262125e-09
3.923039731273262125e-09
3.923039731273262125e-09
3.923039731273517724e-09
3.923039731273262125e-09
3.923039731289674216e-09
3.923039731273263780e-09
3.923039731273748507e-09
3.923039731273262125e-09
3.923039731273262125e-09
3.923039731273262125e-09
3.923039731273262125e-09
3.923039731276196962e-09
3.923039731273301003e-09
3.923039733704632150e-09
3.923039731273262125e-09
3.923039731273262125e-09
3.923039731273285286e-09
3.923039731435603765e-09
