1.060848472193576413e+02
1.054740509817871299e+02
1.058694285797527215e+02
1.047371070251716105e+02
1.051265024856502066e+02
1.056631317921619058e+02
1.056569184921196580e+02
1.053339682480127806e+02
1.061373734276523777e+02
1.057434414309303889e+02
1.056358142245032496e+02
1.056388527543342661e+02
1.053599143082981584e+02
1.053017980106709643e+02
1.055341238485077184e+02
1.054542096803734523e+02
1.050477424850749344e+02
1.051789879128627234e+02
1.058819815189523865e+02
1.050345423262836562e+02
1.052069425511431433e+02
1.046561644409347309e+02
1.047625654005726403e+02
1.045214590288033492e+02
1.039084188547829655e+02
1.040304258906370904e+02
1.045347081758986718e+02
1.033478427589105308e+02
1.043937906326439844e+02
1.048782904111796626e+02
1.042208126890409261e+02
1.042741093443471243e+02
1.038139894872978886e+02
1.033492159275217688e+02
1.030552907817318697e+02
1.041226973999361292e+02
1.037577044770596046e+02
1.038228256901989255e+02
1.034453370462176878e+02
1.034603140401609096e+02
1.035869387604018357e+02
1.040656105292764551e+02
1.042113726226947250e+02
1.031651535727897624e+02
1.033582218164003166e+02
1.046293137516511536e+02
1.040882201521392574e+02
1.041570430093363484e+02
1.032300725532980863e+02
1.040781584941357494e+02
1.036039081725507884e+02
1.041115797022441001e+02
1.034644523264576890e+02
1.039500764712124692e+02
1.035046175087336735e+02
1.040006896377401233e+02
1.035394761046417926e+02
1.038774756473980005e+02
1.043198733147797839e+02
1.043504997021263563e+02
1.043279766971290741e+02
1.037575359002182154e+02
1.041994910150375802e+02
1.037888415583255721e+02
1.036458885229303633e+02
1.044892282207646019e+02
1.034063420318642557e+02
1.042196462187868065e+02
1.050368462211713165e+02
1.035072726585364933e+02
1.070845707375114699e+02
1.052001188327934642e+02
1.044605197374398387e+02
1.046811115198875228e+02
1.055912017569333727e+02
1.063309605680217089e+02
1.060338738176887574e+02
1.057084713406393774e+02
1.045749930797837663e+02
1.066406590912697254e+02
1.071013330002002277e+02
1.063172838719519149e+02
1.054971015654397632e+02
1.066698946097215526e+02
