5.224258939621537934e+01
5.185746687674455302e+01
5.233704390202795764e+01
5.184089272024876749e+01
5.215652886832642565e+01
5.290606662359614631e+01
5.251652017889863089e+01
5.215470150743209388e+01
5.352412071593526832e+01
5.318288076418149757e+01
5.256697416593624439e+01
5.317112920596556336e+01
5.287258820640296619e+01
5.294718714836248807e+01
5.359230998140424163e+01
5.313667400654986750e+01
5.263328606665398723e+01
5.298583594277241815e+01
5.356860507354035406e+01
5.280775789216669125e+01
5.326683167131356100e+01
5.276502752161810150e+01
5.321630134358444053e+01
5.243049425345105874e+01
5.219490523739059995e+01
5.260525709378236314e+01
5.315984344646014392e+01
5.206373159497434244e+01
5.264336273425900004e+01
5.300441225178683169e+01
5.266350048799871075e+01
5.259165973768293156e+01
5.235579730819176092e+01
5.185599654452471441e+01
5.154859062154155680e+01
5.279468140943132681e+01
5.198741368895315418e+01
5.227713664942518790e+01
5.302214573762758221e+01
5.134335396792006634e+01
5.251934369090395904e+01
5.237332981700063073e+01
5.268574573172803355e+01
5.193716677814285276e+01
5.237672410800453804e+01
5.332500490866786436e+01
5.247497745819579507e+01
5.268375428757560286e+01
5.173384031961292351e+01
5.250318476815099444e+01
5.287571811819528733e+01
5.265297096619521255e+01
5.214181504174047177e+01
5.255571066973094219e+01
5.268528809601018281e+01
5.221348361342803202e+01
5.210774833538324202e+01
5.246209632273327372e+01
5.257728788697819766e+01
5.269570687434838874e+01
5.234121498052987675e+01
5.222232835803107776e+01
5.168389074145121498e+01
5.132927697189352756e+01
5.162017403102257873e+01
5.225646580981668876e+01
5.117816936813375861e+01
5.204226095021837750e+01
5.275713320094573788e+01
5.152129934332645433e+01
5.519020561754535947e+01
5.249620083870667742e+01
5.283321133521624091e+01
5.176232831354275277e+01
5.299936884343997434e+01
5.438506464056064260e+01
5.304175382829583185e+01
5.290237680668568032e+01
5.212761086856391302e+01
5.482944401826171088e+01
5.488556163704423341e+01
5.492990437208361953e+01
5.396580717066562727e+01
5.457745586712874086e+01
