-2.553514144859109214e-01
-2.504405276560620619e-01
-2.411471310072978991e-01
-2.410020928887023350e-01
-2.346860939118796119e-01
-2.409384526317153163e-01
-2.314178262294241673e-01
-2.340542734952775206e-01
-2.400728361288795298e-01
-2.394537899923588342e-01
-2.223982098993936285e-01
-2.224291561504893322e-01
-2.335143894862642955e-01
-2.144828719079901747e-01
-2.282023557094025878e-01
-2.252732048574715984e-01
-2.127019383413689402e-01
-2.086657637731797188e-01
-2.190157700411915209e-01
-2.253811392893154686e-01
-2.216865725398075304e-01
-2.133850547857469859e-01
-2.193985097308623899e-01
-2.081826390325162424e-01
-2.112715134625421654e-01
-2.161200168668890587e-01
-2.160475365720636309e-01
-2.016931766645743418e-01
-2.171904787735174092e-01
-2.201400109282457829e-01
-2.056235397682343313e-01
-2.119838890595001635e-01
-1.963286347694954137e-01
-1.970973118926358791e-01
-2.028133769658176377e-01
-2.012918862514236629e-01
-1.946859172859342901e-01
-2.139801202001880565e-01
-1.917557910724047854e-01
-1.956780660104607272e-01
-1.985583867256522639e-01
-2.097469949706078363e-01
-2.128457502859095463e-01
-1.935781158837361904e-01
-1.906119897452866474e-01
-2.023368953107613222e-01
-2.074424420292501070e-01
-2.089505531816289174e-01
-1.848800035811045961e-01
-1.867692191984692551e-01
-2.037062629146247361e-01
-1.994539307911631087e-01
-1.916266048017361556e-01
-1.885994275057656377e-01
-2.019428066265395727e-01
-1.896885965916080274e-01
-1.965774879424220800e-01
-1.944122302828429072e-01
-1.886748850267374600e-01
-1.797032502148424860e-01
-1.978045527085155741e-01
-1.992671635714688139e-01
-1.971764587207845976e-01
-1.937962179702453769e-01
-2.016084912177101007e-01
-1.931432714004285289e-01
-1.878644121932145916e-01
-1.867027265673690262e-01
-1.795237486871396893e-01
-1.938477398311369004e-01
-1.710390707046290648e-01
-1.587775564049628274e-01
-1.779119939423828844e-01
-1.790138140172279624e-01
-1.803170674498597026e-01
-1.615673197040971287e-01
-1.612701864089247372e-01
-1.767133044807688846e-01
-1.692499576706257003e-01
-1.795813775884671226e-01
-1.867744287002933989e-01
-1.646427081783419788e-01
-1.772648549702210141e-01
-1.627738859596667420e-01
