3.689310968401142936e-09
3.690813998670310505e-09
3.692633316740693526e-09
3.693168850701217572e-09
3.694346123333060844e-09
3.695891421178841417e-09
3.696234805141042531e-09
3.696574034090156819e-09
3.698495680686239568e-09
3.698928275570703372e-09
3.698770978404745235e-09
3.699755395724775562e-09
3.699330013508090067e-09
3.700140082980176598e-09
3.701452247241118737e-09
3.701604896242455582e-09
3.701156442927159677e-09
3.701614980314270995e-09
3.702694033399009342e-09
3.702414212533667219e-09
3.702862456187331792e-09
3.703033879378192718e-09
3.703776923151716678e-09
3.703424742095072756e-09
3.703160273686803158e-09
3.703980217781166187e-09
3.704752275877837932e-09
3.703827389385825607e-09
3.704723278165518681e-09
3.705266159589227301e-09
3.705422261320925907e-09
3.705631552241318900e-09
3.705545695924103270e-09
3.705424115990570745e-09
3.705090775841527969e-09
3.706458701412675220e-09
3.705878644596203605e-09
3.706388295090957621e-09
3.707398721108046402e-09
3.706164932520692493e-09
3.707265415342603844e-09
3.707287811685688096e-09
3.707945522193943236e-09
3.707123354514646884e-09
3.707584246945894332e-09
3.708959718383284566e-09
3.707893366981871085e-09
3.708181295846113938e-09
3.707580495833523396e-09
3.708614386663504537e-09
3.709101323974240155e-09
3.708338282777444843e-09
3.708460349512007631e-09
3.709354620431046424e-09
3.709334328440094638e-09
3.708635123169049593e-09
3.708678841619576068e-09
3.709116777324189249e-09
3.709208176795497772e-09
3.709745444861851130e-09
3.709133237682377598e-09
3.709045220229918919e-09
3.708899485395049430e-09
3.708532024646843135e-09
3.708279598575612579e-09
3.709414129148903019e-09
3.708551722466211482e-09
3.709767328738944543e-09
3.709822905837624111e-09
3.708268779234795068e-09
3.715652115205657054e-09
3.712234882552750855e-09
3.712900673509439228e-09
3.711365827013710082e-09
3.713305480695565008e-09
3.714493804722061063e-09
3.713175784652016628e-09
3.713606029161988550e-09
3.712514058239880762e-09
3.715482069237212910e-09
3.715444988624929528e-09
3.715575735401062480e-09
3.713937954729763597e-09
3.715101382906493953e-09
