3.806624943264069086e-09
3.807918191323928854e-09
3.809438922249115848e-09
3.809690797888064536e-09
3.810540026813165389e-09
3.811904328288067102e-09
3.812246781568259241e-09
3.812296227244812873e-09
3.814157050259608030e-09
3.814843035843378057e-09
3.814211000388287381e-09
3.815355432620666231e-09
3.814845449052861770e-09
3.815249424926887424e-09
3.816357519854844234e-09
3.816564055610558835e-09
3.815644507643163807e-09
3.816421115518947519e-09
3.817717423809352434e-09
3.817002852106730204e-09
3.817065885141222172e-09
3.816916282033837426e-09
3.818213712466332442e-09
3.817092816041682532e-09
3.816695547483090495e-09
3.817730257782941438e-09
3.818263707955792884e-09
3.817151632168281322e-09
3.818088444154498987e-09
3.818543155672065245e-09
3.819263627675927028e-09
3.819545120523942698e-09
3.819014680406933354e-09
3.818395128730989534e-09
3.818399799875845056e-09
3.819484880666232309e-09
3.818563214207888998e-09
3.819440239495725914e-09
3.821136107981926778e-09
3.818760148500886308e-09
3.820036857546327165e-09
3.821086751042565502e-09
3.820861809129182689e-09
3.820011013312612346e-09
3.820659103036315786e-09
3.822068241170681252e-09
3.821510515746585395e-09
3.821587962582851864e-09
3.820905257469816810e-09
3.822135701738165035e-09
3.822883379104245389e-09
3.822049120096075228e-09
3.822069572485775104e-09
3.822420434418659631e-09
3.822872265001132526e-09
3.822603126039937439e-09
3.822354241328874760e-09
3.822986710957821667e-09
3.822811628465968303e-09
3.823217780494753261e-09
3.822891903453041484e-09
3.822973534906644203e-09
3.822853919033453492e-09
3.822311543119297720e-09
3.822248656886839525e-09
3.823887819081451834e-09
3.822625487569685904e-09
3.823378766454666036e-09
3.824701757780795411e-09
3.822461770938188951e-09
3.831738689135612391e-09
3.827715378360783819e-09
3.828338669162647244e-09
3.826307627004065748e-09
3.829380818410149968e-09
3.829856104194259667e-09
3.828043385805901010e-09
3.828383601916775463e-09
3.827609078644842634e-09
3.831476863645754874e-09
3.831604567455847386e-09
3.831020229547080422e-09
3.830330332104278790e-09
3.830659898567288907e-09
