5.224274581455125599e+01
5.185924796889930377e+01
5.233826140227308343e+01
5.184017492158569240e+01
5.215508484860426819e+01
5.290516222888872733e+01
5.251443227408100256e+01
5.215632153534227911e+01
5.352556564615718315e+01
5.318148608607256023e+01
5.256652801416268517e+01
5.317039479841491101e+01
5.287291045123573241e+01
5.295246101912739078e+01
5.359164495361565628e+01
5.313435605342996126e+01
5.263225224363735322e+01
5.298524714593042972e+01
5.356811024709444524e+01
5.280659384524399513e+01
5.326562979212739890e+01
5.276599202595932070e+01
5.321683552040391163e+01
5.243153233443534589e+01
5.219410100515329987e+01
5.260384889699169975e+01
5.315873687318326546e+01
5.206339377036532312e+01
5.264279868968290543e+01
5.300658818308549058e+01
5.266314286779214626e+01
5.258976664507083854e+01
5.235481594742754652e+01
5.185699794049367028e+01
5.154901512202046376e+01
5.279096241193082761e+01
5.198855000859813913e+01
5.227861063429016042e+01
5.302022741120134697e+01
5.134344993484797470e+01
5.252105419539273612e+01
5.237188150422208821e+01
5.268433301339123176e+01
5.193568477516531345e+01
5.237588452869211153e+01
5.332659112472838814e+01
5.247547550704147312e+01
5.268321125795786486e+01
5.173323001088142803e+01
5.250341476308089739e+01
5.287289896832308500e+01
5.265383915693206518e+01
5.214414382309879414e+01
5.255568164838946643e+01
5.268651956052996610e+01
5.221719748564560604e+01
5.210767767840995646e+01
5.246508334070525592e+01
5.258110126797443229e+01
5.269617863782979583e+01
5.234082174332079518e+01
5.222016449926658765e+01
5.168359546958282635e+01
5.132760717999407518e+01
5.161562495824221486e+01
5.225647576466553801e+01
5.117707850753403420e+01
5.204304362568343123e+01
5.275462768380236156e+01
5.152531630408133623e+01
5.518266372209242121e+01
5.249309052033717649e+01
5.283342422691056584e+01
5.175622025814615768e+01
5.299724741365194092e+01
5.438149374422622628e+01
5.303851176056269168e+01
5.290215790068955215e+01
5.212793637428178783e+01
5.482931045347233123e+01
5.488507301317026332e+01
5.492982164434747006e+01
5.396431075728605009e+01
5.457630901907430143e+01
