1.060858770805567843e+02
1.054734133576207000e+02
1.058689319339198818e+02
1.047367544962301622e+02
1.051293494336898107e+02
1.056630716535949119e+02
1.056607358006443036e+02
1.053336216983255014e+02
1.061366372298900274e+02
1.057469286793310204e+02
1.056344132601436883e+02
1.056371446966956569e+02
1.053601837864398760e+02
1.053011402311485654e+02
1.055348790954094795e+02
1.054541809550075158e+02
1.050472876958966708e+02
1.051798823676205359e+02
1.058821270122079881e+02
1.050352087948055129e+02
1.052064278136833764e+02
1.046539167413648102e+02
1.047634411041668301e+02
1.045227927406535571e+02
1.039096355817040802e+02
1.040302475618910449e+02
1.045340548397562372e+02
1.033512536444521146e+02
1.043931237423665976e+02
1.048791078493268003e+02
1.042199586551838166e+02
1.042734547663718558e+02
1.038133004093551648e+02
1.033477119335636871e+02
1.030545134700632417e+02
1.041251632947329426e+02
1.037587459848066231e+02
1.038244888050397350e+02
1.034461994704611811e+02
1.034599204912839525e+02
1.035875811201583900e+02
1.040676311541686516e+02
1.042133038223027910e+02
1.031670113653971725e+02
1.033589071709944847e+02
1.046288548887764733e+02
1.040871463717467691e+02
1.041575988241468593e+02
1.032321162100391945e+02
1.040772553279786052e+02
1.036065827084131854e+02
1.041109234503351075e+02
1.034648856277489983e+02
1.039496058276622392e+02
1.035042192874086879e+02
1.040019202849177873e+02
1.035399314605061249e+02
1.038801375894961296e+02
1.043177734534834968e+02
1.043511500007047630e+02
1.043334318570004200e+02
1.037572620781351276e+02
1.041977907188580872e+02
1.037845054551060286e+02
1.036467560236978187e+02
1.044889778654427914e+02
1.034073866371677468e+02
1.042204672499276796e+02
1.050389083113733335e+02
1.035066924530123771e+02
1.070823913528329570e+02
1.052039837447092196e+02
1.044589460272819963e+02
1.046836589171734886e+02
1.055900853813470945e+02
1.063283052433853015e+02
1.060320074946770745e+02
1.057068409752165508e+02
1.045721877418822601e+02
1.066390997824409794e+02
1.070915175002933211e+02
1.063135823414891661e+02
1.054977480563274526e+02
1.066652450475557572e+02
