-2.431796643276365189e-01
-2.406858867096149379e-01
-2.419004391568891077e-01
-2.385682403447237920e-01
-2.406076027895829306e-01
-2.431724317069411390e-01
-2.443561470018307258e-01
-2.443072014934523362e-01
-2.474034484833714520e-01
-2.468095703744073999e-01
-2.475813291273013805e-01
-2.479476549596064117e-01
-2.481319057190363719e-01
-2.480980625672135342e-01
-2.483551486113995954e-01
-2.487046273037042676e-01
-2.480807564539370957e-01
-2.496131741663242809e-01
-2.522715092956982486e-01
-2.491471308733667900e-01
-2.501683995783578474e-01
-2.479067553773437738e-01
-2.486410829662422661e-01
-2.477178296517217604e-01
-2.461522576615109981e-01
-2.465329032437284240e-01
-2.485815227886780943e-01
-2.445285613071514486e-01
-2.489745003457460859e-01
-2.502775906087362778e-01
-2.483489025432266406e-01
-2.486858256891720242e-01
-2.479456902745321434e-01
-2.463133507961918212e-01
-2.459602665309202629e-01
-2.494125541996623507e-01
-2.488031317950725740e-01
-2.498453780393294354e-01
-2.477557142551845282e-01
-2.490683740974456162e-01
-2.491154449818911987e-01
-2.515985924724528644e-01
-2.517798132004034350e-01
-2.490832445901896286e-01
-2.495637890745814602e-01
-2.537034203498320095e-01
-2.535419362473056992e-01
-2.543617454991584093e-01
-2.509810043313829842e-01
-2.539957811405599286e-01
-2.523286148224588854e-01
-2.551461970976817706e-01
-2.532534913572831448e-01
-2.548890728932538541e-01
-2.527286525867101785e-01
-2.562752366954369476e-01
-2.547319273928516647e-01
-2.558034190135926589e-01
-2.579986765626305911e-01
-2.567192501911559344e-01
-2.578248824607624057e-01
-2.559676192717377230e-01
-2.565184791526792241e-01
-2.559793336264823971e-01
-2.563628499851928755e-01
-2.571360030061788926e-01
-2.540921786109737179e-01
-2.560793158302881456e-01
-2.592319051840799027e-01
-2.565378991273019049e-01
-2.591897581798554562e-01
-2.564161708130838768e-01
-2.529934291903745414e-01
-2.564116833381585581e-01
-2.553807670661722429e-01
-2.588737686235073610e-01
-2.588294412806163014e-01
-2.569095435195800081e-01
-2.536703767399063336e-01
-2.577139581895335207e-01
-2.599982443223015083e-01
-2.579250395574422261e-01
-2.568430883953105592e-01
-2.592748935487271256e-01
