4.910580625010614320e-01
2.300618386900244727e-01
1.515349542419511253e-01
7.473814829419614392e-02
9.204305806714996055e-12
5.455443601864309433e-14
5.815182374700051581e-14
2.735983252333139889e-14
2.187699052821072736e-12
5.311320611758485245e-14
2.107454484528196874e-13
7.703721096757266351e-14
7.653129501965482736e-22
2.955214106516208530e-14
5.139376344837116957e-16
1.196979404549497694e-16
5.735071810519812000e-15
4.663849556684754306e-14
3.630454742186852155e-13
9.603495920918857762e-13
3.966061258198875614e-11
3.689766721273453260e-13
7.939217735821098564e-16
3.143422589269477365e-14
2.183731491099641959e-13
2.029600876299108261e-13
4.584440705880865785e-14
4.426457982239506804e-15
2.509710791308461463e-11
9.095694648198995413e-14
7.181931556108704448e-14
7.248409817982454917e-16
6.145187718810919890e-14
1.607614346100748219e-14
2.545765737588667389e-12
7.990190473189440853e-17
2.742025345796106846e-23
1.298451054015587649e-13
1.360555537444511559e-13
2.175088734651062493e-13
7.309290127356657023e-14
1.417634924652834866e-12
6.883443128683499140e-15
1.283268632044319380e-13
6.949804134064271623e-15
1.705744402174983043e-12
4.039065810307408072e-14
2.414915523146871287e-16
7.386006291394417519e-15
4.159145928263166376e-14
9.222857962804035502e-13
4.842230110293211647e-14
1.379082624733703558e-25
2.441595993674147756e-14
6.864976012419929146e-16
6.105995621762721742e-15
2.828303374421322199e-11
3.438973219358787035e-14
4.142323535334865284e-14
2.345337084851492923e-11
5.264103075075412693e-13
1.762574375520428346e-14
6.831509851911895987e-16
9.135796093575092321e-14
4.711435928117665737e-11
1.085683351513238063e-15
5.470512372886047492e-13
8.415625571211047281e-15
3.246757323697831026e-14
3.828947107267254947e-13
2.469355430820518673e-15
9.629933167727039989e-11
1.317573329710104486e-15
1.751692549832397869e-14
5.400808643999064628e-14
3.940177086137834622e-15
1.822113305430697596e-18
2.198305595379561631e-15
1.010985900045985964e-11
1.177319615004210584e-15
2.495785490589638479e-14
1.304934082876053603e-14
1.604070666199290346e-11
1.955818704119029666e-13
