4.018425783574333821e+01
4.059694922700151665e+01
4.025918358162837052e+01
4.055025314476064580e+01
4.064021820598195944e+01
4.016791814304067287e+01
3.970070034467547515e+01
3.963835254407004527e+01
3.959562335870300842e+01
3.983872437641652908e+01
3.920317887333453655e+01
3.900087147346722105e+01
3.933341285662485376e+01
3.884550397086926665e+01
3.956706585093985495e+01
3.921700523409519690e+01
3.989057423719300033e+01
4.028731683372961214e+01
3.967054008736920423e+01
4.015667180573092310e+01
3.967350146145240330e+01
3.890016996213147138e+01
3.925743485176701597e+01
3.836204003774925297e+01
3.989533760449887012e+01
4.001800315456851820e+01
3.968238728539866145e+01
3.845744289929610460e+01
3.921388045876049233e+01
3.817532262655723230e+01
3.818678554255900082e+01
4.020053256609608638e+01
4.367547337195675539e+01
3.963178968155979476e+01
3.929289678052084867e+01
3.939346770106028828e+01
3.950126770154520273e+01
4.146466706856828210e+01
3.995587124207445839e+01
4.035907480253415969e+01
4.060963563582265579e+01
3.827643359750638297e+01
4.105340248948021298e+01
4.069615984301927369e+01
4.338119229847344371e+01
3.925686522300070180e+01
4.048526240427421641e+01
4.165518393328836311e+01
3.934353716525834699e+01
4.092798349820677117e+01
4.043300031057560773e+01
3.964492295945241551e+01
3.847535769131387440e+01
3.977707300884988229e+01
4.172473675773817803e+01
4.010176229225452005e+01
3.995538364574555601e+01
3.993670433483266180e+01
4.119832196776405908e+01
4.301030790607335774e+01
3.874891008841481010e+01
3.935458699152554374e+01
4.008917514052752296e+01
4.004405722773265808e+01
3.988095747255605517e+01
4.333720923540827386e+01
3.666337767910266621e+01
3.931776122315470445e+01
3.956003971531300323e+01
4.127329240667858556e+01
3.818987028596622935e+01
3.895810571675510658e+01
4.098147273546092606e+01
3.742540808818865372e+01
3.759899236306719672e+01
4.263691007535750543e+01
4.458412177230346174e+01
3.881292802367122619e+01
3.835459247403604621e+01
4.503560281731982684e+01
4.047631044373031273e+01
4.322207270043226401e+01
4.219880161245927042e+01
4.053509898763809360e+01
