1.044531291702260631e+02
1.051840646721049524e+02
1.068048988838166480e+02
1.072153574756672469e+02
1.069349093893808202e+02
1.110390146469890880e+02
1.104993891290250332e+02
1.120299082781301934e+02
1.117298268838262061e+02
1.134096306526366362e+02
1.135681325468375178e+02
1.129552987341826622e+02
1.122070917684424103e+02
1.149005551188716225e+02
1.127647637249840216e+02
1.125957560882286685e+02
1.126999761228816652e+02
1.123775185669327357e+02
1.137440800015247504e+02
1.131866879287552479e+02
1.132340938778401380e+02
1.139074931296490973e+02
1.122645516524563618e+02
1.160652531361930500e+02
1.124236537874502488e+02
1.142567398653148416e+02
1.135467404789692552e+02
1.133098852572648241e+02
1.139751768607873004e+02
1.148229681159245672e+02
1.157216438198010025e+02
1.135914317014250656e+02
1.101324567438134352e+02
1.143473909109334272e+02
1.134488933689458179e+02
1.147921750281591784e+02
1.117236456130022759e+02
1.125835603747806033e+02
1.142498539451815844e+02
1.128089778004735422e+02
1.127610215479388245e+02
1.159779285492108869e+02
1.102591768619112287e+02
1.100531528971065143e+02
1.085473860120641660e+02
1.130364127655910380e+02
1.123353671888973935e+02
1.081002212170689347e+02
1.144314731481666882e+02
1.080349114377557100e+02
1.103371340821043134e+02
1.131480249246315850e+02
1.126575156473667647e+02
1.138528116891325226e+02
1.108364743332881375e+02
1.124119153791234567e+02
1.121408049039953312e+02
1.130202131091622135e+02
1.125135426755337704e+02
1.080154867108950469e+02
1.133163032496269267e+02
1.131066707684482964e+02
1.104972996777468808e+02
1.118024598185438663e+02
1.079852803488104342e+02
1.066425955743573724e+02
1.158180448126696120e+02
1.122248112482584759e+02
1.135860580233077144e+02
1.100914688978778457e+02
1.136126678870714812e+02
1.090874605836970090e+02
1.117814502626136033e+02
1.140189496197972545e+02
1.124188982069038474e+02
1.094469014117780290e+02
1.068621617276663045e+02
1.124703215259248594e+02
1.086884097226722616e+02
1.039157543008125941e+02
1.082040594527444881e+02
1.069476764616542681e+02
1.075116859722461413e+02
1.091810786811205816e+02
