4.906514502617747020e-01
3.064891152315665779e-01
2.124950958583624872e-01
1.956881143787561617e-01
1.402193274848385629e-01
8.970289501990949543e-02
6.497657385498815941e-02
5.187135007285930549e-02
5.121677992309127403e-02
2.258972019617839014e-02
7.225383707429041430e-07
5.284652345235798534e-10
1.103140047919129993e-13
1.722554955654968959e-13
2.854939571365036300e-21
1.665189712676865020e-13
4.458092521958722863e-15
3.406119530716213204e-13
4.698094223435265938e-13
4.015746770952732317e-21
4.137587772237106360e-14
6.523212942857568966e-15
1.758454203382720786e-18
1.208720406433548021e-12
1.008937703655625416e-15
3.361282782925339404e-12
5.230196677602687414e-13
9.996048662704274976e-14
1.277615480033630989e-13
4.050655230650969109e-15
3.454199643189452111e-14
3.716474477790553370e-14
1.709657248620389719e-15
1.062311118223062911e-12
1.241838622939724806e-16
9.896483322136197730e-14
6.549444040682709499e-14
2.055792451668370385e-15
1.844285030581759620e-15
5.383587470154010689e-12
6.079132715745606225e-15
1.286021142200272192e-14
1.251926352681932455e-16
3.344517725864006740e-11
5.923212696750503263e-14
7.505877060959881225e-13
5.354898134107288557e-15
4.675401670243917271e-13
7.590035132638921817e-15
3.405868512479781690e-13
3.152340338367446717e-14
3.556735846062602666e-14
2.493681929974281924e-14
2.918665823867492640e-13
9.128254623275624932e-15
4.542971695802665607e-16
5.624131583265174816e-15
1.595200878629541183e-14
7.111952854260012701e-14
1.224109816304520464e-14
4.868291973738289838e-13
4.816925249659313089e-15
1.370280927562415546e-14
1.016844930438416903e-13
6.583554368223936254e-14
1.777188125358610975e-15
1.923690903576609940e-13
9.068899499663886764e-13
1.798926189670724303e-16
2.711870108712364915e-12
4.319784807784424524e-13
2.983608250810062705e-13
3.967045408499078658e-13
3.678821049177132621e-14
1.016755881449353604e-12
6.660319869100306648e-15
1.127151855794019474e-12
1.568655655895865831e-14
6.898191098401375722e-15
3.032950605965321090e-13
1.879763602019277475e-16
2.460069096197000599e-16
1.503982936665027157e-14
5.677996495389882873e-15
