4.014290611329876413e+01
4.104952208277350678e+01
4.123574397006473191e+01
4.163631593711813395e+01
4.187617072828101783e+01
4.210831712104475599e+01
4.247857074333762029e+01
4.276493840599804486e+01
4.291419666514232745e+01
4.365985974775109213e+01
4.339509519392911585e+01
4.353682332151524292e+01
4.332872372686573215e+01
4.429781660249056330e+01
4.360377073136159254e+01
4.337017055623276462e+01
4.426350297706274972e+01
4.372192788742139413e+01
4.406972253948671892e+01
4.475697845551579235e+01
4.449644409238018739e+01
4.428879976336803992e+01
4.492491644193597011e+01
4.483835071792260152e+01
4.543686301961960794e+01
4.492896657105672631e+01
4.526272393835210295e+01
4.603132932579718073e+01
4.569150798133664182e+01
4.609442152985889862e+01
4.598577464350885435e+01
4.589710049020833793e+01
4.579448490058619825e+01
4.660693001554459869e+01
4.569775206645331878e+01
4.670322095949753560e+01
4.677002982033821610e+01
4.678443570823756659e+01
4.630916155265461498e+01
4.671007868750410807e+01
4.689464375552970665e+01
4.651309741145446708e+01
4.773111140500078875e+01
4.772877249994503757e+01
4.773353561048831750e+01
4.748046970864761107e+01
4.889399891585334501e+01
4.867406737142692918e+01
5.076263865006058040e+01
5.373717137155976076e+01
4.933685784269408003e+01
5.018851136426155790e+01
5.042798883223903061e+01
5.107003637676277918e+01
5.153143824768999082e+01
5.017069627588857372e+01
5.171741808811225383e+01
5.128144007221865053e+01
5.031039916721155691e+01
5.181951691674709792e+01
5.181137549468327563e+01
5.334212596930780848e+01
5.210765600988917612e+01
5.189534470993316972e+01
5.324605179480909811e+01
5.500297044056578244e+01
5.504196824780528630e+01
5.360681175699870948e+01
5.691706639752385399e+01
5.718554161523424995e+01
5.850345797742931353e+01
5.720237100443760170e+01
5.911872526638749292e+01
5.995711333278659794e+01
5.989105133282457416e+01
5.992591333380609342e+01
5.931337347833262896e+01
6.192888212983130813e+01
6.265051485209679782e+01
6.160042439284467264e+01
6.469358335490879597e+01
6.308222773230804137e+01
6.316326970783436678e+01
6.457545840992375474e+01
