1.043418506769749854e+02
1.068364929330376754e+02
1.093357807975760494e+02
1.111215864258587658e+02
1.132903612912023306e+02
1.149191548111751899e+02
1.163778935430179615e+02
1.174804887791015062e+02
1.185354566987454916e+02
1.190869945969811141e+02
1.204731612189689969e+02
1.210511330449628389e+02
1.219352411821733853e+02
1.211848389730717912e+02
1.227285724936493523e+02
1.233743359261740125e+02
1.228788160483983631e+02
1.245476384332730078e+02
1.246789988541722636e+02
1.242229238836690399e+02
1.252573526770808741e+02
1.259150154543555828e+02
1.257294581882613187e+02
1.263066872184991212e+02
1.261702965776700012e+02
1.278157812217472156e+02
1.270558453709016646e+02
1.269162859113068720e+02
1.275031246693070983e+02
1.277251782862691414e+02
1.283568713860671551e+02
1.285049979675363545e+02
1.288896797596127044e+02
1.282860322924436502e+02
1.302564088108049418e+02
1.295157609801420335e+02
1.295552842121028050e+02
1.295738267460725410e+02
1.311489021420570396e+02
1.308689996840844572e+02
1.304572664533019690e+02
1.314315828875628256e+02
1.301999220705358766e+02
1.306073642223553861e+02
1.307737812973383598e+02
1.314342355405490821e+02
1.301050755805984522e+02
1.305221066781410570e+02
1.277993527170475403e+02
1.146998434295594791e+02
1.391821712817831838e+02
1.382831267078655060e+02
1.379913045359976991e+02
1.368498143709795158e+02
1.365581210599129918e+02
1.387157176613561091e+02
1.368305801163095339e+02
1.370996432544627908e+02
1.388886049350957421e+02
1.368081202716277573e+02
1.367560629625025115e+02
1.345810700076166313e+02
1.365064317160920098e+02
1.368257820717924744e+02
1.350363823215387811e+02
1.327891682623881877e+02
1.328726731519144550e+02
1.350522269469923629e+02
1.301588849634584903e+02
1.299922547515352278e+02
1.281986713478793831e+02
1.304100138047926691e+02
1.284869608609321006e+02
1.266013921425378470e+02
1.261600467433778903e+02
1.261557123548090260e+02
1.270438174623828758e+02
1.230981572491905780e+02
1.227257540669654361e+02
1.238996340234619993e+02
1.193119432360824277e+02
1.217643993293841476e+02
1.213553012893471390e+02
1.193716211055200205e+02
