4.799999996112833287e+02
4.799999999991156869e+02
4.799999999999691340e+02
4.799999999998988756e+02
4.799999999999880060e+02
4.799999999999981810e+02
4.799999999999997158e+02
4.799999999999901661e+02
4.799999999999992042e+02
4.799999999999996589e+02
4.799999999992762696e+02
4.799999384513886298e+02
4.799999999395570285e+02
4.799999999992311359e+02
4.792598190079788765e+02
4.779343415835431870e+02
4.793991578399829905e+02
4.782843191245812591e+02
4.580569106262259425e+02
4.593164856034128434e+02
4.799835294479830736e+02
4.799300155077107206e+02
4.799963977580086976e+02
4.795013122281125675e+02
4.799981517506946034e+02
4.578732969131284563e+02
4.573747058592910548e+02
4.753248888666927314e+02
4.550467472014914279e+02
4.597142639792861587e+02
4.768910083799796098e+02
4.662104299411234365e+02
4.550541533511240573e+02
4.550000440917327751e+02
4.672823306670035777e+02
4.618264671191099069e+02
4.799622247516623474e+02
4.799982268356722557e+02
4.799999996327405825e+02
4.799999999981636734e+02
4.563087615616025801e+02
4.703641159816070854e+02
4.799978710524499093e+02
4.797168553219039495e+02
4.611904589105268428e+02
4.569126795084648620e+02
4.788113754006847103e+02
4.677372160977865860e+02
4.550003735212617357e+02
4.552151000050939160e+02
4.731233348657224269e+02
4.726558297147381609e+02
4.591401214131694815e+02
4.799561785789147166e+02
4.636529876030963351e+02
4.617937730762383808e+02
4.709184790872346298e+02
4.732582897132680841e+02
4.700068775885904415e+02
4.667131605776072547e+02
4.746845801054597018e+02
4.639221256381487137e+02
4.720366698643298378e+02
4.583892370444079916e+02
4.779487742645683284e+02
4.788188081785808095e+02
4.799998133505976057e+02
4.550004642660694572e+02
4.799988719107406610e+02
4.799946936736117777e+02
4.550195367695070559e+02
4.799954936542882820e+02
4.567432851717280187e+02
4.582392210037471614e+02
4.554430224519193757e+02
4.550463284897723497e+02
4.799882424674601111e+02
4.744752518663417504e+02
4.550012268524181991e+02
4.759453583805068888e+02
4.550074330088776264e+02
4.550003922557069131e+02
4.611436266356159308e+02
4.550141220684125187e+02
