5.334244504155597042e+02
5.341559767255056386e+02
5.346058372226528945e+02
5.350155424664828843e+02
5.353623881008459193e+02
5.356523895272115396e+02
5.359724231863871182e+02
5.362444201124441179e+02
5.364669550562097129e+02
5.367914409015256751e+02
5.368153393115668450e+02
5.369832428202300889e+02
5.369761202635683048e+02
5.373074586150931964e+02
5.371846542542896259e+02
5.371945629954194601e+02
5.374939355890022625e+02
5.374119219117528701e+02
5.376179376727326371e+02
5.378492724859987675e+02
5.378782594475178485e+02
5.378672073658466388e+02
5.380848837874534638e+02
5.381652289193240222e+02
5.383633338963408050e+02
5.383645909333084774e+02
5.384549698026474971e+02
5.386963488284401365e+02
5.386514674544222316e+02
5.388135946681811674e+02
5.389335062833172287e+02
5.389403795425786257e+02
5.389381116790608530e+02
5.391951654530867017e+02
5.390659922974284655e+02
5.393447071776455459e+02
5.394456934564627772e+02
5.394568634468215578e+02
5.394202025576973938e+02
5.395878445518745821e+02
5.397079809903868863e+02
5.396528352863491591e+02
5.400248985843174978e+02
5.401024450416773561e+02
5.400914820912665846e+02
5.400567740399911827e+02
5.404423206354448439e+02
5.404938075076962605e+02
5.410056312017038636e+02
5.428669535555318362e+02
5.410417593652837240e+02
5.413202672781329738e+02
5.413927623031042913e+02
5.416051000771101371e+02
5.417498023608460471e+02
5.414599122717365844e+02
5.418570288363088139e+02
5.418306390369441488e+02
5.416310980181657442e+02
5.420150749478284524e+02
5.420650124641271077e+02
5.424308178675978525e+02
5.421547746311040328e+02
5.421446081161368511e+02
5.425059532519005643e+02
5.429424383151421125e+02
5.429933333606726364e+02
5.426588936260245646e+02
5.434915123373580172e+02
5.435843675951541627e+02
5.439580481215020882e+02
5.436613580777203651e+02
5.442337345666285273e+02
5.443842918267379218e+02
5.444040447317045164e+02
5.444119663041648209e+02
5.442795293304607185e+02
5.449602666048555193e+02
5.451124878119085224e+02
5.448985621615487389e+02
5.456671282882275591e+02
5.453169179675321629e+02
5.453387791770213653e+02
5.456968371598363774e+02
