5.034475685499895121e+02
5.038250103565760583e+02
5.040613372861066637e+02
5.042575694407988749e+02
5.044114814410874601e+02
5.045398664015481813e+02
5.046313098562944788e+02
5.047460138757665504e+02
5.048478190413402444e+02
5.050092454880314108e+02
5.050193950312297488e+02
5.050692468548829197e+02
5.050802468025539156e+02
5.052366204913899992e+02
5.051692176383466517e+02
5.051727319625014161e+02
5.053131825132548443e+02
5.052404463313754377e+02
5.053015041683864297e+02
5.054290403940623264e+02
5.054269933702402682e+02
5.054175550536986634e+02
5.055352351956108237e+02
5.055632051101986804e+02
5.056198299239474068e+02
5.055854285738947169e+02
5.056923152054004049e+02
5.058122279637972269e+02
5.058010295897432798e+02
5.058979968803956240e+02
5.058987680440520194e+02
5.059445069781486382e+02
5.058986658794743789e+02
5.060048251792998144e+02
5.059330063629166148e+02
5.060654650202266112e+02
5.060432945080089553e+02
5.061300877779515304e+02
5.060336674378094699e+02
5.061385151131939324e+02
5.061684015580146365e+02
5.061442390085592251e+02
5.063224018099085697e+02
5.063293436338986453e+02
5.063438603031220282e+02
5.062925426009863941e+02
5.065032209882750180e+02
5.064564583406158818e+02
5.067688629070202637e+02
5.085320771970961573e+02
5.061354167342528285e+02
5.062605378994177272e+02
5.063429464906653266e+02
5.064127412726805915e+02
5.064717191555885165e+02
5.063285920207109143e+02
5.065131690747567745e+02
5.064606088705993443e+02
5.063601037823498814e+02
5.065507525824426125e+02
5.065900881733787173e+02
5.067700728574686764e+02
5.066395488466458801e+02
5.066239655914396280e+02
5.067283453941113862e+02
5.069873149694367385e+02
5.070194894591583079e+02
5.068763940349296604e+02
5.072794299582455437e+02
5.073356590999807167e+02
5.074574201805114058e+02
5.073198153852749215e+02
5.075373668270707981e+02
5.076636072071269155e+02
5.076901486696779102e+02
5.076820918314840014e+02
5.076725881328074479e+02
5.079428018259711166e+02
5.080529959775199131e+02
5.079640517645420346e+02
5.083262769500555009e+02
5.080855960531115443e+02
5.081706399718732428e+02
5.083195213456983765e+02
