4.356017285279656193e+01
4.468423134728939061e+01
4.532389020614803599e+01
4.598658502824297045e+01
4.658775939932933596e+01
4.710244742799218898e+01
4.763839198096108873e+01
4.803190447188267598e+01
4.831938033800135202e+01
4.895852221429406370e+01
4.906600147328458661e+01
4.928784829378002996e+01
4.937985025018308960e+01
4.991292656745489609e+01
4.975639477641268371e+01
4.975543844639646096e+01
5.024324658686114731e+01
5.023232961534642271e+01
5.045222972077110768e+01
5.094281282511430931e+01
5.087996363324593574e+01
5.089394228977508305e+01
5.137776917644680452e+01
5.147554064530781659e+01
5.180963881773925550e+01
5.163140118596159311e+01
5.194965504111907961e+01
5.249990943330602988e+01
5.247533678609181607e+01
5.281134834465404992e+01
5.284936511052293184e+01
5.288468230721041152e+01
5.295315799860686923e+01
5.340764262188024958e+01
5.322158278939738807e+01
5.371336311761131554e+01
5.374345100268136832e+01
5.386695427444861650e+01
5.382297278836966825e+01
5.413278426398416343e+01
5.405315512645275078e+01
5.403435854534588145e+01
5.473181218617092725e+01
5.482182286304163199e+01
5.490093308653727888e+01
5.493954984245461048e+01
5.573272619023222774e+01
5.559917903085231217e+01
5.661261242113587855e+01
5.724788730976570150e+01
5.667335859003883769e+01
5.709614557799280732e+01
5.726906302331542520e+01
5.750780829799493432e+01
5.781776435763614330e+01
5.730138673848814790e+01
5.808188739396711497e+01
5.783071344378170409e+01
5.755620200018336874e+01
5.826036135289920992e+01
5.823667369351016987e+01
5.898385004076850890e+01
5.859731951069921507e+01
5.854868396880018366e+01
5.912797547128163700e+01
5.996538308840815290e+01
6.001456072475698278e+01
5.953297931793822784e+01
6.085328646830489419e+01
6.105308127142555463e+01
6.145641593208483755e+01
6.113216316273800999e+01
6.204890246926832020e+01
6.226494120536955279e+01
6.214270949913949948e+01
6.229213584687090588e+01
6.212093834403830073e+01
6.300452287189425959e+01
6.342369510764950746e+01
6.300258308978027344e+01
6.411177169525453223e+01
6.363417336127840684e+01
6.362402668275584716e+01
6.414579807108827936e+01
