1.803248576169421469e+01
1.714935950156233346e+01
1.660631242406991248e+01
1.601456850983055702e+01
1.597538730988048172e+01
1.572000158939967385e+01
1.552372118399193823e+01
1.527615116988332211e+01
1.518862170035179382e+01
1.458641691889736158e+01
1.932285994990387934e+01
9.302171358979581584e+00
9.323217384706754984e+00
1.005987995171278460e+00
1.008264175329294687e+00
5.974099361052938661e+01
5.990324153596378665e+01
1.072290361364661493e+00
1.000623270635710549e+00
1.294999999999996376e+00
2.238171903826474107e+01
1.447846731154774469e+00
5.999852499999998656e+01
1.295000000000001705e+00
3.234868541222802918e+01
5.970499999999999829e+01
5.970499999999999829e+01
5.991491530470482019e+01
4.904907799191142459e+01
5.994154463082404760e+01
1.171822294344067927e+00
5.995286056017063459e+01
3.629255015079586144e+01
5.770983095936983176e+01
5.970499999999999829e+01
1.127120378432351799e+00
5.999812285195719852e+01
5.307342970664468140e+01
5.996827448758464385e+01
5.999925573816024382e+01
1.044832195191062851e+00
1.097407387785551691e+00
2.521228150896419606e+01
1.295000000000005258e+00
5.977615144081664056e+01
5.970647499999999752e+01
1.056276015813345737e+00
1.295000000000008811e+00
6.946280335488571822e+00
5.970499999999999829e+01
1.031298027379762061e+00
1.087144170098120810e+00
5.996349816479111894e+01
1.221386660224138687e+01
5.995706785236989589e+01
5.996037319095881912e+01
5.995120365333680468e+01
5.996537378915369487e+01
5.987106016051455981e+01
5.993775395648615500e+01
1.056852332113351167e+00
5.993946652553694321e+01
1.049734063027969455e+00
5.999590265090098029e+01
5.991684975966015969e+01
5.994658284032463058e+01
4.456951210296002053e+00
5.654434895835367314e+01
4.453940838653613099e+01
4.549531866603835795e+00
5.970647500000000463e+01
5.614684766036764074e+01
5.970499999999999829e+01
5.989455208730991842e+01
1.115163347671604299e+00
2.919979725497528378e+01
3.853021755449847774e+01
1.295000000000001705e+00
3.222287259904356915e+01
5.976630595378532718e+01
4.118889672164337767e+00
3.063873094467267411e+00
1.043165634558420152e+00
5.999849404544981724e+01
