8.299496439998033281e+01
8.471911734001857042e+01
8.582635882474150435e+01
8.674963230892439014e+01
8.766969550630072661e+01
8.839800909951971164e+01
8.902538387844984413e+01
8.955936106172897837e+01
9.006406252593006911e+01
9.067639323442118382e+01
9.110205218696836482e+01
9.130180239337479975e+01
9.157082393082056626e+01
9.167924766227267241e+01
9.200164088378545557e+01
9.211711605982691253e+01
9.241008874878686186e+01
9.277447405578234907e+01
9.303244333622257045e+01
9.316735073399293299e+01
9.343554135486506595e+01
9.365187955675403941e+01
9.380320177474285970e+01
9.395225352550433229e+01
9.414400303813948767e+01
9.456968040085520499e+01
9.431501948361002974e+01
9.471876357453362516e+01
9.471353870167267530e+01
9.498601061345580376e+01
9.500291652128248643e+01
9.511554106764364747e+01
9.512489652505801985e+01
9.521338973155037877e+01
9.560047197652085060e+01
9.575898615491870203e+01
9.567594019638201530e+01
9.571796836934363739e+01
9.604988134324410964e+01
9.610167906606407939e+01
9.595308461813408485e+01
9.614558565988912164e+01
9.607455389300963589e+01
9.619838230181473193e+01
9.634246286168371398e+01
9.642805038321186828e+01
9.633212100334618810e+01
9.631400993819485734e+01
9.606531069709410531e+01
8.965988619662229553e+01
1.005705483404520777e+02
1.004668011224788700e+02
1.005028611241721990e+02
1.001523480687742875e+02
1.001836275049503229e+02
1.005338598727310426e+02
1.002827838339927098e+02
1.001505241417522427e+02
1.004695467629122021e+02
1.001637274979321859e+02
1.000716811130803308e+02
9.973357766466031649e+01
1.000021256020280020e+02
1.000276482545408783e+02
9.964030316965808254e+01
9.931272997045596185e+01
9.935116663142180471e+01
9.963653825530700203e+01
9.874551945003068454e+01
9.870968516448617436e+01
9.829205084920717184e+01
9.869196694189153618e+01
9.846480261996323691e+01
9.792237525958788069e+01
9.769214036795952438e+01
9.756332815022022942e+01
9.783791196005891777e+01
9.683635807963243280e+01
9.695988842226704207e+01
9.704859479325344296e+01
9.598291596601519871e+01
9.633022625134928774e+01
9.628544879960629999e+01
9.576911751565806696e+01
