-1.468703324787002662e-01
-1.500213782528116435e-01
-1.529870228526853948e-01
-1.554197917513278904e-01
-1.587406604223275397e-01
-1.609318742217020204e-01
-1.633562325006945593e-01
-1.652517023711217448e-01
-1.668346419624454069e-01
-1.687308015449817122e-01
-1.703461686411123499e-01
-1.710534570312899905e-01
-1.717772897525970677e-01
-1.718949666882026439e-01
-1.729683904392032012e-01
-1.732329545266726167e-01
-1.737434630724939699e-01
-1.752508024486638394e-01
-1.753922354064112454e-01
-1.749970165896251595e-01
-1.766485434447275515e-01
-1.768462730463109533e-01
-1.773791486845147647e-01
-1.775526070498198716e-01
-1.783798475623710467e-01
-1.807237727771699720e-01
-1.791927070368061758e-01
-1.795517102023560796e-01
-1.795837089812555576e-01
-1.807131187989812204e-01
-1.811913972688207197e-01
-1.807347603785960100e-01
-1.806409398816130607e-01
-1.807647583962485871e-01
-1.818616552477294868e-01
-1.826654410595825173e-01
-1.823000782882524262e-01
-1.823749248241958443e-01
-1.839496846654386508e-01
-1.837431963728179685e-01
-1.834414491534002989e-01
-1.842946921111424385e-01
-1.836296983311465902e-01
-1.838506760498563875e-01
-1.838637402885651140e-01
-1.839380936955734291e-01
-1.842961698737430043e-01
-1.841440804802402798e-01
-1.825633122360663108e-01
-1.619794964975174445e-01
-2.003589060607244565e-01
-2.001269749363743244e-01
-1.997995199154531942e-01
-1.986085630548815872e-01
-1.984646253608858546e-01
-1.997233133476728761e-01
-1.987517621211467578e-01
-1.978186602146439765e-01
-1.990696452415757767e-01
-1.976245425601988182e-01
-1.977116428811307725e-01
-1.957139563523637160e-01
-1.967689681596330176e-01
-1.965158224522040586e-01
-1.952765053528168759e-01
-1.942628928391283427e-01
-1.943730607114609044e-01
-1.957488474572263160e-01
-1.922227530662934114e-01
-1.923251175604824836e-01
-1.915025317247749104e-01
-1.929119319921585307e-01
-1.918550572166071444e-01
-1.900377380261062121e-01
-1.889766598175335599e-01
-1.885364685860396738e-01
-1.888801482935838771e-01
-1.858252682776286024e-01
-1.865164564675536041e-01
-1.868579167855554113e-01
-1.829500140324392954e-01
-1.843449587180698568e-01
-1.839176337862945543e-01
-1.822719551215730427e-01
