4.799999998877551093e+02
4.799999999998799467e+02
4.799999999999984652e+02
4.799999999991854907e+02
4.798815384534673285e+02
4.667614604673917711e+02
4.799465259283375076e+02
4.798743234141385869e+02
4.799117248111693357e+02
4.791446050340768466e+02
4.798750000000000000e+02
4.799994905934177609e+02
4.577687104374520004e+02
4.550468754843058719e+02
4.567594787085489543e+02
4.669550806303647619e+02
4.608815619672692492e+02
4.733431630238799244e+02
4.799299417701741390e+02
4.621457697201281576e+02
4.796817978496330852e+02
4.550295543424728635e+02
4.772757636073475851e+02
4.799729387165499475e+02
4.565851685903572843e+02
4.762328755373637250e+02
4.661601651242716002e+02
4.799999991813028828e+02
4.799999999330193532e+02
4.725789298571295376e+02
4.566585917041629159e+02
4.798292022180484082e+02
4.550501119030672612e+02
4.550067557792005459e+02
4.751398296477386793e+02
4.557871578654582549e+02
4.550001258141246012e+02
4.550968513463344607e+02
4.554847003328922028e+02
4.626699639641731778e+02
4.620141587083366517e+02
4.799602408163903533e+02
4.554411049049577400e+02
4.623023140631733554e+02
4.611913810348675611e+02
4.636537316744970667e+02
4.774479265120264131e+02
4.586836418199985701e+02
4.714308539639617379e+02
4.799995579193551976e+02
4.752867752716580299e+02
4.799860492920923321e+02
4.709513127568574191e+02
4.730982165752778315e+02
4.692630340755628708e+02
4.799927741215281571e+02
4.799999999817536604e+02
4.586173538069548385e+02
4.799689315873204691e+02
4.550137579621089685e+02
4.798750000000000000e+02
4.673867449597993300e+02
4.664960285604175283e+02
4.633516458684650843e+02
4.674799120724256909e+02
4.659568548740402889e+02
4.771237464582970347e+02
4.678577910074022270e+02
4.562278476045902948e+02
4.799783204962075160e+02
4.552462499309690429e+02
4.625359865746174819e+02
4.565387479474698580e+02
4.680072034464327544e+02
4.550060714032578630e+02
4.724817919790149290e+02
4.647401856831591545e+02
4.718652760452956727e+02
4.550002589856881627e+02
4.550052551488250856e+02
4.564503197076727474e+02
4.767798665808637679e+02
4.701163997115470465e+02
4.550277178670830835e+02
