5.334241385702470097e+02
5.340113874782363155e+02
5.343448574448705131e+02
5.347888549330965589e+02
5.353366201922135588e+02
5.353659579552520427e+02
5.356252496058218640e+02
5.358143745745795741e+02
5.360800208204973387e+02
5.363159410492714869e+02
5.363321332149821501e+02
5.365700900649865162e+02
5.368384705846997349e+02
5.366670648481648414e+02
5.370511071004049199e+02
5.371444584362900514e+02
5.372933972062431849e+02
5.374766669621194524e+02
5.374444081878789348e+02
5.376948233499465459e+02
5.377363456083900246e+02
5.375964707815041947e+02
5.379872607656909622e+02
5.377255753951926636e+02
5.381847072222986981e+02
5.382351911964154851e+02
5.383421736278173739e+02
5.382624354518470682e+02
5.384362818493081022e+02
5.383273766818717831e+02
5.384869404500531118e+02
5.390735471860147072e+02
5.399075026210072110e+02
5.389797119988157874e+02
5.392812893663666500e+02
5.391657602233464104e+02
5.394425663241189568e+02
5.397578918437984612e+02
5.396191312214632489e+02
5.398959661697676893e+02
5.399520272905663205e+02
5.393977077542351708e+02
5.404411630039292049e+02
5.404236149802675300e+02
5.410067740788554147e+02
5.400926231729177971e+02
5.405123607908693657e+02
5.410491617237313449e+02
5.403581682719548098e+02
5.425490089404202081e+02
5.403450717961462715e+02
5.401002215012667875e+02
5.399417279711184392e+02
5.401814920281993864e+02
5.407071162384849004e+02
5.404527087510624597e+02
5.405588374559256408e+02
5.405705524481041948e+02
5.410207697104730187e+02
5.415425262815301721e+02
5.406081536331691950e+02
5.407964318581529142e+02
5.412219532344404342e+02
5.411942658702308790e+02
5.413741826366079977e+02
5.422334943137932441e+02
5.406316325880032991e+02
5.414171177486297211e+02
5.414431577348259452e+02
5.419923642294478441e+02
5.414090932225844881e+02
5.418967053880097637e+02
5.420086915900712938e+02
5.414690728924890664e+02
5.416371101828823384e+02
5.427461757919717229e+02
5.432001396783090286e+02
5.420255377805082162e+02
5.423504765339400819e+02
5.436309982806693597e+02
5.427577873809647144e+02
5.433085242051633941e+02
5.433281130337995819e+02
5.428598271179387211e+02
