5.034474286437810520e+02
5.038411650905846955e+02
5.041692302857837262e+02
5.044199777492577255e+02
5.047670118071023353e+02
5.048917274786179519e+02
5.051232116888725159e+02
5.052854721520075145e+02
5.055080245887465367e+02
5.056451664059183599e+02
5.056616711164364233e+02
5.058641224812159862e+02
5.060599831483899038e+02
5.059951673779968928e+02
5.062213213914997141e+02
5.062756737400135307e+02
5.064493698451111641e+02
5.065113865953917411e+02
5.065830574326477063e+02
5.067390738690367016e+02
5.067344328032784802e+02
5.066603470106302325e+02
5.068684013392959855e+02
5.068062845908312966e+02
5.071810287376954989e+02
5.071492439686962825e+02
5.072886023782574512e+02
5.073041898057766730e+02
5.073148645500174325e+02
5.073339156874498599e+02
5.072705502957704766e+02
5.076987638755077796e+02
5.083650595815219049e+02
5.077677370998544006e+02
5.080347114113043858e+02
5.078595563158593222e+02
5.081347060417838293e+02
5.082558226699507600e+02
5.081501348364799355e+02
5.084157531794168108e+02
5.084467313800008128e+02
5.080765197931737589e+02
5.086416499407229139e+02
5.088903521228787667e+02
5.091150640697240419e+02
5.086011128617093959e+02
5.087631631049322891e+02
5.091330415119073791e+02
5.085510217231141610e+02
5.103014047860316964e+02
5.084572945968134263e+02
5.084736022851035955e+02
5.083504099639687297e+02
5.084911630811300824e+02
5.088646099978456050e+02
5.087268398452322344e+02
5.087578292959917121e+02
5.086957791417903536e+02
5.089501454442669797e+02
5.092482265951638283e+02
5.087629613198939751e+02
5.088394935493968774e+02
5.091339520278556847e+02
5.089961688438652345e+02
5.094208304285219242e+02
5.098098709704544831e+02
5.087116576945999213e+02
5.092767944587951661e+02
5.093299965461266083e+02
5.095482315431296456e+02
5.092624051100658562e+02
5.094178622050234253e+02
5.096410688672717697e+02
5.092968176387510653e+02
5.093348747521996529e+02
5.100855894257044838e+02
5.106361926278862029e+02
5.098665377594844585e+02
5.098095566498310518e+02
5.107489019627386710e+02
5.103725130568344639e+02
5.104529060048168958e+02
5.103693096953837198e+02
5.101594906964558618e+02
