5.623437086989933675e+01
5.627971415131117539e+01
5.492556163345894760e+01
5.359589737559817735e+01
5.502488719293649666e+01
5.382607374483497864e+01
5.198614127320148981e+01
4.808778691550865858e+01
4.666049304838371370e+01
4.698653496891989789e+01
4.524541433039270544e+01
4.777062893297969026e+01
4.555319578862928864e+01
4.614487314620374292e+01
4.356546840995392245e+01
4.372606764748730512e+01
4.533242869505939865e+01
4.527252033867629422e+01
4.056083473465438516e+01
4.488522239454845675e+01
4.256291248951796291e+01
4.372907826511835339e+01
4.107588268993848857e+01
4.315077327537152740e+01
3.987025896153531335e+01
4.140511725050134118e+01
3.960444212595166391e+01
3.786155552782653899e+01
3.906132222615057259e+01
4.044710805304799095e+01
4.089789456198393935e+01
4.135126403318091803e+01
4.059567199591746345e+01
4.010635738647832937e+01
3.902465099547040950e+01
4.011198996659219773e+01
3.739950486975916277e+01
3.936937026031429809e+01
3.652664547479092505e+01
4.000062132316039509e+01
3.640531454970081171e+01
3.936319964047513054e+01
4.355236228383698460e+01
4.290598153555465188e+01
3.994470954066855484e+01
4.183583329821968277e+01
4.563298294120811960e+01
4.108415204333429216e+01
3.669830406240098597e+01
4.344312283697990296e+01
3.902184300749396328e+01
3.461673863186500455e+01
3.846622038135382837e+01
3.839908189533387883e+01
4.121798019322246631e+01
4.163254713731218004e+01
3.594273280936199910e+01
4.018244082992956834e+01
3.673447217918489116e+01
4.077003071993763683e+01
3.805680915371458894e+01
3.643064159410312186e+01
3.629560811826840450e+01
3.166449459108495645e+01
3.988373028376451401e+01
3.905519153019918832e+01
3.833182995199926069e+01
3.737004700134920654e+01
3.904558886954324493e+01
4.104458657115145570e+01
3.521064287930419567e+01
3.363040203550114171e+01
4.051513275748337861e+01
2.939591790324356069e+01
4.440054588260010604e+01
3.850403237054499073e+01
3.800231659543552354e+01
4.168248177705162050e+01
3.414282351443221586e+01
4.657176292295272901e+01
3.887948175300567044e+01
3.442693368063346782e+01
4.329797403355072305e+01
3.530443951001734604e+01
