3.177772369509630579e+01
3.484207220345719946e+01
3.536173168530809363e+01
3.747992111656458292e+01
3.741497873505895910e+01
4.253811098763738130e+01
4.339802537047587805e+01
4.889546196044950932e+01
5.423369703286856236e+01
5.053764075919939103e+01
5.593669174858098359e+01
5.299425952048594723e+01
5.580725089021190399e+01
5.732248707460704651e+01
5.879468615060225289e+01
5.896628303286246364e+01
5.941316236057015487e+01
5.978363557015890706e+01
6.810734645489856121e+01
6.279581061874182524e+01
6.987370972039336436e+01
6.380402218776085732e+01
7.129981973430363951e+01
6.695965464560653402e+01
7.088222186892029697e+01
6.358033736081001308e+01
6.825103483161862528e+01
7.568019218258706360e+01
7.956128712734320629e+01
6.982678670786224018e+01
7.266111305548548671e+01
7.167137636165784897e+01
7.245558038158705472e+01
7.724810840815483459e+01
7.833451336391814834e+01
8.156286639416742901e+01
7.532786931844145784e+01
7.646018963695773607e+01
8.187038260748698804e+01
8.732339309293597296e+01
8.687977813279425732e+01
8.509496873369242564e+01
8.035446897880299844e+01
8.069230077718289351e+01
8.004025082606266039e+01
8.692496343784135604e+01
8.475142450555014761e+01
7.762941704153365663e+01
8.542906718565059521e+01
8.191565042491470194e+01
8.520258914028595143e+01
8.911737261417114553e+01
8.216787190553114328e+01
8.805211275677025640e+01
8.496163753767812921e+01
8.894256899506964942e+01
9.005976850118443622e+01
8.375928398158781363e+01
8.337584060950858600e+01
7.730978737587319927e+01
8.724332621604034443e+01
8.488133295676175294e+01
8.305083597611276502e+01
8.630216457342048386e+01
8.628631680986531194e+01
7.447494165220820150e+01
9.290721427554885281e+01
8.754838460421009927e+01
8.867582622001511083e+01
8.853507167554887758e+01
8.260591446792385284e+01
8.196748553258058223e+01
8.565407611605309057e+01
8.676577231639177512e+01
9.277229087507980410e+01
8.642664801504554362e+01
8.498479815478069099e+01
9.246003454720502646e+01
8.489255130587028475e+01
8.281447283355673505e+01
8.443377334501930420e+01
8.754608283088296616e+01
8.961369180357590380e+01
8.802682842191885015e+01
