5.050972595037773516e+01
4.811404284074685478e+01
4.903892703459178648e+01
4.870564877692292072e+01
4.773070033592094319e+01
4.458493495661711137e+01
4.514643017308092965e+01
4.399667923894162413e+01
4.093638186630481357e+01
4.332548644998228582e+01
4.025192793805430114e+01
4.071058812403246208e+01
4.023520662114056279e+01
3.848102815925847153e+01
3.874069416352995177e+01
3.858770261079671826e+01
3.742751793808989191e+01
3.681611105699114006e+01
3.383185772957023829e+01
3.481994929337255229e+01
3.079471480272596295e+01
3.518476280796823374e+01
3.069027972962522099e+01
3.313742533681348590e+01
3.162373988590852747e+01
3.638573665310695304e+01
3.446549221072280744e+01
2.988195523998902203e+01
2.551309558289199941e+01
3.258313229915172826e+01
3.039574271935374838e+01
3.008073919941471530e+01
3.025231195414996677e+01
2.667731089834667912e+01
2.761035031607619672e+01
2.412837973558949756e+01
3.038172308521315301e+01
2.785002233991659892e+01
2.639539966306210417e+01
1.950749089781306722e+01
2.297279625415688287e+01
2.201291264360251532e+01
2.211072160396578212e+01
2.217993553845851551e+01
2.552816312467753690e+01
1.887865587752155605e+01
1.721217672247913910e+01
2.523325399979245631e+01
2.398545941832389872e+01
2.041897912224699496e+01
2.262991451450428215e+01
2.254433290284051594e+01
2.458998581744579326e+01
2.087905914730615820e+01
2.048539179634358476e+01
1.756059749580721885e+01
1.992806208109429988e+01
2.266555428850339382e+01
2.645759673689669711e+01
2.659493578844339723e+01
2.096975667936940368e+01
2.351439008441992584e+01
2.524968414701970687e+01
2.750509988559295849e+01
2.073134168915242626e+01
3.068863901354026069e+01
1.824957169268335022e+01
2.255254236624040232e+01
1.940580397420599112e+01
1.787721638797623314e+01
2.742329979878063639e+01
2.886496020550919894e+01
2.063778488434983416e+01
2.735679357213885510e+01
1.329824630496114501e+01
2.165454629032078770e+01
2.278255627538192130e+01
1.562065824314571927e+01
2.557247608378505532e+01
1.755415815923478107e+01
2.211282060763262791e+01
2.365062319152881187e+01
1.603865838832291502e+01
2.258819399217156842e+01
