1.039663028978805670e+02
1.115398188218582050e+02
1.172613126218494557e+02
1.215825554561479436e+02
1.259285023413725497e+02
1.295329956797111493e+02
1.317512647577177063e+02
1.332336516474544794e+02
1.347680990257043163e+02
1.359226414031578543e+02
1.374014149691805642e+02
1.382567344966977601e+02
1.394498238281061901e+02
1.393371259610733830e+02
1.406283205437041772e+02
1.415616177206518671e+02
1.416146198457252012e+02
1.431621572375943572e+02
1.439329962461476953e+02
1.441614116614875627e+02
1.452668768423433221e+02
1.460116876399638670e+02
1.462913358133507984e+02
1.473703616898907001e+02
1.475690629350450536e+02
1.491328192706115487e+02
1.487506474266225212e+02
1.494963649420533613e+02
1.499683998562461795e+02
1.499683999999477351e+02
1.499683999999830348e+02
1.499683999999825801e+02
1.499683999999902255e+02
1.499683999999907371e+02
1.499683999999988373e+02
1.499683999999963930e+02
1.499683999999977004e+02
1.499683999999982973e+02
1.499683999999999173e+02
1.499683999999996331e+02
1.499683999999998036e+02
1.499683999999997752e+02
1.499683999999995763e+02
1.499683999999998321e+02
1.499683999999996331e+02
1.499683999999997468e+02
1.499683999999992068e+02
1.499683999999992636e+02
1.499683999999962509e+02
1.499683999999997468e+02
1.499683999999999742e+02
1.499683999999998889e+02
1.499683999999999742e+02
1.499683999999999742e+02
1.499683999999999742e+02
1.499683999999999742e+02
1.499683999999999742e+02
1.499683999999999742e+02
1.499683999999999742e+02
1.499683999999999742e+02
1.499683999999999742e+02
1.499683999999999742e+02
1.499683999999999742e+02
1.499683999999999742e+02
1.499683999999999742e+02
1.499683999999999742e+02
1.499683999999999742e+02
1.499683999999999742e+02
1.499683999999999457e+02
1.499683999999999457e+02
1.499683999999990363e+02
1.499683999999999173e+02
1.499683999999993773e+02
1.499683999999938635e+02
1.499683999999885202e+02
1.499683999999999742e+02
1.499683999999984394e+02
1.499683999999999742e+02
1.499683999999999742e+02
1.499683999999997468e+02
1.499683999999984678e+02
1.499683999999999742e+02
1.499683999999999742e+02
1.499683999999998605e+02
