4.962738594671770898e+01
4.903626285467211687e+01
4.860426045960469565e+01
4.860865153277126183e+01
4.848694374561952003e+01
4.836575742043728354e+01
4.875661962016085482e+01
4.913024680634718777e+01
4.944989132976629520e+01
5.009192413608213457e+01
5.007766580952032598e+01
5.030803517188234508e+01
5.043340801436885812e+01
5.092078685728699838e+01
5.081671167404761746e+01
5.084803441390746315e+01
5.133628298710563342e+01
5.136656261829423187e+01
5.150692097881560017e+01
5.204277791439303513e+01
5.194386901000438428e+01
5.200705739063721467e+01
5.248523701808009889e+01
5.248928516795447052e+01
5.285656358880931549e+01
5.269042683030485819e+01
5.304420075813082036e+01
5.350179185327524323e+01
5.348059883977988704e+01
5.409292381815265571e+01
5.424930395873963818e+01
5.429663897405386308e+01
5.445195458404706557e+01
5.492265137670136710e+01
5.517127005828972131e+01
5.560377141753161823e+01
5.567781608858212650e+01
5.573147722695202333e+01
5.616698771662987610e+01
5.657289696388066602e+01
5.642804848212645652e+01
5.650117297309212461e+01
5.709667191861797875e+01
5.737720641590447457e+01
5.741516726406803883e+01
5.767296751681116973e+01
5.820166765117739516e+01
5.816797473326170831e+01
5.872117688635575661e+01
5.599654518140814474e+01
6.199301754239288442e+01
6.229110309534720358e+01
6.243345821479267954e+01
6.238916789390810180e+01
6.264374407267383305e+01
6.271550977530387172e+01
6.311563290850769192e+01
6.286773304326257517e+01
6.297430291427066607e+01
6.326199026568763628e+01
6.321307055285829080e+01
6.360520611043737915e+01
6.366453862394542540e+01
6.367480504768323613e+01
6.385849337181780072e+01
6.433186799202867689e+01
6.442463838446123248e+01
6.421369298196243847e+01
6.473794138505985529e+01
6.494747931892906934e+01
6.496195663225837791e+01
6.502828671876110889e+01
6.576466081342083214e+01
6.552399981120187533e+01
6.528240701365834298e+01
6.533932573976635183e+01
6.543805867348540062e+01
6.557161086897454538e+01
6.582616358787602451e+01
6.557160204979271612e+01
6.592277885625608747e+01
6.593121111672688528e+01
6.577539425814515539e+01
6.608045656309360538e+01
