5.193030612128002588e+01
4.883838908687285851e+01
4.657606410740094560e+01
4.535275691198868486e+01
4.403290327872582566e+01
4.290793256943658918e+01
4.292799270881842233e+01
4.311700642926193439e+01
4.325081849952789526e+01
4.401154470837133914e+01
4.350537348992055797e+01
4.364409682561430515e+01
4.345380560173950357e+01
4.420086718067305043e+01
4.363114588503452751e+01
4.342751232245721127e+01
4.428402688336368698e+01
4.373166610887000161e+01
4.391480468731489850e+01
4.460564660132056503e+01
4.422667588838655206e+01
4.412788051468865547e+01
4.466190855186999187e+01
4.427264467636817358e+01
4.487910484914516474e+01
4.444233130043013347e+01
4.471669691417520198e+01
4.521360693511270767e+01
4.488514542423475717e+01
4.584075859237410810e+01
4.599206840055328627e+01
4.592996092094561789e+01
4.605060500521161515e+01
4.682768056987988103e+01
4.699408804944975060e+01
4.777835395664607887e+01
4.794900721104236396e+01
4.778212826039754901e+01
4.852122222995411960e+01
4.900222536554188935e+01
4.905022096399834197e+01
4.891031439301999484e+01
4.976464357007385075e+01
5.026925819419361119e+01
5.017784419402781282e+01
5.047885111069032149e+01
5.111931369622538313e+01
5.113942619283940161e+01
5.185712680111375050e+01
5.090138628266142007e+01
5.150655989196551587e+01
5.202987071581254241e+01
5.218623504932038060e+01
5.201775694211833212e+01
5.239633611721763629e+01
5.251602597226960967e+01
5.306535347422344273e+01
5.269779791790391954e+01
5.267090333967122007e+01
5.308798452190436024e+01
5.303566453322755336e+01
5.346646024356200400e+01
5.349866349722995551e+01
5.344867764444342129e+01
5.367778539451352060e+01
5.418258051224786698e+01
5.440194438763064966e+01
5.385547470434745065e+01
5.460769950618986712e+01
5.486693837959543885e+01
5.499155963449065609e+01
5.498119443447172472e+01
5.611416731823449311e+01
5.550208731018859964e+01
5.514717351029814552e+01
5.483996577269594042e+01
5.501605249668948971e+01
5.510996388513138555e+01
5.530019413539969264e+01
5.496843374120329884e+01
5.527102764185629979e+01
5.538464161873948655e+01
5.507650563062610871e+01
5.544864263429438012e+01
