-1.843167517349788009e-01
-1.909346081961104113e-01
-1.972163781508432523e-01
-2.022288443689738424e-01
-2.080429961633750158e-01
-2.124976169817881233e-01
-2.165852330228145439e-01
-2.195199000155428903e-01
-2.224831569448933177e-01
-2.269107406065085375e-01
-2.280056570009090511e-01
-2.301423882666252252e-01
-2.323261888511249096e-01
-2.332765444329271687e-01
-2.341200103624835049e-01
-2.356658337656855617e-01
-2.375127747040897963e-01
-2.385138867977142363e-01
-2.405530108526923172e-01
-2.424975587363160934e-01
-2.433706427781806292e-01
-2.449817603614042605e-01
-2.463665206949173792e-01
-2.469592083705860197e-01
-2.488046701904597924e-01
-2.513305290127024749e-01
-2.513205500113554480e-01
-2.533073394561075053e-01
-2.535470096116037020e-01
-2.556903890846131677e-01
-2.556067627172758372e-01
-2.547394821066106263e-01
-2.546944867121802569e-01
-2.563996517065684766e-01
-2.560460876255132301e-01
-2.571677501860106796e-01
-2.576723647867789069e-01
-2.573436104274717251e-01
-2.594141846039103028e-01
-2.596139092279796667e-01
-2.597328444325654462e-01
-2.585466949609330212e-01
-2.607240170196840068e-01
-2.617046825343170013e-01
-2.611647160102968379e-01
-2.616912371216765787e-01
-2.631009289768777570e-01
-2.627798453959416802e-01
-2.645108027225397396e-01
-2.518475022058785373e-01
-2.797461345635929852e-01
-2.814567666082733455e-01
-2.809599146562175020e-01
-2.809114346172718601e-01
-2.811768904351045206e-01
-2.813067944259725062e-01
-2.824729980659387296e-01
-2.812801555284109578e-01
-2.806236681625768337e-01
-2.812628732181383096e-01
-2.814538005953969857e-01
-2.821768646255706781e-01
-2.823029877910852581e-01
-2.819590711332415345e-01
-2.822475937648385447e-01
-2.832346109875777951e-01
-2.835056553792704159e-01
-2.822423713024361791e-01
-2.837652892971807006e-01
-2.842460035893644155e-01
-2.848076969194074382e-01
-2.844529072362992905e-01
-2.860032989013685523e-01
-2.849335090515405233e-01
-2.841936625195544686e-01
-2.826468794648995808e-01
-2.832260398679525282e-01
-2.833141952797496588e-01
-2.823439074480444400e-01
-2.826130729590840551e-01
-2.823050310322792189e-01
-2.832206548627571041e-01
-2.823899162101831117e-01
-2.831483377905819609e-01
