8.684972319478100644e+01
8.916879272578000837e+01
9.053588828748917194e+01
9.181556678196835719e+01
9.288998791142138600e+01
9.383154533459499191e+01
9.458682951091060431e+01
9.523865184471007694e+01
9.591529154272066648e+01
9.673184398223693847e+01
9.710674066206307486e+01
9.735908656419275076e+01
9.772429885084778789e+01
9.809515959537843344e+01
9.830581365333041788e+01
9.852579414950010062e+01
9.900848811096582835e+01
9.936438544329898548e+01
9.974738910024827021e+01
1.001608313819046998e+02
1.004221602869035621e+02
1.006577355180619406e+02
1.009672937227178977e+02
1.012480443077362935e+02
1.015701046500973348e+02
1.018982632340447481e+02
1.018440015437068666e+02
1.024745720614689901e+02
1.024001863711868765e+02
1.027616194122532960e+02
1.026116389468385393e+02
1.027037083399944777e+02
1.025972980431628372e+02
1.029108215960191757e+02
1.028435677495036060e+02
1.032507756370002454e+02
1.031594436852857797e+02
1.031625959607223280e+02
1.031501803572131024e+02
1.034213108357225934e+02
1.033582457259329175e+02
1.032656137951618831e+02
1.035733539128322604e+02
1.036198520019697611e+02
1.037117448724250437e+02
1.036522634424896125e+02
1.038670172551177160e+02
1.037765503587214511e+02
1.042398899160751569e+02
1.007040381985907374e+02
1.064808466405365550e+02
1.066180871452949930e+02
1.067462676653249076e+02
1.066363396486197814e+02
1.066925946470121715e+02
1.066679021074442630e+02
1.068386306090600328e+02
1.065459517473836684e+02
1.065047313568175298e+02
1.066727228799459652e+02
1.065422479474686099e+02
1.068105000961713955e+02
1.066338145738639156e+02
1.065595677944812820e+02
1.065656110922954412e+02
1.069128453312778504e+02
1.069044418649346824e+02
1.065489580923477462e+02
1.069550961574233270e+02
1.069692797555007928e+02
1.069457641484614072e+02
1.067342513247931350e+02
1.071290928827197035e+02
1.069944402539100849e+02
1.068086756068934164e+02
1.066451492967291870e+02
1.067757337476460577e+02
1.067328875632262850e+02
1.069098262817210383e+02
1.066069197761037657e+02
1.067600860614481064e+02
1.064448504869971828e+02
1.064552517077213878e+02
1.065607224992813258e+02
