5.046170600000000945e+02
5.046170600000000945e+02
5.046170600009338045e+02
5.046170600004058997e+02
5.046170602359828763e+02
5.046170600104467212e+02
5.046856931452164190e+02
5.048043418926537242e+02
5.049107846882433819e+02
5.050959153119956113e+02
5.051095120701215251e+02
5.051543213426708689e+02
5.051775876563414727e+02
5.053119369920127042e+02
5.052640070131787411e+02
5.052782191718891909e+02
5.054081288713425693e+02
5.053506162613755919e+02
5.053896286005686420e+02
5.055186032217000047e+02
5.055109811231535559e+02
5.055164366210130424e+02
5.056238032190508420e+02
5.056311307394964842e+02
5.056839274964724495e+02
5.056563969964630587e+02
5.057673619283506810e+02
5.058623536365565769e+02
5.058546830452234531e+02
5.060020778327657922e+02
5.060132096877532604e+02
5.060684928299127137e+02
5.060343213877790731e+02
5.061349383225494876e+02
5.061591795719515403e+02
5.062656186814768944e+02
5.062399316715150803e+02
5.063195579983497510e+02
5.063221836022980824e+02
5.064472187329416215e+02
5.064463006190841838e+02
5.064474279191301775e+02
5.065823114425086828e+02
5.066264814181945439e+02
5.066374352046353238e+02
5.066336171268760040e+02
5.067614784639288814e+02
5.067295674584980247e+02
5.069049135983864289e+02
5.076319733981492277e+02
5.070305221900109700e+02
5.071143503879692958e+02
5.071880284470120728e+02
5.071780341242615577e+02
5.072170162286045070e+02
5.072307647791784575e+02
5.073046310392297187e+02
5.072523503809156864e+02
5.072587438485518305e+02
5.073295380672041688e+02
5.073603851651573109e+02
5.074290003045886124e+02
5.074301372229838876e+02
5.074299440239927890e+02
5.074104753960083372e+02
5.075452884923190027e+02
5.075875198445783099e+02
5.075439529653959312e+02
5.076692234832942745e+02
5.077221198408632858e+02
5.077022370761050638e+02
5.076982206103133421e+02
5.078164975973870696e+02
5.077946798574248533e+02
5.077881934559584920e+02
5.077517492789156677e+02
5.078309183880872979e+02
5.078068582469511512e+02
5.078657198836122575e+02
5.078497150704641285e+02
5.078854427083392693e+02
5.078218747328553491e+02
5.078750925537279954e+02
5.078917844933058632e+02
