5.353676759131139988e+02
5.351937161075543372e+02
5.350795396813359730e+02
5.350917399792328979e+02
5.350902614945021014e+02
5.350923810737222084e+02
5.353348819952665281e+02
5.355869212313715479e+02
5.357970742344618884e+02
5.361146168575035063e+02
5.361141489341772512e+02
5.362727435119780921e+02
5.362657412521218703e+02
5.365225099401055786e+02
5.364475214370847880e+02
5.364662966117815586e+02
5.367232679227536210e+02
5.366650963355344857e+02
5.368129995538400863e+02
5.370164882649519313e+02
5.370314317214164248e+02
5.370426445691929302e+02
5.372161624945030098e+02
5.372356836752907157e+02
5.374113966649471195e+02
5.374425873064384405e+02
5.375072319238589671e+02
5.376545181849071469e+02
5.376258856226373837e+02
5.378949573041741132e+02
5.380896382950184034e+02
5.381098868933696622e+02
5.381662534986245419e+02
5.383808483760033141e+02
5.385387418866789631e+02
5.387328884195297860e+02
5.388584989067667266e+02
5.388302397799089931e+02
5.390776788445291459e+02
5.392451032791202579e+02
5.393315252067376377e+02
5.393576861091703449e+02
5.396010114889432998e+02
5.397840756408753577e+02
5.397637956075532202e+02
5.398551490801442014e+02
5.400211330823357230e+02
5.401457871004899971e+02
5.402706699116724849e+02
5.398530570280998973e+02
5.423650875657012875e+02
5.425371456326065527e+02
5.425776604165413346e+02
5.425992429465866280e+02
5.427038441411057192e+02
5.427799786162388500e+02
5.428981957613466420e+02
5.429054744348148915e+02
5.429558239652235443e+02
5.430425092459803409e+02
5.430756082960990625e+02
5.431430872920309412e+02
5.431773429032696185e+02
5.432083960802664251e+02
5.432875526600041667e+02
5.433926865788077976e+02
5.434714502495694433e+02
5.433976883717880355e+02
5.435393436432881344e+02
5.436120698919469305e+02
5.436891860060849240e+02
5.437203175662294825e+02
5.440495794164775134e+02
5.438628672957946719e+02
5.438141820846324208e+02
5.437665449473303170e+02
5.438145511865548087e+02
5.438571115991455827e+02
5.438896852229460137e+02
5.438631134772929272e+02
5.439058502094201231e+02
5.439852077305986313e+02
5.439187697339796159e+02
5.439938748130961130e+02
