5.475110081093779399e+02
5.481576997328240850e+02
5.492682342758974983e+02
5.500828084488830427e+02
5.503380946058500740e+02
5.509014435371815352e+02
5.517793877983839366e+02
5.531556264561783109e+02
5.535568491852322950e+02
5.541525435408871090e+02
5.543424918148225515e+02
5.539633575921233160e+02
5.546302640302377540e+02
5.544846262102349783e+02
5.552849787499658305e+02
5.553515328502910506e+02
5.548441958834366687e+02
5.549551354296601176e+02
5.564199619264433068e+02
5.552042331739074825e+02
5.557859550297256419e+02
5.557005948794122787e+02
5.563780425090368453e+02
5.562265703037411413e+02
5.569384029441351913e+02
5.570656544347272074e+02
5.575237549040231215e+02
5.578930673239811995e+02
5.570818066442246845e+02
5.574865399472964782e+02
5.572014992749840303e+02
5.571671275721205348e+02
5.575478668663696453e+02
5.571209691932853048e+02
5.581119764924733317e+02
5.572410676292648759e+02
5.588886073535293235e+02
5.580197312470099860e+02
5.588138133084722767e+02
5.577857021333658167e+02
5.588489235927723939e+02
5.579016032860483847e+02
5.567010496670301336e+02
5.571437035711406907e+02
5.581577707095626693e+02
5.570999975440330445e+02
5.562403806744185886e+02
5.581726506738534681e+02
5.591090668643674917e+02
5.582538909374753757e+02
5.580069645759783725e+02
5.595253369392941067e+02
5.585399015111644303e+02
5.582916729906152113e+02
5.574791403878732581e+02
5.570739294895385001e+02
5.592143151393649987e+02
5.581504534237004691e+02
5.595801211710821690e+02
5.583880112922716989e+02
5.586537866497254754e+02
5.594970532975779633e+02
5.599378135245119665e+02
5.613465291360196261e+02
5.585183707772783919e+02
5.595810069410517826e+02
5.591101108609418588e+02
5.597139185231867486e+02
5.592383177988093621e+02
5.584662169517018810e+02
5.610373750970936726e+02
5.615558456878087554e+02
5.589902623128372170e+02
5.632353517229430508e+02
5.573255564607175074e+02
5.599116980466546920e+02
5.606003176608904823e+02
5.587435712316604395e+02
5.617533721441202488e+02
5.575795431958451900e+02
5.601961010875162401e+02
5.615570346180085153e+02
5.587962459409703797e+02
5.612132520781924541e+02
