5.015991858880616974e+02
5.016554922249810602e+02
5.021452647216663649e+02
5.023522316295726000e+02
5.023877931270328077e+02
5.021419948260241313e+02
5.024573913065252100e+02
5.025702379235611943e+02
5.024272461705763817e+02
5.027205918260744397e+02
5.025470650811679434e+02
5.026610717995904452e+02
5.028428751196206008e+02
5.025602832882325401e+02
5.028163113426900281e+02
5.028845888758347087e+02
5.027962800704979145e+02
5.026190876971156740e+02
5.025411665950001634e+02
5.026408037314169519e+02
5.021599520921912472e+02
5.027800361499524797e+02
5.023759656361086172e+02
5.026496509268144450e+02
5.026898417188784265e+02
5.031979412268207739e+02
5.032300788615875149e+02
5.027725481424678264e+02
5.021501426651570341e+02
5.031025676627447751e+02
5.028606771254243313e+02
5.029359591770137854e+02
5.032141167557925883e+02
5.027764306181496181e+02
5.030986622630844636e+02
5.025538663939426556e+02
5.034974399194584294e+02
5.029828648278231640e+02
5.031686479730677775e+02
5.019956341786685812e+02
5.029666085658808470e+02
5.024749858451376667e+02
5.026700527151302254e+02
5.027221453962258693e+02
5.034134257404007258e+02
5.024617700844309525e+02
5.018694468067361640e+02
5.031487459666250288e+02
5.033696374058186507e+02
5.037669813215681529e+02
5.028020508949731493e+02
5.029808436648141310e+02
5.029779068309405261e+02
5.026509523654536906e+02
5.024258055364384177e+02
5.022926197127390537e+02
5.026190656280170401e+02
5.029500797472325644e+02
5.039225062642685771e+02
5.035383065140914596e+02
5.030382525679038395e+02
5.032924986409762482e+02
5.037217845380009749e+02
5.043418700527257670e+02
5.031484974507455377e+02
5.048050938368448897e+02
5.027474475336443902e+02
5.036845898048210302e+02
5.030400446226562963e+02
5.026858434342294686e+02
5.044642898556239174e+02
5.047714704649775967e+02
5.032498618140187432e+02
5.047097390801421852e+02
5.024686926850833970e+02
5.037106802406138399e+02
5.037493662783024320e+02
5.029751055646082136e+02
5.044657640710167357e+02
5.026186722410771495e+02
5.040308210060075567e+02
5.041958981765616841e+02
5.028144121528408732e+02
5.040347381062426280e+02
