5.253342833079096863e+02
5.250945821217455887e+02
5.258862916698965364e+02
5.261499931345318828e+02
5.259551180868237452e+02
5.257026649801182430e+02
5.262693299811190855e+02
5.267266546714492961e+02
5.263969150041669991e+02
5.270055330453050146e+02
5.267326191903773633e+02
5.267128692008230928e+02
5.269536961430111432e+02
5.266014865169534005e+02
5.269880546516715185e+02
5.270544922553877996e+02
5.266150169619428425e+02
5.264759105163349204e+02
5.266072917738454180e+02
5.263507480742849793e+02
5.258036826650325111e+02
5.268459329746895037e+02
5.262386327903142273e+02
5.267940621647179569e+02
5.267228917735263849e+02
5.276245549534230577e+02
5.276909810539513046e+02
5.270616066438132066e+02
5.258817193812969890e+02
5.275528240813201819e+02
5.271678494624625273e+02
5.269557908960498480e+02
5.269091353969142801e+02
5.265187763097738980e+02
5.271642222076934559e+02
5.262247364583757872e+02
5.279469217597638817e+02
5.270411668681947504e+02
5.274659902952329276e+02
5.253758640028247555e+02
5.267851081028409226e+02
5.263214152415977196e+02
5.256399916173844531e+02
5.259391627372757512e+02
5.270699179157879826e+02
5.255105943695951964e+02
5.245571034359547866e+02
5.270794167692741894e+02
5.277835935525641844e+02
5.275698896173694266e+02
5.265440747486816235e+02
5.273297098514248091e+02
5.272475754498990455e+02
5.265048591792054822e+02
5.259106994343260340e+02
5.253440284837967056e+02
5.267205235507434509e+02
5.269302891213370685e+02
5.284917025537299651e+02
5.276732684929173729e+02
5.271281876508701316e+02
5.279209928344633909e+02
5.283701156296801855e+02
5.299053644100036990e+02
5.270009843406115806e+02
5.294968326514662067e+02
5.270740468298812402e+02
5.282412498873246705e+02
5.272140690226236757e+02
5.264945500999150454e+02
5.300254010247334691e+02
5.306495526276409009e+02
5.274722779830436821e+02
5.311097688653720752e+02
5.254135599940024122e+02
5.282404607706660045e+02
5.285215784412040421e+02
5.266982695215632475e+02
5.302495252388723657e+02
5.260806058730834138e+02
5.287385352670044085e+02
5.297607257274839867e+02
5.265652117518293380e+02
5.295260441530804201e+02
