5.038290584029235220e+01
5.164869875301786806e+01
5.146919773092226791e+01
5.260418290039979894e+01
5.186587205545857415e+01
5.393055001936917847e+01
5.395957700436709104e+01
5.635080087049679065e+01
5.867120427350479162e+01
5.634386248623511051e+01
5.876015110456072676e+01
5.736042932571873365e+01
5.868678831068165636e+01
5.896743417116456953e+01
5.937909996576579630e+01
5.944955459725274238e+01
5.995469176036472447e+01
5.966071941022838843e+01
6.246435024900589639e+01
6.077274466598586855e+01
6.287988065100330459e+01
6.106272144654955270e+01
6.321787256290405566e+01
6.176967791324587154e+01
6.287469331913712978e+01
6.021503890931810332e+01
6.208150432700410448e+01
6.432765990896739083e+01
6.535615222579554029e+01
6.233305004748848432e+01
6.347157812379469988e+01
6.288608509832839388e+01
6.343623342128579168e+01
6.481076788485377449e+01
6.526377207632283728e+01
6.624369506066219060e+01
6.391602084433166198e+01
6.421761721986126759e+01
6.610927953246780930e+01
6.720782883808338681e+01
6.765625246578920837e+01
6.688129532769175967e+01
6.571517501617043422e+01
6.549977560355354456e+01
6.579542408745335536e+01
6.758556071611613447e+01
6.652262402503006911e+01
6.406732758769311431e+01
6.710692537288404935e+01
6.529293883617096128e+01
6.735570252874067876e+01
6.802726871646002849e+01
6.585372136266684606e+01
6.790815588844095885e+01
6.679090039796861333e+01
6.817370183659068061e+01
6.771005595019856571e+01
6.657803504685061569e+01
6.692612648131913033e+01
6.446542643813846496e+01
6.727246727303547402e+01
6.622048626293533857e+01
6.576765055029362372e+01
6.721598684963225878e+01
6.710628680020612080e+01
6.379120845904060388e+01
6.912767562170762403e+01
6.764628733775097658e+01
6.731096142267172411e+01
6.731492072923258263e+01
6.563421169422598211e+01
6.531833105501068815e+01
6.654177664790994129e+01
6.588641581473476094e+01
6.903885698691034634e+01
6.671430378031428177e+01
6.582898124100385928e+01
6.869195152361014323e+01
6.563348552450989359e+01
6.535206368521241416e+01
6.562769055942588636e+01
6.660517320565381283e+01
6.751407863555016320e+01
6.673674490985744967e+01
