8.062121539337692866e+01
8.030119917109678340e+01
7.942595590619120571e+01
7.863264889994155737e+01
7.777207741144881936e+01
7.772494886816015480e+01
7.655190900478783078e+01
7.578144990916374013e+01
7.577774495240029751e+01
7.429826844112321282e+01
7.426879896934237024e+01
7.464292944669176677e+01
7.384430032913438424e+01
7.419247234116676282e+01
7.246585303082537166e+01
7.234121779754261183e+01
7.355661020276987472e+01
7.272929185141808262e+01
7.167826245020819442e+01
7.286837035615219804e+01
7.224246471798515756e+01
7.241021529340446250e+01
7.102254605376907648e+01
7.221841100917444578e+01
7.008593936428397342e+01
6.979743220996780906e+01
6.991418317855573150e+01
6.965885536071812112e+01
6.990013371797722641e+01
7.037796588989537838e+01
7.049627492534256135e+01
6.970457064140472880e+01
6.927163520445549239e+01
6.977257474022100325e+01
6.982332643294941477e+01
7.039738416312457048e+01
6.789980202431704015e+01
6.839435643459297864e+01
6.773602576587381918e+01
6.968289259539105274e+01
6.813313602679679093e+01
6.977781928933498534e+01
7.012350384995274055e+01
7.036726995953554820e+01
6.869677294373961729e+01
7.057487269829114496e+01
7.110781376156562317e+01
6.780559753550210189e+01
6.720654804700185991e+01
6.822073392386894852e+01
6.855424388947878356e+01
6.639917687369259625e+01
6.800425702273567197e+01
6.857887244406141747e+01
6.910722320770621252e+01
6.968468733408452920e+01
6.591513911662188718e+01
6.865019877670663107e+01
6.727965838541499011e+01
6.733562756736837684e+01
6.718889552263952680e+01
6.544863241525287378e+01
6.521530151151185350e+01
6.354607247368862488e+01
6.801825272046498583e+01
6.645628204150040119e+01
6.830652152094313578e+01
6.695667791714794248e+01
6.711041936619774617e+01
6.726983042057413797e+01
6.506629777232429035e+01
6.352427085660458772e+01
6.703964881234303164e+01
6.055116737348608780e+01
6.939241838450269029e+01
6.563584753726283338e+01
6.529043315450491036e+01
6.877910555188455533e+01
6.290205229255104058e+01
6.800849539831288837e+01
6.567018004961174427e+01
6.293942157143404614e+01
6.739754092463437019e+01
6.342756461093306086e+01
