4.775317292898100163e+01
4.718332471961339536e+01
4.755594262126039951e+01
4.775988230094980480e+01
4.754813547277345975e+01
4.691091778827063763e+01
4.715254836267273220e+01
4.715055835529683748e+01
4.649877134833588599e+01
4.704070780697060172e+01
4.610673466895480033e+01
4.623649707168647183e+01
4.627889237142311174e+01
4.570869144291282993e+01
4.574245941759647138e+01
4.574329416866792997e+01
4.562585425308117237e+01
4.556779973032290343e+01
4.432043541131843511e+01
4.485796073358691416e+01
4.312829071725236219e+01
4.502567222353393817e+01
4.306430891387187643e+01
4.416877339289884219e+01
4.382508041282466138e+01
4.547959805216921580e+01
4.492414677503570175e+01
4.303782638054184417e+01
4.082584191954160957e+01
4.404633708573023654e+01
4.314386342817758191e+01
4.311807223328182204e+01
4.391909826735444966e+01
4.163716647358926082e+01
4.233374367038016572e+01
4.048881661281197353e+01
4.334683459977474485e+01
4.263671543720025170e+01
4.158165105969374764e+01
3.784813552673277570e+01
3.987758150593238327e+01
3.923006975865875035e+01
3.955551777514634182e+01
3.983057510772648158e+01
4.197912102618968078e+01
3.742716591550951222e+01
3.638790664127751029e+01
4.142875804634259396e+01
4.033500872561781136e+01
3.854256220874817984e+01
3.993916860724470297e+01
3.976654863934985684e+01
4.079129106267124882e+01
3.891243051375890616e+01
3.906615536219077711e+01
3.683871638332448128e+01
3.796714348570926489e+01
3.996062168270629655e+01
4.200374145311073448e+01
4.238669969933935278e+01
3.851151755048998382e+01
4.011693108042270239e+01
4.101242270387646727e+01
4.222372872138975453e+01
3.918328456481440014e+01
4.419282208157881797e+01
3.693832565786056676e+01
3.984863876654104331e+01
3.755142241564340821e+01
3.678301452481946399e+01
4.218225210114000134e+01
4.266258371307785069e+01
3.884211650641634606e+01
4.142933183584829493e+01
3.254377782658070117e+01
3.945821972202359973e+01
4.069655362500911622e+01
3.511188365876249406e+01
4.108782950481052154e+01
3.760606718529537318e+01
3.954144967457784787e+01
4.078882834457935047e+01
3.546764543929724312e+01
4.007824446537811269e+01
