-1.303026005263326625e-01
-1.325223406522068881e-01
-1.331216245419526711e-01
-1.340703275769784264e-01
-1.351937886494790630e-01
-1.371171635883288997e-01
-1.363297332752150814e-01
-1.371657633989373515e-01
-1.392376216171261616e-01
-1.372365738073957342e-01
-1.385146850878058444e-01
-1.393246640763592947e-01
-1.393893429309810417e-01
-1.404451363342248404e-01
-1.383410232654105065e-01
-1.388372008367160515e-01
-1.412418798816456877e-01
-1.404462562573438600e-01
-1.416181059923029284e-01
-1.423710969077452981e-01
-1.436863592210448348e-01
-1.426975500412754894e-01
-1.432663805751713815e-01
-1.444285521185574572e-01
-1.420514562436090977e-01
-1.399770584675159579e-01
-1.421688351546975815e-01
-1.446160509217848944e-01
-1.460925468096977708e-01
-1.441661448225755870e-01
-1.463189250134907804e-01
-1.448440085106123265e-01
-1.453029442442707597e-01
-1.468723686500353343e-01
-1.492992979587776381e-01
-1.508537529918882458e-01
-1.450647260192717281e-01
-1.463113755373817992e-01
-1.484155152704437763e-01
-1.536351758268979517e-01
-1.518095459828934235e-01
-1.529816398973221359e-01
-1.524729670520764691e-01
-1.528209270696739286e-01
-1.512704953346602488e-01
-1.561999651131540656e-01
-1.566457935080747266e-01
-1.487339362745839777e-01
-1.522381389912487726e-01
-1.563456339798711403e-01
-1.530640307303789693e-01
-1.516500512612213303e-01
-1.503531309217704948e-01
-1.546055017452672431e-01
-1.537382102169673470e-01
-1.567932379364372630e-01
-1.515242577403808077e-01
-1.538742132589931699e-01
-1.534160666172756649e-01
-1.498616776049563337e-01
-1.532375431825512557e-01
-1.498747056369622022e-01
-1.495997986813479841e-01
-1.504170787873896076e-01
-1.555502276057534883e-01
-1.497572198693817858e-01
-1.607733676711107784e-01
-1.566933860927753608e-01
-1.565199856082103436e-01
-1.569926945034799404e-01
-1.522769203670026328e-01
-1.500384491267703901e-01
-1.562102249279683497e-01
-1.479006140673748693e-01
-1.640943498811738011e-01
-1.557730260410220280e-01
-1.546652890589002016e-01
-1.637717643626058206e-01
-1.515494851735671167e-01
-1.579464924488655775e-01
-1.549539360026764012e-01
-1.536749823328645015e-01
-1.619520175364760062e-01
-1.546600990949189847e-01
