3.599054963596257942e-09
3.599054964016615827e-09
3.599054964017060023e-09
3.599054964014012276e-09
3.598610822427934100e-09
3.549076458101035532e-09
3.598854483305115464e-09
3.598583769692909030e-09
3.598724003741000618e-09
3.595846644954389252e-09
3.598586306555085965e-09
3.599053054243341867e-09
3.514721456245440773e-09
3.504256832721084448e-09
3.510844907260698758e-09
3.549812488785456802e-09
3.526651355852795868e-09
3.574011246139550699e-09
3.598792305036990657e-09
3.531484882679028018e-09
3.597861821422711841e-09
3.504190138155636915e-09
3.588827226806381148e-09
3.598953509413629435e-09
3.510174933000191452e-09
3.584904136450247184e-09
3.546789710956938845e-09
3.599054960947757142e-09
3.599054963765954458e-09
3.571124882166040463e-09
3.510457155935675831e-09
3.598414583498703417e-09
3.504269294319003088e-09
3.504102350999238576e-09
3.580787751459158289e-09
3.507106083573547024e-09
3.504076821531219737e-09
3.504449256246314188e-09
3.505942243533871545e-09
3.533487129086322973e-09
3.530981994386885496e-09
3.598905903131163447e-09
3.505774458853377949e-09
3.532082948494194392e-09
3.527836519637419748e-09
3.537241732761500425e-09
3.589474449290778429e-09
3.518232097854970131e-09
3.566784426814888988e-09
3.599053306649456079e-09
3.581341420485574954e-09
3.599002662215635883e-09
3.564969892108571136e-09
3.573086383676176052e-09
3.558574256126455880e-09
3.599027873984088074e-09
3.599054963948660044e-09
3.517977864849327176e-09
3.598938486168838213e-09
3.504129313534279717e-09
3.598586306555085965e-09
3.551452875114667354e-09
3.548067193008803536e-09
3.536089229769803514e-09
3.551806824093954522e-09
3.546016181385529662e-09
3.588255642437521136e-09
3.553242053532235189e-09
3.508801142584200156e-09
3.598973686301668170e-09
3.505024426999457796e-09
3.532975488289330010e-09
3.509996490148705935e-09
3.553809379963960860e-09
3.504099715736991455e-09
3.570757843668124234e-09
3.541383618753120376e-09
3.568427438831570184e-09
3.504077334325973925e-09
3.504096572660021099e-09
3.509656543272462109e-09
3.586962318290652547e-09
3.561808461049923697e-09
3.504183066784798194e-09
