3.685911674344335969e-09
3.687352732576245386e-09
3.688553006914373552e-09
3.689470139778444514e-09
3.690739074105509355e-09
3.691194991947757275e-09
3.692041069824949569e-09
3.692634018414370056e-09
3.693447137208841541e-09
3.693948110168267257e-09
3.694008396561549628e-09
3.694747806175084019e-09
3.695463003898569333e-09
3.695226340301817215e-09
3.696052036834778352e-09
3.696250451745341238e-09
3.696884463295061327e-09
3.697110805508061812e-09
3.697372364933092371e-09
3.697941675774041566e-09
3.697924741585749082e-09
3.697654408959655714e-09
3.698413530972091964e-09
3.698186903645051472e-09
3.699553912940560443e-09
3.699437986572818810e-09
3.699946231816716705e-09
3.700003075396903376e-09
3.700042003104916512e-09
3.700111476081039872e-09
3.699880399144275008e-09
3.701441700913716230e-09
3.703869760866850661e-09
3.701693121358931711e-09
3.702666132277788147e-09
3.702027793268448850e-09
3.703030505524913366e-09
3.703471797805455494e-09
3.703086723751160007e-09
3.704054429148177605e-09
3.704167273009269087e-09
3.702818483378416647e-09
3.704877221293478613e-09
3.705782867189139944e-09
3.706600962650599498e-09
3.704729585041999680e-09
3.705319737621078873e-09
3.706666404257983001e-09
3.704547144728910985e-09
3.710917013468504339e-09
3.704205750706515498e-09
3.704265152498011184e-09
3.703816393050404267e-09
3.704329117748953670e-09
3.705689137830814947e-09
3.705187464194849979e-09
3.705300314517385889e-09
3.705074350951432289e-09
3.706000570822769753e-09
3.707085674368252525e-09
3.705319002821260234e-09
3.705597684331321700e-09
3.706669718693594342e-09
3.706168130347967149e-09
3.707713858184803059e-09
3.709129363431801998e-09
3.705132176042647385e-09
3.707189653162167747e-09
3.707383285661366184e-09
3.708177460495590547e-09
3.707137280442546138e-09
3.707703056369512471e-09
3.708515251476380150e-09
3.707262530030658391e-09
3.707401039707346310e-09
3.710132224735237037e-09
3.712134104178434359e-09
3.709335497740657224e-09
3.709128220009420680e-09
3.712543758925906266e-09
3.711175554496966395e-09
3.711467831792098643e-09
3.711163907851566772e-09
3.710400977236318591e-09
