3.794059983555145697e-09
3.796147857480341211e-09
3.797332948064391025e-09
3.798910259213762331e-09
3.800855305810352984e-09
3.800959452491529117e-09
3.801879792804269458e-09
3.802550940157576578e-09
3.803493438399545809e-09
3.804330274603885868e-09
3.804387703328789048e-09
3.805231564499771565e-09
3.806183091964739341e-09
3.805575410384313519e-09
3.806936813455216286e-09
3.807267663899870119e-09
3.807795464616760589e-09
3.808444825142924423e-09
3.808330534037052398e-09
3.809217651506751134e-09
3.809364727747320368e-09
3.808869253626384692e-09
3.810253375021353657e-09
3.809326579056018778e-09
3.810952510547369163e-09
3.811131247989866570e-09
3.811509989324178509e-09
3.811227702217504102e-09
3.811843122013091035e-09
3.811457607124159664e-09
3.812022435799646691e-09
3.814098205150882767e-09
3.817047300605958328e-09
3.813766235425376424e-09
3.814833051777453443e-09
3.814424407895002095e-09
3.815403439337069641e-09
3.816518403547105849e-09
3.816027797928001721e-09
3.817006520087923966e-09
3.817204687996564025e-09
3.815244796776381231e-09
3.818933275336333265e-09
3.818871274807817054e-09
3.820931148778294263e-09
3.817701628745431070e-09
3.819184820427507625e-09
3.821080829991296797e-09
3.818640030174156972e-09
3.826373390800273148e-09
3.818593754358651738e-09
3.817728483443351534e-09
3.817168282171629266e-09
3.818015705260977769e-09
3.819872815849800891e-09
3.818974068123266809e-09
3.819349015708707158e-09
3.819390401954132828e-09
3.820980571448681968e-09
3.822822590651652470e-09
3.819523234853922486e-09
3.820188291834368394e-09
3.821690938710860846e-09
3.821593184082112267e-09
3.822228364087175588e-09
3.825260632023461826e-09
3.819606176111134581e-09
3.822379927049195382e-09
3.822471846495863683e-09
3.824409994800721550e-09
3.822351600552000611e-09
3.824072485642832883e-09
3.824467598980244491e-09
3.822563323111504379e-09
3.823156416409254079e-09
3.827068595705671654e-09
3.828668779984660471e-09
3.824527032721695148e-09
3.825673243336922736e-09
3.830186901737482360e-09
3.827109533912043801e-09
3.829050727379671185e-09
3.829119754404946070e-09
3.827469269789147188e-09
