1.802913107383420765e+01
1.697880163285396904e+01
1.588218077098365733e+01
1.523113959991276189e+01
1.204708247269530075e+00
5.978479993883400567e+01
5.496130834677284582e+00
5.955590762633698887e+01
1.026473484064768904e+00
1.295000000000001705e+00
2.886925762177793686e+01
3.399946339707505594e+00
5.957073093499969474e+01
1.006934706891907894e+00
5.992914622824772408e+01
5.970500000000000540e+01
5.993215919180752138e+01
1.071317885439164286e+00
4.352534867616575376e+00
5.970499999999999829e+01
5.999984489095513851e+01
3.581334281855131962e+01
5.989268626173343080e+01
9.219335085065354818e+00
1.294999999999994600e+00
1.127202583545063419e+00
5.992114914739158138e+01
5.996787607254005081e+01
5.999996695121985368e+01
5.983216141058495197e+01
5.973065799622142436e+01
1.089254506832538993e+00
5.998028572267772063e+01
5.280918601548633262e+01
5.993392171634092591e+01
5.973076858176433035e+01
5.998495315213106949e+01
3.369255795320854929e+01
1.044943279192583674e+00
1.287846726546170828e+00
5.981632741558053823e+01
5.645886630729818023e+01
5.970499999999999829e+01
5.985275177691682558e+01
5.990181407991218521e+01
5.970499999999999829e+01
1.154352810793007222e+00
5.992482255350667231e+01
5.992914218854550512e+01
5.754962613170230412e+01
1.083323964104224046e+00
2.815562692403150713e+00
5.896399144272930215e+01
1.123729017752275183e+00
1.116154905954509502e+00
4.222801849451094824e+01
5.985884962730999348e+01
1.123512178172227038e+00
2.116855130359892811e+01
5.278638197283109434e+01
2.664623032586721862e+01
1.088878381129219974e+00
5.991369943569198853e+01
1.071490659370908816e+00
1.100970553856498668e+00
1.098079132966802263e+00
1.007887985262726716e+00
1.130757120616074474e+00
5.970500000000000540e+01
1.031313831391735825e+00
5.997440895478455047e+01
5.994516237793584423e+01
1.251220202464843112e+00
1.059688612392687190e+00
1.231758993746950637e+00
1.294999999999994600e+00
1.151035558554887928e+00
1.054652160355100676e+00
5.768156427104519679e+01
4.254280711443789720e+00
1.208295761348374242e+00
5.978484342358841985e+01
5.990200369860197327e+01
1.726979654172715328e+01
