4.355984821656073791e+01
4.425693699726749486e+01
4.440389632788773611e+01
4.496127370798304668e+01
4.553897657852320435e+01
4.538443857413909654e+01
4.548364278951518003e+01
4.563336844950329407e+01
4.584301648426532694e+01
4.591316140147743141e+01
4.562464649289800178e+01
4.571842524166616073e+01
4.610388083167015338e+01
4.578775119016871997e+01
4.616569079097642714e+01
4.607584456166396336e+01
4.645795192797115192e+01
4.688113381950275738e+01
4.652636775201145269e+01
4.675178522043192686e+01
4.673596270112579276e+01
4.643206366020427112e+01
4.669243273756723767e+01
4.627787683578223010e+01
4.726928409710384216e+01
4.726754476675037608e+01
4.720483131948136446e+01
4.692213356557014237e+01
4.701643439814390035e+01
4.662743634030284312e+01
4.657761751235847214e+01
4.737170983142250691e+01
4.916514892807326476e+01
4.715895258381564759e+01
4.753572862749933137e+01
4.723748950767615185e+01
4.769728903954573696e+01
4.857811996634850260e+01
4.768154328165490341e+01
4.834988728006746328e+01
4.798739995717925666e+01
4.712674712385864950e+01
4.832990568165973855e+01
4.853187583178048925e+01
4.954699160367178479e+01
4.772068919278519417e+01
4.833386702375119626e+01
4.923834361500839663e+01
4.764256879366894282e+01
4.863140738728375112e+01
4.858721164044928997e+01
4.822259098932750021e+01
4.781195347482390900e+01
4.822710119956573749e+01
4.929458797153182559e+01
4.860157954055103602e+01
4.857456449727517622e+01
4.838590345008753957e+01
4.858080828748844482e+01
4.974656453157000158e+01
4.784038961850964711e+01
4.833350977570476914e+01
4.869761576553446503e+01
4.863127872123754969e+01
4.923523955047865996e+01
4.982783164113973129e+01
4.748885609735644664e+01
4.857207757396175651e+01
4.830412754363393901e+01
4.932341722383089433e+01
4.798754328545097536e+01
4.839124401586242641e+01
4.917193416740082057e+01
4.753558141499659939e+01
4.777230410630686919e+01
4.993830003658614913e+01
5.142362331282536303e+01
4.864362801272947223e+01
4.880321606219379760e+01
5.164466811759996290e+01
4.944218724647402041e+01
5.087314619388275361e+01
5.010495853142954559e+01
4.999887744567470804e+01
