8.299532138753622235e+01
8.368332283617243661e+01
8.397642548720838818e+01
8.431813771831974691e+01
8.461699597298185438e+01
8.493402031721696233e+01
8.478879047808968039e+01
8.496084525883236438e+01
8.498553415715294079e+01
8.512334543279825994e+01
8.493081089954142726e+01
8.492582691340138012e+01
8.504984220164281794e+01
8.521807809402956480e+01
8.480652991232051363e+01
8.466513747261205936e+01
8.494156429970213651e+01
8.471201842827392170e+01
8.514891636305853240e+01
8.481877181785635855e+01
8.520997200705851071e+01
8.473252444810110262e+01
8.465810083877305203e+01
8.515704012056107786e+01
8.459335422866109866e+01
8.505561960485948703e+01
8.480250104526993482e+01
8.491476132630303653e+01
8.462888283954112012e+01
8.486770508307675698e+01
8.466030067342626353e+01
8.414295856549426844e+01
8.417034186333178525e+01
8.401027038431389826e+01
8.468361425958732980e+01
8.405244301363110537e+01
8.449093990423203593e+01
8.415558863302241832e+01
8.406786043512607876e+01
8.448012318740343574e+01
8.391726865904529120e+01
8.431434600059402840e+01
8.336237425738863749e+01
8.360745994530438452e+01
8.296919542415494675e+01
8.368535593981584952e+01
8.343433305236351316e+01
8.296307298796381247e+01
8.319618404442233839e+01
8.034581692791172713e+01
8.343502103418263971e+01
8.370491976040682403e+01
8.393550986351795018e+01
8.363660655206437866e+01
8.317711958572115805e+01
8.329466222002777442e+01
8.347280036644883694e+01
8.338863483328603365e+01
8.312052008637668621e+01
8.222331186123045654e+01
8.307168351888641666e+01
8.318659543417064128e+01
8.322602225600442694e+01
8.274693313203748346e+01
8.282999672595308027e+01
8.161279673819122138e+01
8.367460940619946541e+01
8.305167061676536377e+01
8.291548226290177581e+01
8.203520463944649066e+01
8.288171581331806692e+01
8.181693260828831171e+01
8.218435950618936658e+01
8.268623448890561178e+01
8.222959554074883215e+01
8.170315982229114127e+01
8.207037632857949916e+01
8.257339803494417652e+01
8.205528623276890698e+01
8.066297887591694860e+01
8.171889472373581498e+01
8.094855944983264351e+01
8.136747175250130226e+01
8.163225602568601857e+01
