-1.470258944671384294e-01
-1.441082156374755840e-01
-1.461139303885072016e-01
-1.429048303855041391e-01
-1.331451604619301177e-01
-1.520026325957541946e-01
-1.422308948476811441e-01
-1.478795195561816156e-01
-1.431310836281703969e-01
-1.534082626034079522e-01
-1.496510043365708864e-01
-1.423705363178508487e-01
-1.374231878802060214e-01
-1.502857851723175542e-01
-1.433914738204970230e-01
-1.389250301655732822e-01
-1.437992580166580492e-01
-1.426792133177974264e-01
-1.455061554966201876e-01
-1.465502849580454514e-01
-1.387961276578466296e-01
-1.386686528599203605e-01
-1.293161247995837093e-01
-1.443149143807146706e-01
-1.352374464604463866e-01
-1.442982313543282602e-01
-1.381778928333791123e-01
-1.250731446802520463e-01
-1.362477248934172436e-01
-1.325637048300770116e-01
-1.363884076478230623e-01
-1.420460483080550340e-01
-1.460722138243414625e-01
-1.441209643711629795e-01
-1.286242307521022199e-01
-1.419834199569143807e-01
-1.197709349446024890e-01
-1.400615959603943583e-01
-1.399129787345330111e-01
-1.292972230328952310e-01
-1.366489544863770667e-01
-1.354661721179676315e-01
-1.230829388750018238e-01
-1.187170849062288563e-01
-1.309342941801495130e-01
-1.258653464647867815e-01
-1.292601493382018463e-01
-1.108259756326450546e-01
-1.338500940673571782e-01
-1.137692138687475818e-01
-1.131914449292097391e-01
-1.257722046297213292e-01
-1.116519965502529577e-01
-1.309622882369262942e-01
-1.276259318180505420e-01
-1.246723941923726930e-01
-1.197339700232316340e-01
-1.254323709899931028e-01
-1.338297306492539085e-01
-1.202034991572443756e-01
-1.192536826357847995e-01
-1.197516808371466013e-01
-1.079219188507861832e-01
-1.164723426985751903e-01
-9.069602173302736270e-02
-1.158056843029962035e-01
-1.098363260818074338e-01
-1.108112441816330451e-01
-1.243249636179478701e-01
-1.153480833221438295e-01
-1.111216193789523465e-01
-9.015308316894148077e-02
-1.237385951739825712e-01
-1.084598691728976133e-01
-9.982231845212395649e-02
-1.209576993507635034e-01
-1.161204213293877963e-01
-1.087047380503153166e-01
-7.714922715363908834e-02
-1.035368236048181817e-01
-9.655904692210515172e-02
-1.070653969703643654e-01
-1.009346728497063361e-01
-9.675689836091484752e-02
