1.894985064441009115e+01
1.678009249363009303e+01
1.813953595121741458e+01
1.700600371082981255e+01
1.550443658276210712e+01
1.559388548861672064e+01
1.513451840729221232e+01
1.700375066003373803e+01
1.530775099430732666e+01
1.472551672693160540e+01
1.409083128261212714e+01
1.481100135425385567e+01
1.476839394846054176e+01
1.460668175506327415e+01
1.441147777508554206e+01
1.495972508747870933e+01
1.439567793288501818e+01
1.430568754849605817e+01
1.469841021911420142e+01
1.363617041862066337e+01
1.347799608997386223e+01
1.349497496617548364e+01
1.445680184323828144e+01
1.312458886310861317e+01
1.414363452617469186e+01
1.315497720824539485e+01
1.363485994360650189e+01
1.450144832570368969e+01
1.470879618093549901e+01
1.327973932335055274e+01
1.451101580031102500e+01
1.436979826034185059e+01
1.430919424782237037e+01
1.544312925846318407e+01
1.503586090647352336e+01
1.585299651889553374e+01
