1.066905855281294748e+02
1.113256608889053041e+02
1.080692897628620415e+02
1.099947795362877656e+02
1.142611935513856309e+02
1.136100932575227205e+02
1.132492959876201724e+02
1.162973365837315356e+02
1.216444061426972780e+02
1.233015653234056970e+02
1.259726839093088984e+02
1.245464908012413332e+02
1.243984399726236774e+02
1.243937702934467069e+02
1.254568752532174756e+02
1.254151655678727622e+02
1.271897120120170683e+02
1.281710467255749393e+02
1.275332516003448546e+02
1.302604141922957979e+02
1.305677187712633156e+02
1.313997836489262170e+02
1.293701228543795025e+02
1.332550142740687988e+02
1.312000342756140867e+02
1.335431564146370818e+02
1.341207499999999584e+02
1.321831919053013564e+02
1.335970843465742632e+02
1.341207499997748585e+02
1.341207499999999584e+02
1.341207499999999584e+02
1.341207499999999584e+02
1.341207499999999584e+02
1.341207499999998731e+02
1.314971210513612618e+02
