1.499683999999736272e+02
1.499683999965522219e+02
1.499683986181417765e+02
1.499683999052137153e+02
1.484968329650496628e+02
1.481517884691045026e+02
1.499683999999999742e+02
1.499683996155721388e+02
1.499683999829957770e+02
1.499683999999999742e+02
1.499683999998885611e+02
1.499683999999450918e+02
1.499683999999919592e+02
1.499683999997285753e+02
1.499683984539318260e+02
1.499683999997750163e+02
1.499683999999925561e+02
1.499683991298108197e+02
1.499683999913562786e+02
1.499683999999999742e+02
1.499683999906661711e+02
1.499683991086022559e+02
1.499683999927376874e+02
1.499683999999999742e+02
1.499683999988174889e+02
1.499683999999999742e+02
1.499683999999999742e+02
1.499683999999722630e+02
1.499683999999999742e+02
1.499683999999999742e+02
1.499683999999999742e+02
1.499683999999999742e+02
1.499683999999999742e+02
1.499683999999999742e+02
1.499683999999999742e+02
1.499683999999999742e+02
