5.218548296790262384e+02
5.213475811358021019e+02
5.217368053809694857e+02
5.215104882760959981e+02
5.210203671289096974e+02
5.211413658640391304e+02
5.209154924361915846e+02
5.214987127011036137e+02
5.212104741007216262e+02
5.211439479726716399e+02
5.211179295043697266e+02
5.213498744387377428e+02
5.212120663794551092e+02
5.212087317499277788e+02
5.212712453933487495e+02
5.215264802146598413e+02
5.214451265479626727e+02
5.214390853172847073e+02
5.216587328838415942e+02
5.213466587462271491e+02
5.213528837337273671e+02
5.214356861339966827e+02
5.218643070823168273e+02
5.213917765823036916e+02
5.217748293001279762e+02
5.215827424506646821e+02
5.217419897570791818e+02
5.221384013008760121e+02
5.222308213548731146e+02
5.217435892399428212e+02
5.222780540268473715e+02
5.223279447895072281e+02
5.223183752632648975e+02
5.228086995573956983e+02
5.226874979487574819e+02
5.228385944983830314e+02
