5.596087918459618322e+02
5.600266452761231903e+02
5.596626257609319737e+02
5.596760181360377828e+02
5.603851809043839012e+02
5.603148073178266486e+02
5.600512971863140592e+02
5.606745668144131969e+02
5.613764744172865448e+02
5.616660204740093150e+02
5.619516876538026509e+02
5.619458931681690501e+02
5.618398137842696087e+02
5.617077693941182588e+02
5.619183733403352790e+02
5.620470431438412788e+02
5.622576760254005421e+02
5.625294181141692889e+02
5.624209731110214534e+02
5.628111701176177348e+02
5.628287316899335337e+02
5.630862786921404677e+02
5.627400138709659814e+02
5.634459948013006851e+02
5.631542106807966093e+02
5.634465506876113068e+02
5.635449265610091061e+02
5.632851177416766859e+02
5.635556114410404689e+02
5.635761780193658979e+02
5.636441116238218001e+02
5.636669241233662433e+02
5.637122117814101330e+02
5.638833705049148648e+02
5.638427895585925853e+02
5.635889519933751899e+02
