4.964436789255836402e+02
4.963724457655174547e+02
4.965323794363738443e+02
4.965122402233827756e+02
4.963801440424955445e+02
4.962962259763990573e+02
4.963093751261244506e+02
4.965552912508723580e+02
4.966135129515451467e+02
4.964946030133983186e+02
4.966074425043693736e+02
4.965885367272681492e+02
4.966050165790961159e+02
4.966562928267801453e+02
4.966110013367592728e+02
4.966319751226312178e+02
4.966994582536025291e+02
4.967753038148089786e+02
4.968573786982641991e+02
4.967506123947821948e+02
4.966954124973069042e+02
4.966660955354390694e+02
4.968918341962806267e+02
4.966943207553282491e+02
4.970030198237983541e+02
4.966374450405048719e+02
4.969430670584998211e+02
4.970200782648114455e+02
4.970043382317606984e+02
4.967888580007357291e+02
4.971294254071995624e+02
4.970611749845523377e+02
4.970249125367184320e+02
4.972033458948648672e+02
4.971028418049071433e+02
4.973020315045963002e+02
