1.480391455763066517e+02
1.499683999957169362e+02
1.499683999999996615e+02
1.499683999991591179e+02
1.499683999999999457e+02
1.499683999999999742e+02
1.499683999999999742e+02
1.499683999999999742e+02
1.499683999999999742e+02
1.499683999999999742e+02
1.499683999999999742e+02
1.499683999999999742e+02
1.499683999999999742e+02
1.499683999999999742e+02
1.499683999999999742e+02
1.499683999999999742e+02
1.499683999999999742e+02
1.499683999999999742e+02
1.499683999999987236e+02
1.499683999999999742e+02
1.499683999999999742e+02
1.499683999999999742e+02
1.499683999999999742e+02
1.499683999999999742e+02
1.499683999999999742e+02
1.499683999999999742e+02
1.499683999999999742e+02
1.499683999999999742e+02
1.499683999999999742e+02
1.499683999999999742e+02
1.499683999999999742e+02
1.499683999999999742e+02
1.499683999999999742e+02
1.499683999999999742e+02
1.499683999999999742e+02
1.499683999999999742e+02
