1.341207499994491741e+02
1.341207499999985373e+02
1.341207499999819390e+02
1.341207499999999584e+02
1.341207499999999300e+02
1.341207499999999584e+02
1.341207499999987647e+02
1.341207499999977131e+02
1.341207499999999584e+02
1.341207499999999584e+02
1.341207499999999584e+02
1.341207499999999015e+02
1.341207499999674724e+02
1.341207499999999584e+02
1.341207499999999584e+02
1.341207499999999584e+02
1.341207499999999584e+02
1.341207499999999584e+02
1.341207499999783579e+02
1.341207499999999584e+02
1.341207499999999584e+02
1.341207499999999584e+02
1.341207499993820136e+02
1.341207499999999584e+02
1.341207499999999584e+02
1.341207499999999584e+02
1.341207499999999584e+02
1.341207499999999584e+02
1.341207499999999300e+02
1.341207499999999584e+02
1.341207499999999584e+02
1.341207499999999584e+02
1.341207499999999584e+02
1.341207499999999584e+02
1.341207499999999584e+02
1.341207499999999584e+02
