1.865731501124393787e+01
1.981592225679890262e+01
1.986368706022557262e+01
2.076461239505664835e+01
2.121274999856460397e+01
2.122460049808245586e+01
2.186134088901197714e+01
2.078623235046304885e+01
2.217848937880446769e+01
2.287382562115992712e+01
2.389568410179158064e+01
2.399297710152394458e+01
2.351171056192335485e+01
2.347474002003536953e+01
2.390607091137868068e+01
2.450147742353303926e+01
2.514218113375942565e+01
2.574693733811929519e+01
2.583157826311421346e+01
2.618287410013277139e+01
2.613610474968236019e+01
2.637206393993816533e+01
2.660086969964298476e+01
2.644616158365974812e+01
2.731051869828243284e+01
2.629061831240364100e+01
2.765377730231879738e+01
2.784016751364434583e+01
2.844865617656426693e+01
2.634217683242318486e+01
2.867614471287682321e+01
2.853795598069324058e+01
2.820408736885314838e+01
2.910639073707968905e+01
2.859871357106231926e+01
2.976678613942074136e+01
