5.214129195009301156e+02
5.219234093244079986e+02
5.218344396550178317e+02
5.222665430923087797e+02
5.224147449483398304e+02
5.224655929092004953e+02
5.226618905238303796e+02
5.223451864443201202e+02
5.230900884200815426e+02
5.233790516951968357e+02
5.238679849832952868e+02
5.238473421355623714e+02
5.236163786011784396e+02
5.236282056087792398e+02
5.238653160958737089e+02
5.241173333767432041e+02
5.243908036245395579e+02
5.245527213148911869e+02
5.246581134140258200e+02
5.248158167881473446e+02
5.248837939523655223e+02
5.250607260447376348e+02
5.251762290024192907e+02
5.250896752207593181e+02
5.253598934636103195e+02
5.251399557697883438e+02
5.255304896981208458e+02
5.257693183365825007e+02
5.259310536062077972e+02
5.252332841212077028e+02
5.260527150813002208e+02
5.261105536872429411e+02
5.260318424678525844e+02
5.264137063984331917e+02
5.262758043159493582e+02
5.265961406422521804e+02
