4.963964532442334416e+02
4.965947773142246433e+02
4.966273816049873062e+02
4.967904214533123195e+02
4.968235548257354139e+02
4.967116528095366448e+02
4.968714015439512650e+02
4.968489402937612454e+02
4.971966143386727026e+02
4.971872892753291922e+02
4.974421713101119167e+02
4.973691337883035430e+02
4.973482233393946217e+02
4.973959335885830342e+02
4.974143718240053431e+02
4.974320581592156714e+02
4.976054232510390989e+02
4.977724009002113235e+02
4.978250890793471513e+02
4.978412664776548127e+02
4.977946859112245193e+02
4.978200595815470706e+02
4.979405020310853160e+02
4.978636419292984101e+02
4.981715589927820247e+02
4.977588232922349789e+02
4.981724122402517878e+02
4.981881043573463899e+02
4.982087748288957414e+02
4.979013979411337232e+02
4.983907202406396664e+02
4.983299067018260757e+02
4.982935505638936888e+02
4.984248240947145518e+02
4.983164242729475291e+02
4.986701358505363828e+02
