5.644720099699179627e+02
5.643449779089048661e+02
5.643057179000352335e+02
5.642389628612895649e+02
5.643342304460156811e+02
5.643853945645147405e+02
5.644599090550631217e+02
5.641951899460727873e+02
5.643326766136073047e+02
5.646077803399749655e+02
5.646399211366925783e+02
5.648509605124577320e+02
5.646603680602822806e+02
5.645939339112212565e+02
5.647390248946919655e+02
5.648672675484233423e+02
5.649581255032778699e+02
5.651575704017743647e+02
5.651097196347084264e+02
5.652448079944438177e+02
5.652134141046452669e+02
5.653069895905581461e+02
5.652744290745291664e+02
5.654057970776422053e+02
5.655086203253288204e+02
5.654290260673980129e+02
5.655337316521297453e+02
5.655360815948245090e+02
5.656956934682409610e+02
5.655170246821484170e+02
5.657851953683972397e+02
5.658514083193003898e+02
5.658387334146403873e+02
5.659742703808177566e+02
5.659700173553429750e+02
5.661759188705946144e+02
