1.749210699999999576e+02
1.749210699999999576e+02
1.749210699999921133e+02
1.749210699999999576e+02
1.749210699999999576e+02
1.749210699999996734e+02
1.749210699999999576e+02
1.749210699999999576e+02
1.749210699999872531e+02
1.749210699999998724e+02
1.749210699999999576e+02
1.749210699999149767e+02
1.749210699999999576e+02
1.749210699997446454e+02
1.749210699999999576e+02
1.749210699999998724e+02
1.749210699999988776e+02
1.749210699999999576e+02
1.749210699999998155e+02
1.749210699999999576e+02
1.749210699997286156e+02
1.749210699999998440e+02
1.749210699999609346e+02
1.742936874160684226e+02
1.749210699999997018e+02
1.737916162344365887e+02
1.743287771641225561e+02
1.749210699999849794e+02
1.749210699461722811e+02
1.729164741714152171e+02
1.749210699999987639e+02
1.749164077572047518e+02
1.743265006731661231e+02
1.749210699998631355e+02
1.744232757507400606e+02
1.749210699999992187e+02
