4.536623656692338358e+01
4.753405102466695098e+01
4.757721004936406928e+01
4.865127146909862432e+01
4.925410247742232883e+01
4.921130153399458607e+01
5.011599383092411841e+01
4.888379818438944824e+01
5.057072696469855089e+01
5.175669788425039286e+01
5.283057058079593560e+01
5.306465732846131544e+01
5.241551333674732405e+01
5.239487578826323499e+01
5.309229673942139982e+01
5.367787094027387695e+01
5.444610159450991915e+01
5.534833608117691739e+01
5.554835510987830105e+01
5.589932030258961504e+01
5.581445583327739257e+01
5.599452004842601838e+01
5.625709830908626685e+01
5.640768292981442755e+01
5.720605911950603684e+01
5.647831942916540982e+01
5.775681041536663685e+01
5.765761627693113667e+01
5.837470456771583116e+01
5.695434204696871205e+01
5.882157979787258739e+01
5.884348924777497558e+01
5.881284146846157768e+01
5.929558001652255683e+01
5.905163950971272868e+01
6.018330106521127476e+01
