1.025595724017273227e+02
1.038672764265078428e+02
1.038724473676346918e+02
1.046186467369283122e+02
1.049254547500565451e+02
1.048450891557470612e+02
1.053277480093132539e+02
1.046849630504888893e+02
1.058433143410510837e+02
1.061136717571996968e+02
1.069494324092804476e+02
1.068193723270851052e+02
1.066076050960592454e+02
1.066520634591581143e+02
1.068595635884891237e+02
1.071360192841256804e+02
1.076245475699033420e+02
1.079880393798614904e+02
1.081025561894511497e+02
1.082629626026183161e+02
1.082172999500911885e+02
1.083657937979336481e+02
1.085946225857002929e+02
1.084831647430257959e+02
1.090555593167862014e+02
1.083909717357693410e+02
1.092794295555761153e+02
1.093380023476606340e+02
1.095548581190162736e+02
1.086339415343914112e+02
1.097678668254390857e+02
1.095888247939867171e+02
1.094928246877983753e+02
1.099434713605546534e+02
1.096995678409294896e+02
1.103818148262683110e+02
