-3.862145838169039336e-01
-3.904604002250375294e-01
-3.910332553899072416e-01
-3.920466848917846248e-01
-3.924999212396784176e-01
-3.922930222857256011e-01
-3.932088024332586196e-01
-3.922257992350783873e-01
-3.932078176133041447e-01
-3.939188762356028439e-01
-3.949801275000146550e-01
-3.950997987999628758e-01
-3.947473510632165117e-01
-3.947292704296090915e-01
-3.950222664996061450e-01
-3.957048435829367272e-01
-3.964140778761943151e-01
-3.973344719766273014e-01
-3.973685330861680964e-01
-3.976750740818791319e-01
-3.974016446815254455e-01
-3.973234123340716462e-01
-3.976146575413264661e-01
-3.972336986870220743e-01
-3.986514262772147266e-01
-3.966523423871756715e-01
-3.989987059847114326e-01
-3.988224995666590500e-01
-3.997931677911975568e-01
-3.962666781518617842e-01
-3.999768974365156549e-01
-3.994404873045154791e-01
-3.987720404561497234e-01
-3.997669141788356417e-01
-3.988079173027658797e-01
-4.006236694045272606e-01
