3.660183451355652589e-09
3.659920847763233080e-09
3.660510422626403515e-09
3.660436187239509298e-09
3.659949228644769250e-09
3.659639839916023487e-09
3.659688319867053636e-09
3.660594876301293630e-09
3.660809474570582559e-09
3.660371173278345366e-09
3.660787100211178421e-09
3.660717416717009727e-09
3.660778158735445488e-09
3.660967148089267736e-09
3.660800217316611371e-09
3.660877521312094146e-09
3.661126235750436068e-09
3.661405750424566956e-09
3.661708198067169258e-09
3.661314757142524998e-09
3.661111325270433460e-09
3.661003276914978418e-09
3.661835159845072163e-09
3.661107301686746125e-09
3.662244827139653872e-09
3.660897681758110817e-09
3.662023934793347938e-09
3.662307675501559749e-09
3.662249684584524122e-09
3.661455699602198260e-09
3.662710517230485056e-09
3.662459083591095258e-09
3.662325486198586109e-09
3.662982819844026255e-09
3.662612585649260130e-09
3.663346318763362416e-09
