3.752690208160477805e-09
3.750865936998358015e-09
3.752265824167382559e-09
3.751451913743394214e-09
3.749688672006626195e-09
3.750124049658366466e-09
3.749311270984534997e-09
3.751409560086368077e-09
3.750372692239868960e-09
3.750133340050879201e-09
3.750039724895515842e-09
3.750874186640935075e-09
3.750378420860470519e-09
3.750366423687504502e-09
3.750591325944037224e-09
3.751509431789501597e-09
3.751216818698371850e-09
3.751195088672901491e-09
3.751985069848572332e-09
3.750862618903776927e-09
3.750885011876694513e-09
3.751182861913539439e-09
3.752724284301033007e-09
3.751024917003090039e-09
3.752402553310741985e-09
3.751711782604687247e-09
3.752284466813225117e-09
3.753709660184214768e-09
3.754041854386552194e-09
3.752290218420553858e-09
3.754211615927982768e-09
3.754390922722984549e-09
3.754356530625667731e-09
3.756118310875459185e-09
3.755682899251931453e-09
3.756225699419467935e-09
