3.886065576439107983e-09
3.887516145880159384e-09
3.886252490132952351e-09
3.886298987645340595e-09
3.888760363492846725e-09
3.888516179121363037e-09
3.887601707562879481e-09
3.889764322241229563e-09
3.892198355588421209e-09
3.893201982795628818e-09
3.894191911519422218e-09
3.894171834262115614e-09
3.893804262534293926e-09
3.893346671945739582e-09
3.894076479663189315e-09
3.894522292969475389e-09
3.895251980654838252e-09
3.896193164822173436e-09
3.895817590645988056e-09
3.897168778515710872e-09
3.897229580327296326e-09
3.898121152613023987e-09
3.896922411098770482e-09
3.899366071157682711e-09
3.898356284550783917e-09
3.899367994681591516e-09
3.899708388095296732e-09
3.898809351136021214e-09
3.899745357391633084e-09
3.899816516018196641e-09
3.900051551333584789e-09
3.900130474382895966e-09
3.900287148670544465e-09
3.900879221620480440e-09
3.900738851974202148e-09
3.899860712237341032e-09
