4.593575557860455660e+01
4.510158864326739092e+01
4.644105170781131164e+01
4.571750333249688225e+01
4.445965742552456135e+01
4.446286008561406078e+01
4.434567960681903998e+01
4.578129023776128292e+01
4.459623845900546968e+01
4.446123519154712511e+01
4.394819729788506635e+01
4.492175634960757691e+01
4.465771102991558195e+01
4.439487445413674749e+01
4.448802862068890818e+01
4.530523760167901060e+01
4.487879301891165795e+01
4.521149166094050997e+01
4.582015738987487197e+01
4.460621319879584945e+01
4.437066328824671757e+01
4.446194942278581408e+01
4.565806921062529966e+01
4.433003610851326926e+01
4.571897375916828565e+01
4.442197405757956119e+01
4.535896271614343078e+01
4.620697603612259741e+01
4.670544001448091365e+01
4.489015800834503978e+01
4.665443185538074999e+01
4.654776138071171943e+01
4.665277184370677332e+01
4.794346599391888475e+01
4.749290379598072320e+01
4.871632010287311232e+01
