9.775854277501795764e+01
1.000189123991373350e+02
9.950116972500325119e+01
1.005450240075643933e+02
1.016784790616581233e+02
1.015399494343662496e+02
1.016811314498246901e+02
1.016759008004662235e+02
1.035956622202700856e+02
1.040818980568071197e+02
1.052433935357525314e+02
1.049215623742679639e+02
1.046966535548845769e+02
1.047046036643164086e+02
1.050751928321845696e+02
1.054206067468283550e+02
1.060940912362397341e+02
1.064943293481534994e+02
1.065541175975831720e+02
1.070868327044082946e+02
1.071481463336257889e+02
1.074307876837899443e+02
1.073761554375233942e+02
1.079833253855134814e+02
1.079538311142492404e+02
1.081316746606127879e+02
1.087743803662439461e+02
1.085255523420157573e+02
1.089498695454635566e+02
1.083968009952408806e+02
1.091130286699626311e+02
1.089793981213528014e+02
1.088821413109219520e+02
1.094467852708832538e+02
1.092006065417761960e+02
1.087666605734663818e+02
