1.749210699999638052e+02
1.749210699999999576e+02
1.749210699999999576e+02
1.749210699999986218e+02
1.749210699999999576e+02
1.749210699999999576e+02
1.749210699999999576e+02
1.749198579243808922e+02
1.749210699999927670e+02
1.749210699999999576e+02
1.749210699999999576e+02
1.749210699999999292e+02
1.749210699999999576e+02
1.749210699999999576e+02
1.749190253215735140e+02
1.749210699999999576e+02
1.749210699999999576e+02
1.749190986266745540e+02
1.749210699999815972e+02
1.749210699999999576e+02
1.749210699999996734e+02
1.749190017903965213e+02
1.749210699999968313e+02
1.749210699999999576e+02
1.749210699999999576e+02
1.749210699999999576e+02
1.749210699999999292e+02
1.749210699969000871e+02
1.749210699999999576e+02
1.740001031001983733e+02
1.749210699999998724e+02
1.748213613713100187e+02
1.742301587817682389e+02
1.749210699993061553e+02
1.743894447229372986e+02
1.731518908226915698e+02
