-4.106504523797269712e-01
-4.168670955398296463e-01
-4.133595501973235664e-01
-4.157717182338500628e-01
-4.191377375549811823e-01
-4.173960414011261832e-01
-4.196517935380950637e-01
-4.258119526708979974e-01
-4.326727231765492010e-01
-4.346152038100458137e-01
-4.383865769210154029e-01
-4.365107293804468824e-01
-4.365923074311513497e-01
-4.363885539189490403e-01
-4.376521398840739763e-01
-4.380463193583849502e-01
-4.403551891928805251e-01
-4.418595481994975760e-01
-4.411862877477952805e-01
-4.444660562695890715e-01
-4.446032570020522212e-01
-4.455738193381086898e-01
-4.431346755383919200e-01
-4.480734998754039577e-01
-4.457751566530653298e-01
-4.480899832648221892e-01
-4.498629599643997889e-01
-4.471110856785655563e-01
-4.497145857075174891e-01
-4.480690812870102846e-01
-4.498514666108202054e-01
-4.489982623988283406e-01
-4.484881557097646354e-01
-4.497423474997562787e-01
-4.490083187636656481e-01
-4.454488867940539221e-01
