1.132142887426689093e+01
1.146676448401610493e+01
1.123699402642878731e+01
1.105187465146953230e+01
1.115253557616114222e+01
1.115981207960932586e+01
1.123707659213470222e+01
1.105020839564625668e+01
1.104515313489482153e+01
1.106124740835393716e+01
1.100801807854517733e+01
1.104232679203870049e+01
1.092085679439926871e+01
1.084627258823187645e+01
1.079210540899507187e+01
1.094635998333969162e+01
1.079190939347068934e+01
1.081532895221926083e+01
1.071180811767137797e+01
1.071971479326877486e+01
1.081674691832189339e+01
1.065318747310810643e+01
1.077847453389528276e+01
1.072232363622954665e+01
1.070075939366986795e+01
1.067796567414276332e+01
1.056003976180305237e+01
1.071404778853711370e+01
1.049125754872244620e+01
1.058576648899010131e+01
1.062795576011861165e+01
1.047544300557103192e+01
1.060539023234311173e+01
1.060165461491993177e+01
1.060964004595972909e+01
1.030158922304729252e+01
