3.707239192257851101e+01
3.770659355291817860e+01
3.757523627488978235e+01
3.684679799783181409e+01
3.726297010865275183e+01
3.728985957748670188e+01
3.720471839977707162e+01
3.727854508702928626e+01
3.719527412418213430e+01
3.708471752833104063e+01
3.645694851174769013e+01
3.698960880073663304e+01
3.713018520086723839e+01
3.696204994353623619e+01
3.712402565849532721e+01
3.696901598354160257e+01
3.700858256498966625e+01
3.701880671719680294e+01
3.708666183444409370e+01
3.702107404695883730e+01
3.683209047405147629e+01
3.707472614943431921e+01
3.695824774224584530e+01
3.691369933999476416e+01
3.691156610219134393e+01
3.677272571996397232e+01
3.703764702801217368e+01
3.682975060574604242e+01
3.705058392482114016e+01
3.684869760014435514e+01
3.684486437841265882e+01
3.700862967375129386e+01
3.689033083255042555e+01
3.698155969684952282e+01
3.689263360150388138e+01
3.701597880734198043e+01
