1.499683999999999742e+02
1.499683999999999742e+02
1.499683999999999742e+02
1.499683999999999742e+02
1.499683999999999742e+02
1.499683999999951141e+02
1.499683999999999742e+02
1.499683999999999742e+02
1.499683999999873834e+02
1.499683999999999742e+02
1.499683999999845696e+02
1.499683999999990078e+02
1.499683999999999742e+02
1.499683999999999742e+02
1.499683999999999742e+02
1.499683999999954551e+02
1.499683999999999742e+02
1.499683999999999742e+02
1.499683999999994342e+02
1.499683999999999742e+02
1.499683999999988941e+02
1.499683999999999742e+02
1.499683999999969330e+02
1.499683999999994626e+02
1.499683999999999742e+02
1.499683999999992068e+02
1.499683999999996900e+02
1.499683999999999742e+02
1.499683999999999742e+02
1.499683999999999742e+02
1.499683999999999742e+02
1.499683999999999742e+02
1.499683999999999742e+02
1.499683999999988373e+02
1.499683999999999742e+02
1.499683999999999742e+02
