4.084923317779149698e+01
3.976567512737256038e+01
3.925751969878533743e+01
3.855948643442432910e+01
3.768914966836130986e+01
3.750027218004826324e+01
3.731651357932855717e+01
3.724796049249523122e+01
3.707922147656886125e+01
3.693977238817846853e+01
3.723125135738140301e+01
3.673240609170356663e+01
3.683223674094175237e+01
3.662190161520777565e+01
3.671536850782080563e+01
3.649746011761338593e+01
3.656180992943793484e+01
3.654451461896248077e+01
3.658723413837359573e+01
3.650123799481480802e+01
3.633131532888922521e+01
3.651535996779602300e+01
3.635290370921691050e+01
3.632197043773935263e+01
3.626681186226345943e+01
3.616109306301063953e+01
3.642214190311461408e+01
3.618535901961655554e+01
3.639767066757190861e+01
3.618943626687054405e+01
3.621670962259311466e+01
3.626815674436559789e+01
3.620443167127449158e+01
3.628791295699932817e+01
3.619632998267039170e+01
3.629375484813559893e+01
