1.193592004552852082e+01
1.179936637353565132e+01
1.151383911467030252e+01
1.135057301665072771e+01
1.122392036003491178e+01
1.119710898612625805e+01
1.125467121403256066e+01
1.104614208186255908e+01
1.102646760457545305e+01
1.103612081803032297e+01
1.114261699125076888e+01
1.099766906710118342e+01
1.087157059596440511e+01
1.078676479653800513e+01
1.072301138964232692e+01
1.086647755972168383e+01
1.071470686351803714e+01
1.073604929418918630e+01
1.062721625336016551e+01
1.063173561746402385e+01
1.073092171475737189e+01
1.055776321237929771e+01
1.067534180135320554e+01
1.062026428466099226e+01
1.059219369505904851e+01
1.057220562364405048e+01
1.045533070855314506e+01
1.060799890890861619e+01
1.037870736013882400e+01
1.047144781835822513e+01
1.052057963746045210e+01
1.035086614608749755e+01
1.049013537408527874e+01
1.049019728968633203e+01
1.049279431961021380e+01
1.017930599776586931e+01
