1.499683999999986952e+02
1.499683999999999742e+02
1.499683999999938351e+02
1.499683999955113904e+02
1.499683999997511705e+02
1.499683999999999742e+02
1.499683999999999742e+02
1.499683999999869854e+02
1.499683999999999457e+02
1.499683999999999742e+02
1.499683999938130228e+02
1.499683999999999742e+02
1.499683999999999742e+02
1.499683999999999742e+02
1.499683999999745083e+02
1.499683999999977857e+02
1.499683999999999742e+02
1.499683999999881507e+02
1.499683999999999742e+02
1.499683999999998605e+02
1.499683999999999742e+02
1.499683999999975583e+02
1.499683999999865023e+02
1.499683999999999742e+02
1.499683999999996900e+02
1.499683999999999742e+02
1.499683999999960804e+02
1.499683999999998889e+02
1.499683999999999742e+02
1.499683999999999742e+02
1.499683999999999742e+02
1.499683999999999742e+02
1.499683999999999742e+02
1.499683999999999742e+02
1.499683999999604112e+02
1.499683999999999742e+02
