5.032735082988738213e+02
5.033016198744385861e+02
5.032420946462307825e+02
5.031990653568458924e+02
5.032925218525196556e+02
5.032872231650699177e+02
5.034186503562686426e+02
5.033258644395760939e+02
5.033105367603112654e+02
5.033396430400341615e+02
5.034089898569734487e+02
5.033727231857182005e+02
5.032987293430817886e+02
5.032433517792385942e+02
5.032595452942262568e+02
5.033615644228923429e+02
5.032292180142381426e+02
5.032798196380795730e+02
5.032484292369694572e+02
5.032188930194783438e+02
5.033361843006285881e+02
5.032033923832833580e+02
5.033284839132503521e+02
5.032415416874495691e+02
5.032265498009542171e+02
5.031995987105584049e+02
5.031713981465055099e+02
5.033159999841124659e+02
5.031470169295665755e+02
5.031508517076956082e+02
5.032630080390942453e+02
5.031174138215411062e+02
5.032676751673884610e+02
5.032337019268021550e+02
5.032294904048707167e+02
5.030070574168659618e+02
