5.308591599227004281e+02
5.309240788604254249e+02
5.309196632808277627e+02
5.309751954892475396e+02
5.310849819973379908e+02
5.311135871204937757e+02
5.312164261183013423e+02
5.310864759412638705e+02
5.311287337857207831e+02
5.311866847782862351e+02
5.312182416613795795e+02
5.312003896094236097e+02
5.312216724807500441e+02
5.311095932672774325e+02
5.311312423528801219e+02
5.312017418868758796e+02
5.311549178071535380e+02
5.312238512845237892e+02
5.311737862486180575e+02
5.311522491990915569e+02
5.312468471163560935e+02
5.312196742973246728e+02
5.312957684755377841e+02
5.312204258993236863e+02
5.312113957801101378e+02
5.312163996887206849e+02
5.312146965991138359e+02
5.312974908581728641e+02
5.311306107520075557e+02
5.311676455594914614e+02
5.312910324197090404e+02
5.311003456983743263e+02
5.312825566471005914e+02
5.313444160749783123e+02
5.312896902446404965e+02
5.310931530136545007e+02
