5.206104122794876332e+01
5.222675984740322974e+01
5.205288207837599401e+01
5.213520215224198040e+01
5.219728697181861321e+01
5.229718382553354417e+01
5.237941047511636583e+01
5.234321867097404635e+01
5.227882390997866935e+01
5.231871229554543845e+01
5.227600315240120921e+01
5.230915400670020432e+01
5.245760606540419246e+01
5.220602088561805942e+01
5.243174363204204980e+01
5.243364227834354097e+01
5.241314435193491050e+01
5.250147759999972408e+01
5.255450422760073081e+01
5.249119698954870472e+01
5.243730191587749800e+01
5.262828758402955032e+01
5.265689389959150901e+01
5.254229828593421558e+01
5.253124718934387261e+01
5.245413987743278028e+01
5.271495194595303246e+01
5.267301072948841778e+01
5.267783893131744577e+01
5.249555580627482243e+01
5.269084502171435247e+01
5.269671309454660246e+01
5.276649364840471890e+01
5.288886156629644830e+01
5.279118621203047468e+01
5.263901905758731203e+01
