1.086820222149242312e+02
1.102157740271045867e+02
1.107477600291091591e+02
1.115867108542411614e+02
1.126688134509083881e+02
1.129880716685430428e+02
1.132350319246993280e+02
1.132741803984774265e+02
1.134188666548609206e+02
1.135241914794223561e+02
1.128349668390344220e+02
1.135916860362356857e+02
1.137556546398282791e+02
1.135826330787397893e+02
1.137659312905150415e+02
1.138337475437907642e+02
1.137976715267209471e+02
1.139015381016830730e+02
1.139298980498159324e+02
1.138374548977667757e+02
1.138836266749605670e+02
1.140713671919738772e+02
1.141039746088911215e+02
1.139673057776545306e+02
1.140076354651994848e+02
1.138627323646208538e+02
1.140427506560007629e+02
1.139925082798289111e+02
1.139599781798165452e+02
1.139288056714734978e+02
1.140217737140931007e+02
1.139180523843392194e+02
1.140590874729102495e+02
1.142400713658558118e+02
1.141090619690221075e+02
1.139462374513081926e+02
