2.918585633383964151e+01
2.955856322904935851e+01
2.942867388312210153e+01
2.945267272588192498e+01
2.974765431232513180e+01
2.974856605721239333e+01
2.999760964031920807e+01
2.983293605715021002e+01
2.981343972060448166e+01
2.981912095877687463e+01
2.970809917677189915e+01
2.985037749457941914e+01
2.978077652010415832e+01
2.958558796714304862e+01
2.971762112336946160e+01
2.993808445098311211e+01
2.964675787046688171e+01
2.980042291497487383e+01
2.971859660678676818e+01
2.969218446387579036e+01
2.976715958119623551e+01
2.963535522643722686e+01
2.979583513543803264e+01
2.973490417221072235e+01
2.975742877445779300e+01
2.971089987088602413e+01
2.965839168199474329e+01
2.980153114875960796e+01
2.961242905145302728e+01
2.957820130581552576e+01
2.977881326013632801e+01
2.967356293497157793e+01
2.981859007893016411e+01
2.992346922920311414e+01
2.981869687224657284e+01
2.944905633026503722e+01
