-1.995509822154823143e-01
-1.722619698403862754e-01
-1.655350613587307229e-01
-1.819789925563502497e-01
-1.585949098297598225e-01
-1.544512941725875999e-01
-1.524062896741375794e-01
-1.496088863935042812e-01
-1.480694791877204819e-01
-1.466444343843453513e-01
-1.637963386250894937e-01
-1.440110686042621324e-01
-1.433861170803718554e-01
-1.419961100670711629e-01
-1.410411081557020885e-01
-1.390998497380823429e-01
-1.390951395877211560e-01
-1.385595630544871060e-01
-1.380120509123759220e-01
-1.375638931899017259e-01
-1.373799242677815891e-01
-1.364177282570918637e-01
-1.350681628194194683e-01
-1.351753944088000814e-01
-1.342559546610914978e-01
-1.341469714392137247e-01
-1.338730132259320638e-01
-1.331558952605067514e-01
-1.336283654892327089e-01
-1.326477399793532519e-01
-1.330433693389898309e-01
-1.306625666283174336e-01
-1.321465539305419212e-01
-1.321015809964216081e-01
-1.312536283362268630e-01
-1.308850049442099595e-01
