5.033406460406374663e+02
5.033413027087615887e+02
5.032726796038645034e+02
5.032390177651727754e+02
5.033032329640759031e+02
5.032914926331903303e+02
5.034221150757693408e+02
5.033248946059683249e+02
5.033069250543206863e+02
5.033361169987870767e+02
5.034302959578474201e+02
5.033662471430294545e+02
5.032908126009625107e+02
5.032359668119421485e+02
5.032498938380542199e+02
5.033491263776051596e+02
5.032184241098418624e+02
5.032676794874312804e+02
5.032360037585573309e+02
5.032061321892747969e+02
5.033232284419609641e+02
5.031897256574616222e+02
5.033131342787240214e+02
5.032270712823169561e+02
5.032104972211198515e+02
5.031858791094314824e+02
5.031579306950470709e+02
5.033000221102858518e+02
5.031333883135579299e+02
5.031368511050557686e+02
5.032487006340553535e+02
5.031004392147397084e+02
5.032513400729255295e+02
5.032155219646662090e+02
5.032129222041938306e+02
5.029926515058720611e+02
