5.685010599999999386e+02
5.685010599999999386e+02
5.685010599999999386e+02
5.685010599999999386e+02
5.685010599999999386e+02
5.685010599999999386e+02
5.685010599999999386e+02
5.685010599999999386e+02
5.685010599999999386e+02
5.685010599999999386e+02
5.685010599999999386e+02
5.685010599999999386e+02
5.685010599999999386e+02
5.685010599999999386e+02
5.685010599999999386e+02
5.685010599999999386e+02
5.685010599999999386e+02
5.685010599999999386e+02
5.685010599999999386e+02
5.685010599999999386e+02
5.685010599999999386e+02
5.685010599999999386e+02
5.685010599999999386e+02
5.685010599999999386e+02
5.685010599999999386e+02
5.685010599999999386e+02
5.685010599999999386e+02
5.685010599999999386e+02
5.685010599999999386e+02
5.685010599999999386e+02
5.685010599999999386e+02
5.685010599999999386e+02
5.685010599999999386e+02
5.685010599999999386e+02
5.685010599999999386e+02
5.685010599999999386e+02
