5.311638591106600416e+02
5.310948880497164737e+02
5.310591479983385170e+02
5.311370028446727929e+02
5.311257024192807421e+02
5.311334460483354860e+02
5.312279956733003701e+02
5.310833045586406342e+02
5.311168134160227510e+02
5.311721793108873726e+02
5.312989398716946425e+02
5.311745148615011658e+02
5.311913243170475880e+02
5.310763568213444614e+02
5.310908083226414647e+02
5.311536788272410377e+02
5.311097580753149714e+02
5.311750264247257292e+02
5.311232989987781821e+02
5.310996281888434396e+02
5.311951934721570296e+02
5.311621914910849682e+02
5.312328859820071330e+02
5.311599900635299036e+02
5.311450288748508228e+02
5.311546213301245416e+02
5.311527127812405524e+02
5.312301714298201887e+02
5.310663742116714729e+02
5.311016356209270270e+02
5.312263998866845895e+02
5.310261266546712022e+02
5.312118431405541514e+02
5.312707863242645772e+02
5.312172229421538532e+02
5.310224369154097985e+02
