1.568408386285994425e+02
1.567444607804231964e+02
1.581491726197603498e+02
1.572044956928256170e+02
1.573398558449832478e+02
1.581301389111498850e+02
1.571636301561568132e+02
1.578709116673120718e+02
1.578979795377684070e+02
1.581358059119069424e+02
1.579391750790782680e+02
1.587554164128958973e+02
1.583787029451535204e+02
1.595409555091624725e+02
1.575425693506682876e+02
1.581559615882043488e+02
1.586694131589136134e+02
1.586438332362588994e+02
1.586894889713240673e+02
1.594487750611060903e+02
1.591688160088093298e+02
1.587379149237983427e+02
1.585996925145565513e+02
1.590357191019119796e+02
1.590607041313997740e+02
1.596459356977148332e+02
1.593739711859962256e+02
1.581933677326591123e+02
1.598484560901513873e+02
1.606446397687474814e+02
1.589838450378061339e+02
1.601732569521236940e+02
1.583465468453400433e+02
1.579416713288145218e+02
1.594891323916498038e+02
1.607526046245565681e+02
