1.693463127922841238e+01
1.711792520747282964e+01
1.645853618260016304e+01
1.622686563524042214e+01
1.631747822344985721e+01
1.613432574819772469e+01
1.664384809162972445e+01
1.641413918879297995e+01
1.593261556096580911e+01
1.615568065861969060e+01
1.607137654996333609e+01
1.597620796175058899e+01
1.577596817614267799e+01
1.551710789993185635e+01
1.598069182943178568e+01
1.620700245560750830e+01
1.572765889652549198e+01
1.557755901264388321e+01
1.573746596607372084e+01
1.554015603453953531e+01
1.592693671873393235e+01
1.551726514951758240e+01
1.560431004224485108e+01
1.558294568987022721e+01
1.547602183244453933e+01
1.513335140810594126e+01
1.515902054882083050e+01
1.589372278016898399e+01
1.527607183967512583e+01
1.492461716541777328e+01
1.556703592220668853e+01
1.539634044938357427e+01
1.543301528766217245e+01
1.540454426848935654e+01
1.542125636709978664e+01
1.465259236197838355e+01
