6.032810702547964610e+01
6.014171106979598846e+01
5.997060474846585265e+01
5.967626134542804550e+01
5.984609959528172141e+01
5.986280011066370577e+01
6.002303269891684323e+01
5.961988414626201660e+01
5.913842558899990820e+01
5.987516752290720490e+01
5.975273231933428519e+01
5.930630956306579549e+01
5.962895178914570948e+01
5.915949046415295953e+01
5.974350036081884241e+01
5.957397328461335206e+01
5.987768656132106315e+01
5.939222030021058885e+01
5.999676082347102835e+01
5.966426287198611078e+01
6.019184899315443005e+01
6.013731981460283293e+01
5.980256356087836878e+01
5.970613494178152791e+01
5.916412293545156587e+01
5.881014225733161993e+01
5.978826750867927586e+01
6.011212526612916207e+01
5.976767856213499641e+01
5.906134060280214726e+01
6.015701440223331531e+01
5.929697261502457195e+01
5.961703433689800136e+01
5.994750530966577173e+01
5.982630622707823420e+01
5.891574474096825043e+01
