5.369766776115460516e+02
5.370681561565291986e+02
5.367676435248650932e+02
5.367838339989101542e+02
5.369198109870255848e+02
5.367956468265849708e+02
5.371200678538725697e+02
5.369812727213352446e+02
5.367485111636732427e+02
5.369629960343006587e+02
5.369439255230707886e+02
5.368574926869230239e+02
5.368327866370661923e+02
5.366331373702632845e+02
5.369851192764937196e+02
5.370476379163194451e+02
5.368942311695482204e+02
5.368342006921183156e+02
5.369674771866457377e+02
5.368082634688514645e+02
5.370855950215668599e+02
5.369392222787013225e+02
5.369515748090562965e+02
5.368982773500457597e+02
5.368190543612706733e+02
5.366980962870235317e+02
5.368041360659584598e+02
5.372117888718182712e+02
5.368235739987321722e+02
5.365732983324203360e+02
5.371115911985036746e+02
5.368154041709573221e+02
5.370595937551386214e+02
5.371207028182147951e+02
5.370042699252076090e+02
5.365062432602456965e+02
