5.058696314379072305e+02
5.059621568694217331e+02
5.057368982773795665e+02
5.056402362158323172e+02
5.057681557025641155e+02
5.056457454041211008e+02
5.059359966848021486e+02
5.059127601074644645e+02
5.056872500653359452e+02
5.057673596358288250e+02
5.057541584573130535e+02
5.057361815100583726e+02
5.056226916072005793e+02
5.055262525918160463e+02
5.057949864889518494e+02
5.058729187325790804e+02
5.056354172396208355e+02
5.056080736343117792e+02
5.057221987625255224e+02
5.055909211172864275e+02
5.057898757432394063e+02
5.055883172268297585e+02
5.056509987995594315e+02
5.055966099334493720e+02
5.055559876665849401e+02
5.054230887412571747e+02
5.054733949123826733e+02
5.057946850685074196e+02
5.055659656239708397e+02
5.053331378773204960e+02
5.056900203429186718e+02
5.055910573006707409e+02
5.056908648803527626e+02
5.056481829144159406e+02
5.055983605315657314e+02
5.052549746751547559e+02
