5.758567454220900572e+02
5.758718617039230594e+02
5.757346476285616745e+02
5.757379434341575006e+02
5.758476890952904341e+02
5.756854182815449121e+02
5.759093506090675874e+02
5.757487530840415957e+02
5.755852253644133043e+02
5.757723954403764992e+02
5.757215188351999586e+02
5.755990724332086756e+02
5.756442577354964669e+02
5.754831687040101542e+02
5.758187351524426276e+02
5.757555981408918342e+02
5.756938806670283384e+02
5.755727804954376552e+02
5.757256613656015816e+02
5.755611951666173809e+02
5.757892217393340388e+02
5.757096554076050552e+02
5.756550623909212163e+02
5.756399478717249849e+02
5.755267182912210728e+02
5.753853143973976785e+02
5.755401809733378968e+02
5.758252504054023575e+02
5.755419760713668893e+02
5.752968897900952925e+02
5.757315320771007237e+02
5.754291450366233676e+02
5.756513641983873413e+02
5.757174288561690219e+02
5.755851008129980073e+02
5.752499542314379823e+02
