1.344674296109332374e+02
1.345458057007899413e+02
1.346132139510261823e+02
1.343547795267866434e+02
1.346036037841432176e+02
1.342896526765955514e+02
1.344142600412274078e+02
1.344081697102561748e+02
1.341347036734931066e+02
1.345081481741401888e+02
1.341694043957254507e+02
1.343530154534779797e+02
1.342964187648709640e+02
1.342195420968144219e+02
1.342386149789693377e+02
1.341947919152568147e+02
1.343243162291709609e+02
1.343559898264353762e+02
1.346243081134525710e+02
1.343777601659089953e+02
1.346425223154544994e+02
1.345514553321291658e+02
1.342801489068262697e+02
1.342553819256741576e+02
1.341315133214472439e+02
1.342990900086875286e+02
1.345854416321013503e+02
1.342550574851920544e+02
1.346323570962942142e+02
1.343322597191179568e+02
1.347005467965046819e+02
1.341448343035137043e+02
1.345928654371131188e+02
1.347988469631358441e+02
1.346004802349545173e+02
1.343014981210232008e+02
