6.931227987416738756e+01
6.941092606284243516e+01
6.905188876658785091e+01
6.902546662765809060e+01
6.926434392391612960e+01
6.911406494066119421e+01
6.938292577428572372e+01
6.927944304343621695e+01
6.891472173415799318e+01
6.931352627988943027e+01
6.920568814689676174e+01
6.909600834402510827e+01
6.919348521327896151e+01
6.889070449353387460e+01
6.943037547324291836e+01
6.938473908766607678e+01
6.941302988148379427e+01
6.929744430976735714e+01
6.967108637409671701e+01
6.940841917691173535e+01
6.969349235385925567e+01
6.966466763946347385e+01
6.956594066250320907e+01
6.945918397099762842e+01
6.923335392817894274e+01
6.917779052145375829e+01
6.969461059753678001e+01
6.986819235016174900e+01
6.974981501934348671e+01
6.919636369960021227e+01
6.998038625056216233e+01
6.950314370933023156e+01
6.994553703576330861e+01
7.012077071743850354e+01
6.985890817184987611e+01
6.922170036601255561e+01
