4.064847979199732464e+01
4.097041541791087127e+01
4.041265739289623582e+01
4.016464308714645171e+01
4.050051377143475406e+01
4.007954564239665984e+01
4.079645321902203392e+01
4.066270941001739914e+01
4.010355158096511730e+01
4.031230318887200070e+01
4.008696122511678084e+01
4.015316163192872523e+01
4.006572290578383644e+01
3.964640739018294369e+01
4.045902669107347549e+01
4.061117989275859230e+01
4.002712541265805157e+01
4.006184486175109072e+01
4.035314888934919964e+01
4.001668383099747217e+01
4.035772313350003770e+01
4.005976740080362930e+01
4.008479296541053571e+01
4.008318486594102126e+01
4.003189067229045861e+01
3.972987575442517283e+01
3.992556441442272330e+01
4.051697218933257005e+01
4.013072132207607012e+01
3.941750501725358902e+01
4.038703462084450990e+01
4.021117820753141103e+01
4.040528644325335250e+01
4.051905511516313396e+01
4.026212179384108936e+01
3.952215181893102880e+01
