-1.987914027858342925e-01
-1.973052236097267709e-01
-1.996826980559012477e-01
-1.930765329290349275e-01
-1.934515064111561877e-01
-1.978051896623393979e-01
-1.963458468451393379e-01
-1.956765244532762404e-01
-1.921632581530730577e-01
-1.965933303169170032e-01
-1.962096554998056241e-01
-1.957397234680010867e-01
-1.951222587367308081e-01
-1.964561312346350397e-01
-1.923314230264592528e-01
-1.954867381001093862e-01
-1.965267053737971836e-01
-1.928375847594496484e-01
-1.955759444312972772e-01
-1.972149055806689255e-01
-1.998843796890027169e-01
-1.958933525429268629e-01
-1.947754468688429885e-01
-1.960676788386472025e-01
-1.932067722149267974e-01
-1.908659427649184170e-01
-1.937952321511930420e-01
-1.955957654466073115e-01
-1.957605193358864237e-01
-1.955378608886695346e-01
-1.956319308201005247e-01
-1.972710266652574485e-01
-1.888134165803369291e-01
-1.880792409932916798e-01
-1.954756785232631133e-01
-1.934919186804657243e-01
