3.685520757543680121e-09
3.685523161644394031e-09
3.685271919930324824e-09
3.685148671532040969e-09
3.685383783474812698e-09
3.685340799569138018e-09
3.685819008513297047e-09
3.685463090142819476e-09
3.685397300916853690e-09
3.685504176411765931e-09
3.685848956669392796e-09
3.685614483527559032e-09
3.685338309807839464e-09
3.685137500664034936e-09
3.685188493294229691e-09
3.685551804436602355e-09
3.685073268537314992e-09
3.685253612921814530e-09
3.685137635941880232e-09
3.685028261337315454e-09
3.685456990115681045e-09
3.684968187520305201e-09
3.685420033952244779e-09
3.685104930064118763e-09
3.685044244082555902e-09
3.684954102938000616e-09
3.684851764956507311e-09
3.685372027890319077e-09
3.684761896413215604e-09
3.684774576490217671e-09
3.685184124506171477e-09
3.684641240962351798e-09
3.685193788520659747e-09
3.685062642303740466e-09
3.685053123228760606e-09
3.684246508339195384e-09
