3.786013160288991111e-09
3.785767347422401225e-09
3.785639963598025557e-09
3.785917446452296081e-09
3.785877171810370971e-09
3.785904770099699124e-09
3.786241728683162793e-09
3.785726062293901024e-09
3.785845491160040242e-09
3.786042812404492646e-09
3.786494541899936033e-09
3.786051135962501530e-09
3.786111041843711913e-09
3.785701299402699360e-09
3.785752806774811612e-09
3.785976878762097276e-09
3.785820345544388911e-09
3.786052959095960374e-09
3.785868605980222433e-09
3.785784241789389359e-09
3.786124830683566714e-09
3.786007217080972533e-09
3.786259156085737184e-09
3.785999371427253247e-09
3.785946050910961728e-09
3.785980237764099810e-09
3.785973435851287970e-09
3.786249482351793171e-09
3.785665719438051313e-09
3.785791396471075913e-09
3.786236041823225273e-09
3.785522265915942502e-09
3.786184165961598799e-09
3.786394217338804844e-09
3.786203338037980118e-09
3.785509114383756624e-09
