3.916818973144975727e-09
3.916818973144975727e-09
3.916818973144975727e-09
3.916818973144975727e-09
3.916818973144975727e-09
3.916818973144975727e-09
3.916818973144975727e-09
3.916818973144975727e-09
3.916818973144975727e-09
3.916818973144975727e-09
3.916818973144975727e-09
3.916818973144975727e-09
3.916818973144975727e-09
3.916818973144975727e-09
3.916818973144975727e-09
3.916818973144975727e-09
3.916818973144975727e-09
3.916818973144975727e-09
3.916818973144975727e-09
3.916818973144975727e-09
3.916818973144975727e-09
3.916818973144975727e-09
3.916818973144975727e-09
3.916818973144975727e-09
3.916818973144975727e-09
3.916818973144975727e-09
3.916818973144975727e-09
3.916818973144975727e-09
3.916818973144975727e-09
3.916818973144975727e-09
3.916818973144975727e-09
3.916818973144975727e-09
3.916818973144975727e-09
3.916818973144975727e-09
3.916818973144975727e-09
3.916818973144975727e-09
