3.027620065823889561e+01
3.016600556170496361e+01
2.992516858451990913e+01
2.997941815112843855e+01
2.988103542304832061e+01
2.981370939343368320e+01
3.003434587418503554e+01
2.982208298809792524e+01
2.977561536762837591e+01
2.977291468171715394e+01
2.995855717648552741e+01
2.976766505155849174e+01
2.968406447162085726e+01
2.947761123953641871e+01
2.958587680490842686e+01
2.978380544756656789e+01
2.950330560131481050e+01
2.964460274711334975e+01
2.955543288156016146e+01
2.952286680104668548e+01
2.960378077243433381e+01
2.945346473041766089e+01
2.959742016680659660e+01
2.954227272676583382e+01
2.954513539401796862e+01
2.951154294823249202e+01
2.945741362592259804e+01
2.958706132120396148e+01
2.940015578293938603e+01
2.936387905809244359e+01
2.957216720926243525e+01
2.942888026431920778e+01
2.959101000754415267e+01
2.968982753055925983e+01
2.958702711844279420e+01
2.921368155102241460e+01
