5.269682836178154162e+01
5.257996356819108996e+01
5.235165001261321294e+01
5.250263971756012182e+01
5.228424092956975500e+01
5.234233670713507536e+01
5.240185022822392824e+01
5.233777251571063260e+01
5.225425488628049919e+01
5.228686112702979472e+01
5.245164489218789328e+01
5.225176567689995011e+01
5.239342126598666027e+01
5.212981861119391169e+01
5.234129842076217898e+01
5.232821384227881367e+01
5.231044298122245095e+01
5.239531939652432158e+01
5.243939139657726400e+01
5.237210926864353411e+01
5.232233501337869086e+01
5.249747903627896761e+01
5.251712150462698503e+01
5.240376091447133433e+01
5.238329239383641323e+01
5.231206469531979764e+01
5.257142929033281575e+01
5.252897832276158141e+01
5.252201391675401965e+01
5.234004489273866767e+01
5.254394178232811896e+01
5.252000795966441871e+01
5.260679510631301525e+01
5.273325286170867088e+01
5.262862269567160922e+01
5.246728828018209612e+01
