1.150284675647157826e+02
1.136987136915874288e+02
1.136445120082251208e+02
1.147208543770710065e+02
1.134411948489442352e+02
1.133759479643390620e+02
1.134375625255231483e+02
1.132203850099736826e+02
1.132056920248205785e+02
1.132536793265567923e+02
1.142947713511268830e+02
1.131095868175467132e+02
1.132024298472386619e+02
1.129428513613774498e+02
1.130019510448542803e+02
1.129492841514549042e+02
1.129531738826858600e+02
1.130106547085109128e+02
1.129872809006807017e+02
1.128571134251890840e+02
1.129351552804343299e+02
1.130090034745752234e+02
1.129565823389233827e+02
1.128425453498123687e+02
1.127872537083287909e+02
1.126993994819978582e+02
1.128749422573530694e+02
1.127795873474269399e+02
1.127169620105473626e+02
1.126710805511143718e+02
1.128256390034564447e+02
1.125111184897645416e+02
1.127573849979334568e+02
1.129345023332623725e+02
1.127857242508789284e+02
1.125708907681442383e+02
