-1.490867043005320025e-01
-1.368392189321535612e-01
-1.362139142129306646e-01
-1.485064363079736938e-01
-1.353463204055670444e-01
-1.354626313238226354e-01
-1.353954642157617627e-01
-1.349810918433245466e-01
-1.349945508190788512e-01
-1.347948461601337911e-01
-1.473526270511066050e-01
-1.343954045155592858e-01
-1.345802425173246719e-01
-1.339965488199131860e-01
-1.342202650997747770e-01
-1.339492354430840693e-01
-1.339331535763760572e-01
-1.338301468445556031e-01
-1.336937387988524351e-01
-1.336535027777104312e-01
-1.335288066087272907e-01
-1.337566408651167660e-01
-1.335294354156730257e-01
-1.333397284907379410e-01
-1.332953103412746199e-01
-1.328966810457302694e-01
-1.329120968874100694e-01
-1.331438168925613008e-01
-1.328528008317347020e-01
-1.326018339239776467e-01
-1.328454912487556927e-01
-1.323697872083587357e-01
-1.327865047004705978e-01
-1.329823189150755036e-01
-1.326043257125507357e-01
-1.321449160569872772e-01
