1.176950646726021787e+00
1.064304747551373387e+00
1.016636057458923714e+00
9.745710242585911010e-01
9.093244871726989809e-01
9.243853675697897287e-01
9.233143721170594675e-01
8.942915000988136409e-01
8.929077088434281828e-01
8.727663732788155659e-01
8.861164095806985941e-01
8.792701467773246238e-01
8.863192204069736402e-01
8.810046968251901145e-01
9.091656566001461437e-01
8.811677565209804497e-01
8.769743831792802258e-01
8.883668989007790229e-01
8.704659269613767014e-01
8.876773747169972584e-01
9.450849124845677185e-01
8.341836682295193928e-01
9.402934738771283607e-01
9.182603616941434899e-01
9.119931716453720805e-01
9.816352357232767112e-01
9.189905742992788840e-01
9.390012608114407522e-01
9.503346947794905075e-01
9.648928353088787047e-01
9.154480318053446197e-01
9.594673567024586402e-01
8.722858271126732177e-01
9.353689566772059871e-01
9.166642495200227891e-01
8.861346307002729850e-01
9.293447432344081882e-01
8.905522046647311729e-01
8.423832965104284254e-01
8.759397240798615369e-01
8.943460588595688598e-01
8.678246223000835036e-01
8.388187612857699316e-01
9.193321282243618331e-01
8.650542560827524374e-01
8.205577321063414198e-01
9.149046937933785761e-01
8.261166518442886186e-01
7.622900035674869956e-01
7.256460612112817232e-01
8.515872968776410090e-01
8.828787040585668322e-01
7.467922675403243504e-01
7.164020465823858208e-01
6.888214208495865298e-01
6.793441397255617353e-01
7.425043049196697886e-01
7.454566768145284295e-01
7.457779965287836266e-01
8.141545707459220127e-01
6.551353769404349991e-01
6.576475196929517653e-01
6.181122949973137937e-01
6.305019613802456124e-01
6.113554221504692299e-01
5.953670659177920932e-01
6.775547635333039054e-01
6.018293325463140997e-01
5.844279824986718941e-01
5.276148801208588868e-01
4.670166580387932198e-01
4.855999051435637703e-01
4.803938384019662000e-01
4.800677773293321460e-01
5.297646792052647102e-01
4.110289366803795974e-01
4.649169148739764057e-01
3.931843116536495875e-01
4.076258872178165071e-01
4.379215967881682214e-01
4.351368153237707981e-01
3.738382463549419499e-01
3.619527881581144357e-01
4.373719718260727363e-01
