4.592390080241661110e+01
4.611242452932140878e+01
4.571144226581144920e+01
4.625354606944197400e+01
4.621073631145108607e+01
4.582010759494862384e+01
4.542006494257231708e+01
4.602827099770273378e+01
4.487523281923692053e+01
4.581703483602800731e+01
4.548034231327128651e+01
4.583432847109682484e+01
4.477875161352449851e+01
4.555487875704123013e+01
4.546438665268514256e+01
4.531992442853924530e+01
4.564738676377992732e+01
4.610126651159516342e+01
4.481169241295840067e+01
4.682842685599111832e+01
4.520264376600007949e+01
4.556898574031232840e+01
4.441411470698162134e+01
4.409387757386005546e+01
4.331282449293359349e+01
4.440589729239573558e+01
4.439524941302805416e+01
4.152754847656802895e+01
4.335519604477642019e+01
4.191231415841663477e+01
4.216601153893250853e+01
4.241252267739927362e+01
4.116635921506214402e+01
4.293322210492622304e+01
4.173464939648370375e+01
4.002607315568079116e+01
4.137025283343962911e+01
4.429730541008277100e+01
4.202285826598684082e+01
4.073655141271096625e+01
4.020127298363266988e+01
4.101053904483815415e+01
3.840907124307112497e+01
4.173557793634653024e+01
4.145016237823697480e+01
4.046250743908738201e+01
4.111344693723255261e+01
4.033072726645261241e+01
3.706695054128348232e+01
4.070628422014978298e+01
4.081574688986343347e+01
3.988397826486554010e+01
3.843821250589263627e+01
3.978866490978381876e+01
3.880143209034411456e+01
4.021220774732612568e+01
4.305834174902307865e+01
4.063390393677939016e+01
4.384721701639224989e+01
4.100084446636855517e+01
3.871363707393867770e+01
3.849037906286810795e+01
3.829623216123169982e+01
3.825017465392735971e+01
3.948392764633231877e+01
3.973829603838917990e+01
3.878628705524027964e+01
3.957267514237553740e+01
3.975933791465411815e+01
3.800633736075771196e+01
3.282443031908962183e+01
3.621647970829730667e+01
3.746669391327245791e+01
3.633845822190006913e+01
3.576608693623747115e+01
3.731006369671433731e+01
3.638088407507895283e+01
3.490498680851880664e+01
3.768688346088558916e+01
3.736788389100651386e+01
3.835119261453601780e+01
3.800890501635898033e+01
3.680493724019716240e+01
3.546793848597651788e+01
