1.280509586007841278e+02
1.265252829244211341e+02
1.261824818141399476e+02
1.247525242829133134e+02
1.246225968782738533e+02
1.242608782281814683e+02
1.237149729940639276e+02
1.225051966164979120e+02
1.232774245415735379e+02
1.223677990350299041e+02
1.215329094628619231e+02
1.203716949411280410e+02
1.218880646913909516e+02
1.203182823757202442e+02
1.191343754199742762e+02
1.194515077097571805e+02
1.183203595096170204e+02
1.173766300976716650e+02
1.177834725339121036e+02
1.140191106765523017e+02
1.153946373578431377e+02
1.145846756608589914e+02
1.149378967790397041e+02
1.147407967763322603e+02
1.154494757047553861e+02
1.130504438523226298e+02
1.118897315917359521e+02
1.156718456518332090e+02
1.119403961085728412e+02
1.138209037284934482e+02
1.125498116645375859e+02
1.129898148072426096e+02
1.132265150713306383e+02
1.103246732066127009e+02
1.111727564752560369e+02
1.128080270548688873e+02
1.106549562811909055e+02
1.062579859345919999e+02
1.096969554030816880e+02
1.109199937917789640e+02
1.112261861270521734e+02
1.094402027015695040e+02
1.133499520498863120e+02
1.085691356385516713e+02
1.075336607333722441e+02
1.095693172811956657e+02
1.087561201831524471e+02
1.095784520580769055e+02
1.139860572340036384e+02
1.086971631784414427e+02
1.084255131621079187e+02
1.088405593792136870e+02
1.126125160765795101e+02
1.102560078768497362e+02
1.109319780374934794e+02
1.088907836865450349e+02
1.052221779762132456e+02
1.079121740678780696e+02
1.031702421975339519e+02
1.078520808308717847e+02
1.109467370883239852e+02
1.115152696693718752e+02
1.117162436361067535e+02
1.115204117509864545e+02
1.093261675895183203e+02
1.095861541602315157e+02
1.110325833181182418e+02
1.100101637034689332e+02
1.093010494643591528e+02
1.128602038216163947e+02
1.213343343420788614e+02
1.171046634380540894e+02
1.132883685977533048e+02
1.160648019855762243e+02
1.169958399894874077e+02
1.147581115030434660e+02
1.161214147269647015e+02
1.178077089895530918e+02
1.132317052119802270e+02
1.136320537530846622e+02
1.117764443597092026e+02
1.138159243864929948e+02
1.153444056079647595e+02
1.177780221996609953e+02
