4.592511581632554396e+01
4.587410333543035534e+01
4.632757349954360393e+01
4.665527965628562157e+01
4.671832768955416526e+01
4.643625397525750031e+01
4.702082756137108532e+01
4.696053301579889450e+01
4.717089907023243001e+01
4.732158594330268642e+01
4.724001498463128002e+01
4.773481986575713165e+01
4.746171829503695960e+01
4.760515757853210062e+01
4.805699566792520727e+01
4.793502720288610419e+01
4.748209397086964856e+01
4.835934539954882894e+01
4.829902295136324142e+01
4.811046743041635665e+01
4.870739124746064164e+01
4.826250061340231667e+01
4.815138946136114129e+01
4.835881424407520512e+01
4.827781291700062383e+01
4.805811338484191708e+01
4.811396706593758665e+01
4.807066357918400001e+01
4.765047535528658784e+01
4.795863042805645193e+01
4.834353115762208120e+01
4.837414109434806875e+01
4.821982506206175145e+01
4.801675184841695199e+01
4.813402530090587561e+01
4.840954476877596591e+01
4.811983599358207186e+01
4.791945056775745115e+01
4.765567476645527023e+01
4.761613030339960773e+01
4.761267593169164059e+01
4.745729654634442340e+01
4.785124420493289676e+01
4.739484536062848008e+01
4.780440647152476430e+01
4.700538328790160136e+01
4.738091701665105404e+01
4.714719398014207030e+01
4.727107427900502046e+01
4.727164349131162879e+01
4.796221403023397301e+01
4.748729175925628709e+01
4.679015664101963523e+01
4.731970825919573542e+01
4.698651460524082779e+01
4.668455771763764517e+01
4.687513859743915390e+01
4.694540902770344815e+01
4.707865015125157271e+01
4.708751044165943256e+01
4.659100014486973862e+01
4.630450275928522785e+01
4.648664599507529971e+01
4.676372262132216662e+01
4.623640064802900440e+01
4.654840274140968148e+01
4.665112662620308015e+01
4.612171012924773095e+01
4.599068660044923718e+01
4.622985091263529966e+01
4.629648624001479362e+01
4.584293544701244372e+01
4.600109699296996979e+01
4.632773316570769140e+01
4.595647030393376298e+01
4.605612290293727540e+01
4.571994643480039144e+01
4.631911516220909419e+01
4.610366785441777182e+01
4.584056071034925850e+01
4.581263128232220083e+01
4.585881743516385001e+01
4.605965101341890033e+01
4.613828562916530274e+01
