1.280502418522526398e+02
1.275573840260840512e+02
1.272399901393910397e+02
1.270533319100364906e+02
1.270935716394725858e+02
1.274720192012291164e+02
1.272558502293097007e+02
1.279486579727097251e+02
1.281935061750114073e+02
1.286309056276690796e+02
1.289765668934124676e+02
1.289756940316690645e+02
1.292982679823792012e+02
1.297782446354164279e+02
1.297063279073231854e+02
1.301717724308671791e+02
1.303857878665666874e+02
1.299951288234720153e+02
1.305079459537177797e+02
1.308683508105512772e+02
1.303801234332526349e+02
1.307043198979860108e+02
1.311414664877771372e+02
1.310158944548210229e+02
1.314075962389635777e+02
1.316627769319520098e+02
1.315928073453142702e+02
1.319015362922457371e+02
1.322229387910806508e+02
1.320545544477016620e+02
1.318880402729907928e+02
1.319399323098710965e+02
1.324256662937174553e+02
1.324584591068762904e+02
1.324029673536367682e+02
1.327179102614578028e+02
1.328160014654759777e+02
1.332195736911936592e+02
1.334521673142217537e+02
1.336215142031115306e+02
1.340503911305373776e+02
1.339441396705882994e+02
1.339495424568168573e+02
1.345349663685329631e+02
1.347429608945166422e+02
1.353873437931251829e+02
1.351673604836921925e+02
1.356813918586628063e+02
1.356520979218888954e+02
1.360999782646107121e+02
1.353635838166747192e+02
1.363829135246736826e+02
1.367783813837940556e+02
1.366779952324956184e+02
1.373868358590671903e+02
1.380399159847040380e+02
1.376981886466666936e+02
1.377465766915313452e+02
1.382644637849155345e+02
1.383379017586555335e+02
1.386745089867720253e+02
1.393028888057722838e+02
1.395598905104660901e+02
1.396340486744121563e+02
1.402947204611711811e+02
1.401430186638721977e+02
1.403200141547826831e+02
1.408659509111363661e+02
1.409822312069649399e+02
1.411234677535877040e+02
1.413064033967060595e+02
1.421613826228204971e+02
1.422745589183005279e+02
1.420665309444029276e+02
1.426092573631966047e+02
1.429553214883970895e+02
1.436042578193740553e+02
1.435954737323113477e+02
1.435281911637679855e+02
1.436010810586351454e+02
1.442559493756183144e+02
1.446377427240002476e+02
1.441979423707503827e+02
1.446993138765354558e+02
