1.176909193708936652e+00
1.022780629508155625e+00
9.280990365567539646e-01
8.675941322315910975e-01
8.176988534903574246e-01
8.056235733176696501e-01
7.438719240087223739e-01
7.318792663285994538e-01
7.020747958331996497e-01
6.566349526664264635e-01
6.409765007487854271e-01
6.249191102414046739e-01
5.976076582747062993e-01
5.651665653954698332e-01
5.637238896171037350e-01
5.362388954250475459e-01
5.294026587481399648e-01
5.034985946436313364e-01
4.869684828209288052e-01
4.834573651279145956e-01
4.565540354994936934e-01
4.637156866322629800e-01
4.451632867513465874e-01
4.429230500558606343e-01
4.271661061658610370e-01
4.155173836984580871e-01
4.252839946742709154e-01
4.056534607010922056e-01
3.852846264630412909e-01
3.855318066537335442e-01
3.907484472968523748e-01
3.774144012121232739e-01
3.754157913778821132e-01
3.604229133052244682e-01
3.640423897084922866e-01
3.458809854986925059e-01
3.275308188400389287e-01
3.317333862022563973e-01
3.410722121193591194e-01
3.321556723683143919e-01
3.240850779309650820e-01
3.103293369140581737e-01
3.064614104908017778e-01
3.027594815511014947e-01
2.910629449929182933e-01
2.950542232592671121e-01
2.739265021632749653e-01
2.816077856941778257e-01
2.769545375717996083e-01
2.591732983189274919e-01
2.602445802599895330e-01
2.603229316870172561e-01
2.520210373279153093e-01
2.504866812993668534e-01
2.392730808117293773e-01
2.444669183329183926e-01
2.384985043487896361e-01
2.351327638755774940e-01
2.353519277203952320e-01
2.274363213306442866e-01
2.245800452634728883e-01
2.356253037632120850e-01
2.214441536241338604e-01
2.076761550536024015e-01
1.970367155839085060e-01
2.106668764768316326e-01
2.003991140123466408e-01
1.939304960543730416e-01
1.927039027080529321e-01
1.824623567345542152e-01
1.790423176776178293e-01
1.832150851666113911e-01
1.780060236007029728e-01
1.775040945581696783e-01
1.721641213744265764e-01
1.624157471605147951e-01
1.614323152962131025e-01
1.566902422992206279e-01
1.598223026773784583e-01
1.559571790066004437e-01
1.539366398061125518e-01
1.490690585409321367e-01
1.481256593047201864e-01
1.608197181313385793e-01
