5.003354022185207555e+02
5.006451400521467008e+02
5.008837398201938527e+02
5.010757279545364327e+02
5.012099977915428894e+02
5.013348931582776231e+02
5.015139552289505787e+02
5.016227937968897095e+02
5.018147606546506836e+02
5.019655238054250503e+02
5.020951435552819362e+02
5.022961078034184652e+02
5.023979076030671536e+02
5.025561709112694757e+02
5.027701947098079813e+02
5.028754817689627998e+02
5.029422235444268381e+02
5.031656637494479583e+02
5.032768177258101332e+02
5.033747811561715366e+02
5.035383339589559455e+02
5.036498803360368584e+02
5.036967073073616348e+02
5.038389726262616364e+02
5.038779714389279434e+02
5.039711314943868388e+02
5.040522203049619634e+02
5.041487468810360042e+02
5.041268879070225353e+02
5.042475278947010793e+02
5.043813101262108489e+02
5.044438382485577108e+02
5.044728964935804925e+02
5.045028906247864597e+02
5.045937196681762202e+02
5.046675067361399556e+02
5.046996104930085494e+02
5.046947190051366761e+02
5.047303924536452655e+02
5.047372782019311330e+02
5.047785405281763929e+02
5.048032169541295957e+02
5.049102696415913556e+02
5.048903195815697700e+02
5.049593252482675894e+02
5.049097562878170606e+02
5.049931755970647487e+02
5.049764598673779119e+02
5.050105982826154332e+02
5.050174372551095416e+02
5.051222045204360143e+02
5.051037925277119598e+02
5.050350725393404332e+02
5.051393226350384680e+02
5.050993383713271214e+02
5.050979440787043018e+02
5.051599994348574683e+02
5.051504012227857743e+02
5.051922325909180245e+02
5.052249303103700413e+02
5.051868236873060027e+02
5.051558794193874178e+02
5.051845423729271261e+02
5.052474089750301687e+02
5.052065628931283072e+02
5.052253486620411422e+02
5.053078935309541180e+02
5.052132791955175435e+02
5.052057220166108777e+02
5.052701961763052054e+02
5.052725181473010707e+02
5.052381593294537083e+02
5.052633373714895697e+02
5.053626527922170339e+02
5.053062685095712254e+02
5.053105978054394427e+02
5.052681207079919545e+02
5.053534325215829881e+02
5.053556680152247509e+02
5.053354440572664998e+02
5.053252618257424729e+02
5.053800706367757698e+02
5.054185746691323970e+02
5.054435625404174175e+02
