4.643376104113968950e+02
4.645509650398280428e+02
4.644979866258728975e+02
4.645151553364207757e+02
4.644258503145381951e+02
4.645329154217519658e+02
4.644134973353975511e+02
4.644169511235138543e+02
4.644541261377829642e+02
4.643022912912677498e+02
4.643175695025163350e+02
4.642357278450143099e+02
4.641663608289668446e+02
4.641342813875314732e+02
4.641898731278276955e+02
4.640082131538880503e+02
4.640840263952546820e+02
4.639982660470082010e+02
4.639462934335771820e+02
4.640901192967974112e+02
4.639246068715820002e+02
4.638881965412705313e+02
4.638390637433616348e+02
4.638638064023688798e+02
4.638379699887574930e+02
4.637413824966712923e+02
4.638574825825861581e+02
4.637690760466638267e+02
4.637469102888313728e+02
4.637100465576690453e+02
4.638474257574581543e+02
4.637326775988743748e+02
4.637500875613192193e+02
4.636780459154548453e+02
4.636161591590045532e+02
4.636029502066029409e+02
4.635101017551391465e+02
4.637651644530234307e+02
4.638301498729734931e+02
4.637057345104029764e+02
4.634346810454749175e+02
4.636380120701358578e+02
4.636880834626306864e+02
4.635164192750993948e+02
4.633688051521593820e+02
4.633500736130177984e+02
4.635877706959656734e+02
4.634208245421310153e+02
4.635697591930550630e+02
4.630815200563171743e+02
4.632808910404389735e+02
4.634063181660495729e+02
4.634955774932702752e+02
4.633832730254753187e+02
4.631325258313112840e+02
4.634688461646889550e+02
4.633054379150772775e+02
4.632791362730944797e+02
4.632801068060471721e+02
4.632160682882554283e+02
4.633395138620004445e+02
4.633851014190576052e+02
4.632632447184599300e+02
4.631301015296058949e+02
4.629221809004017132e+02
4.632870853525795951e+02
4.631210109629323597e+02
4.629644208272784454e+02
4.631499509441178475e+02
4.630057860977677251e+02
4.627982776708092842e+02
4.633552434912011222e+02
4.632529221675659414e+02
4.631358769859340327e+02
4.631590053187463241e+02
4.630578237694251129e+02
4.626609471909494573e+02
4.629007287388262171e+02
4.627770037143748141e+02
4.629940019448031308e+02
4.630036357830108500e+02
4.627407467637338527e+02
4.630478626066754373e+02
4.627544207347523866e+02
