5.323548721596844189e+02
5.325706385711322355e+02
5.327963301881599136e+02
5.329875437214332123e+02
5.330975310079602423e+02
5.331187589465986321e+02
5.333470943959690658e+02
5.334776675210458734e+02
5.336434494712857486e+02
5.337771352467220822e+02
5.339011438813517998e+02
5.341430624258491662e+02
5.342209982723898065e+02
5.343528274875748139e+02
5.345862160747989265e+02
5.346938768120104442e+02
5.346947853606387753e+02
5.349720427396028981e+02
5.350723015832401188e+02
5.351479011724860584e+02
5.353429234101021166e+02
5.353287967708168935e+02
5.353961585668005227e+02
5.355079752343859809e+02
5.355457960671727733e+02
5.355979818674729813e+02
5.357161604607647405e+02
5.357429923831642782e+02
5.357106618493189671e+02
5.358707006938154791e+02
5.360378050998687058e+02
5.361033608198417824e+02
5.361250987709444189e+02
5.361488605886240748e+02
5.362154716933958980e+02
5.363384266380051031e+02
5.363087062618890286e+02
5.363470280665409291e+02
5.363667537302695791e+02
5.364023048453836964e+02
5.364409830234213814e+02
5.364683037568513555e+02
5.365891493886668968e+02
5.365165039728415195e+02
5.366750027029123657e+02
5.365621729390111341e+02
5.366805689639069215e+02
5.366646526177997885e+02
5.367684948656618644e+02
5.367991268021174847e+02
5.370284307486467696e+02
5.369581826144681145e+02
5.368600716374081685e+02
5.370071446409774580e+02
5.369661354978093186e+02
5.369902507290518088e+02
5.370489957061339510e+02
5.371296027428268189e+02
5.371855193213931443e+02
5.372116162370883785e+02
5.371391768161635127e+02
5.371320255021272487e+02
5.372250206280468774e+02
5.372852860924633660e+02
5.372164428291702052e+02
5.373594262951555720e+02
5.373972866506950368e+02
5.373536850309044439e+02
5.373502485875691264e+02
5.373836163762646265e+02
5.375035444621432816e+02
5.374383706396433809e+02
5.375049226617152272e+02
5.376319482635485656e+02
5.375876511685513606e+02
5.376353671674542056e+02
5.375838090634509854e+02
5.377561632530189399e+02
5.377791694748875670e+02
5.377488946880126832e+02
5.377639271874894575e+02
5.377953131345946076e+02
5.378848001703831869e+02
5.379681710868341042e+02
