5.208476394484778638e+01
5.198617088185393698e+01
5.229427540380644501e+01
5.256666859456131391e+01
5.270027701462085190e+01
5.269827942446595870e+01
5.316531049527634423e+01
5.326639157811165148e+01
5.358110036219752459e+01
5.379588412618238635e+01
5.389702753938819058e+01
5.429500249319070804e+01
5.419086336940792137e+01
5.446458071484166652e+01
5.476211570325470035e+01
5.476664424109817730e+01
5.461027317689388383e+01
5.520204506977867709e+01
5.525219878023047215e+01
5.521859694899804083e+01
5.563836610735793187e+01
5.544184778512848766e+01
5.543620485948416388e+01
5.559337137202218315e+01
5.566748802231924742e+01
5.552505521465604943e+01
5.554079738521726739e+01
5.561178643829698132e+01
5.547064088420293615e+01
5.562309868886590891e+01
5.580544200000954902e+01
5.584677883270818199e+01
5.584245003047073652e+01
5.573615794261598211e+01
5.583561153931305654e+01
5.606708080715962694e+01
5.592586396433699036e+01
5.580413118487564361e+01
5.567284650709310512e+01
5.567111903315711885e+01
5.571849239202126114e+01
5.564474636799666740e+01
5.589613552037451427e+01
5.573466803634263300e+01
5.598635269025737671e+01
5.553650968117655395e+01
5.577629475799798087e+01
5.574199884203613209e+01
5.575646167086215854e+01
5.583670052896675173e+01
5.613425547582045283e+01
5.597694115333246856e+01
5.559892201298362124e+01
5.590874918616830769e+01
5.579636091149908594e+01
5.563989700577482722e+01
5.575954986035705474e+01
5.577973081707568781e+01
5.592020859975905012e+01
5.601408960163627171e+01
5.574156434382679493e+01
5.557707053724995916e+01
5.571193631300520366e+01
5.593869569059572910e+01
5.568059171980416266e+01
5.584926821602621061e+01
5.592557658609626259e+01
5.559650782485618237e+01
5.553356722883552976e+01
5.581447118576224398e+01
5.580490024907718549e+01
5.565196232054671555e+01
5.575486531146923852e+01
5.592948556087469569e+01
5.572899833645185907e+01
5.587368345437725736e+01
5.574928844227601843e+01
5.609530054374503294e+01
5.590960342345803724e+01
5.577937400589134143e+01
5.585463619292322335e+01
5.589565364960238014e+01
5.600992634746295096e+01
5.600509366249904275e+01
