1.244974720869646134e+01
1.187817580501306303e+01
1.153582299965121472e+01
1.104154788976462065e+01
1.093999405005349423e+01
1.083581332749925785e+01
1.051327659447892060e+01
1.047001068047768335e+01
1.037377163123300505e+01
1.007823809302817963e+01
9.885028759357085804e+00
9.884326446311105130e+00
9.691516146910432283e+00
9.616579510038720358e+00
9.563284046662690940e+00
9.351184573488446006e+00
9.386877258286043357e+00
9.208841105037915753e+00
9.043742388605167548e+00
9.099634517021648605e+00
8.962820457527735485e+00
8.867942934705071778e+00
8.812263319886834978e+00
8.757120739175203283e+00
8.743141327711809296e+00
8.512157842773090621e+00
8.801690579332126063e+00
8.552713224484080001e+00
8.399657761830392033e+00
8.412624644297530097e+00
8.455984277163310026e+00
8.284291534084866626e+00
8.276572917109689342e+00
8.058687125850003241e+00
8.210700012870656650e+00
8.109346051175819525e+00
7.804452005991941554e+00
7.969460626363534139e+00
8.108971088120199511e+00
7.977428434846655314e+00
7.984050713972128399e+00
7.737725117932493291e+00
7.709992204691093143e+00
7.647933907516389240e+00
7.455218966395660729e+00
7.618268948343260405e+00
7.344803054154350974e+00
7.416444090709106263e+00
7.416323636322271540e+00
6.949497815813355572e+00
7.099387270642417036e+00
7.089682667479128675e+00
6.965077741595838035e+00
6.954320107307694343e+00
6.682447058329325174e+00
6.972855493664045667e+00
6.907987861024930787e+00
6.846865461938743458e+00
6.629118971101286562e+00
6.743867868454338499e+00
6.743618144644187851e+00
7.007192340096361605e+00
6.523497755103290885e+00
6.414467859654344295e+00
6.143824174921023840e+00
6.556723462535224201e+00
6.372767109680350650e+00
6.091075717955517277e+00
6.112692617744210466e+00
5.915155317292107640e+00
5.837205428643393645e+00
6.124590391587556581e+00
6.062426466010289339e+00
5.875533384494355360e+00
5.963291965949212070e+00
5.931697494280330218e+00
5.538912517484666509e+00
5.549462548933804307e+00
5.571466380663497198e+00
5.652662880749788066e+00
5.392918355594891189e+00
5.428559316872775931e+00
5.548107074407117700e+00
5.428107207088497255e+00
