1.030932518286959692e+02
1.031392216548044161e+02
1.033799387150963582e+02
1.035395222631217393e+02
1.036608739490856124e+02
1.037201720711735504e+02
1.039235781620896262e+02
1.041629059962329649e+02
1.043424470194643447e+02
1.046837109442328426e+02
1.047300055565572023e+02
1.050022212583481007e+02
1.049896548466770412e+02
1.052129648162768660e+02
1.054707771111324064e+02
1.055983973615578435e+02
1.053685056739739991e+02
1.056628650593433036e+02
1.059274138655437696e+02
1.059707017176414894e+02
1.060561649432670492e+02
1.060836286000046158e+02
1.061609728118419014e+02
1.063438720372925559e+02
1.063810862296268311e+02
1.064396787303198693e+02
1.064427720339474774e+02
1.066108566111373932e+02
1.063962162485032081e+02
1.065467445933109616e+02
1.067414467946700256e+02
1.067753929399160171e+02
1.068856148387636438e+02
1.067447514154405042e+02
1.068631404882538760e+02
1.070970174538874033e+02
1.070852076434371725e+02
1.071114732481606779e+02
1.070713689682327754e+02
1.070547132735595142e+02
1.073064986084670664e+02
1.070937486991545029e+02
1.073593841674807408e+02
1.074052577768268293e+02
1.076787697832456558e+02
1.075730337079753127e+02
1.076707414368678144e+02
1.077318088288873668e+02
1.077512045236160105e+02
1.079048548980912017e+02
1.079141698562325615e+02
1.081481470417209323e+02
1.078401611392012853e+02
1.081654431790047681e+02
1.082705665059009590e+02
1.084399456653087555e+02
1.083692280320551760e+02
1.083375366416640730e+02
1.086325374958764058e+02
1.086769822750049883e+02
1.085439173387585612e+02
1.086655073002839629e+02
1.087969254751545236e+02
1.089239063151516689e+02
1.089783210252966938e+02
1.090054693434338731e+02
1.092561913146615353e+02
1.091557881205371530e+02
1.090699564824217020e+02
1.092498572326407782e+02
1.092865194663719990e+02
1.094166338155328759e+02
1.095102685708704371e+02
1.096667231683920107e+02
1.096612495665407323e+02
1.098408183892030365e+02
1.099567172478669335e+02
1.102535071726862697e+02
1.100784082084580859e+02
1.099369615180725077e+02
1.101664802870176487e+02
1.104009277318600937e+02
1.102677340954626715e+02
1.105918168802831900e+02
