-1.944515125516419474e-01
-1.952124381649952278e-01
-1.959332479792791348e-01
-1.962964070225619861e-01
-1.960904243719498730e-01
-1.960009423859504496e-01
-1.963258614577081951e-01
-1.975765993966148437e-01
-1.982838535395730628e-01
-1.973126677261946571e-01
-1.993723808875779990e-01
-2.007058520622970188e-01
-2.000006498682228850e-01
-2.008038861401248987e-01
-2.019963565215414647e-01
-2.026531497983109498e-01
-2.011020951198549400e-01
-2.019067644465177003e-01
-2.047770908801593848e-01
-2.059706264748809856e-01
-2.068429886555666064e-01
-2.063069848941489204e-01
-2.072518188010649132e-01
-2.091284281474403706e-01
-2.085307622953654072e-01
-2.095196989903168328e-01
-2.106155927752286772e-01
-2.106437870262277412e-01
-2.119808199087598599e-01
-2.114304389898687686e-01
-2.140985553311942069e-01
-2.127495767285459138e-01
-2.149630765703028634e-01
-2.139260264769388131e-01
-2.150779214749319046e-01
-2.179155495287439792e-01
-2.175001061547118530e-01
-2.180714874009972437e-01
-2.174803462345399341e-01
-2.183708205880219022e-01
-2.209022025717489179e-01
-2.201481603695046585e-01
-2.219415790160052526e-01
-2.211080278742334759e-01
-2.257076064381564606e-01
-2.245258381495109923e-01
-2.242791482206448195e-01
-2.258366041499066945e-01
-2.271622203351771063e-01
-2.277705076155016883e-01
-2.279598051228407252e-01
-2.300011888530088811e-01
-2.280768282786176104e-01
-2.299040490150540406e-01
-2.323710782397605257e-01
-2.343409054630389288e-01
-2.317732942171781552e-01
-2.339397682389529054e-01
-2.357322048200910514e-01
-2.369544810597651319e-01
-2.377351290820741980e-01
-2.395238957160999715e-01
-2.402588828241060126e-01
-2.412196862098144046e-01
-2.431231474191191677e-01
-2.421148693271033825e-01
-2.442388164760695424e-01
-2.423111836536363528e-01
-2.445199152352965088e-01
-2.438654242082515522e-01
-2.457849203567258889e-01
-2.462357158504528964e-01
-2.517891892771635942e-01
-2.502843813042376908e-01
-2.475753798414360163e-01
-2.539392434612013361e-01
-2.544018027004742444e-01
-2.567709342059937838e-01
-2.561975090890387108e-01
-2.569112461693345839e-01
-2.592392175134195509e-01
-2.604501077869386672e-01
-2.600978927619830849e-01
-2.599721858844384892e-01
