4.643377185728035670e+02
4.643833288322447856e+02
4.644983074407040817e+02
4.643360296447766586e+02
4.640628595917070243e+02
4.642959069298362351e+02
4.641764186799252911e+02
4.639861691732270401e+02
4.641532151744561929e+02
4.637919861713577916e+02
4.640125772584285642e+02
4.639143804413805583e+02
4.637481644138499064e+02
4.638699796981028385e+02
4.638664468392095159e+02
4.636516383610349408e+02
4.637489843022305536e+02
4.635122376013405869e+02
4.636075708341526251e+02
4.636882275125955175e+02
4.636969436764511556e+02
4.632657611424946253e+02
4.636318738850771410e+02
4.635214337617259730e+02
4.636729573101516166e+02
4.634555143563129036e+02
4.633877023421462695e+02
4.637758024717513763e+02
4.635918115807473896e+02
4.634971116398739355e+02
4.634123621188860511e+02
4.634313717110228481e+02
4.637316868270910959e+02
4.631900686193876027e+02
4.633219732101692330e+02
4.633183899060203430e+02
4.638252502686541447e+02
4.631686597448395446e+02
4.633971979602543456e+02
4.634027252488563136e+02
4.636783510792353695e+02
4.635161441183180955e+02
4.633772955396505608e+02
4.631895007630058103e+02
4.636235370029486376e+02
4.633837590290177673e+02
4.633379450776063209e+02
4.633487736401157804e+02
4.633260697899648335e+02
4.632632319862129862e+02
4.630109018003740857e+02
4.635365297034335867e+02
4.631788228602165987e+02
4.631271250208649235e+02
4.628297155032160504e+02
4.636949405384855822e+02
4.633984617968573616e+02
4.631987992061204977e+02
4.630622973329598153e+02
4.633082192898002063e+02
4.634377397674775239e+02
4.631601728007952943e+02
4.631241053505783611e+02
4.630813697946879870e+02
4.637143107102309045e+02
4.626663378835580147e+02
4.628266522183886877e+02
4.629193456075257131e+02
4.626341809409270809e+02
4.627758215050944273e+02
4.628135365745287686e+02
4.626902803597399725e+02
4.631221570210393566e+02
4.626568642745806414e+02
4.633033011500411362e+02
4.635486929748770990e+02
4.627408685949334881e+02
4.634486423532633808e+02
4.627827172297529046e+02
4.629037223445021709e+02
4.633797326972374435e+02
4.629261696832323310e+02
4.633786728406564066e+02
4.630111595610515565e+02
