5.323546233223798936e+02
5.324861391243954358e+02
5.324209468580287421e+02
5.325356055450251915e+02
5.324901290639792251e+02
5.323941507430745332e+02
5.323553735153683419e+02
5.325472856658589080e+02
5.323306101246655544e+02
5.326318730459671542e+02
5.327241268338942746e+02
5.329617542400201273e+02
5.327911866134277261e+02
5.331157204717654849e+02
5.333008005809615497e+02
5.333672919985051522e+02
5.335600312608414697e+02
5.338352623961279733e+02
5.336599080804909363e+02
5.344208831627851168e+02
5.341803588069054740e+02
5.342877752532117483e+02
5.342586810723016697e+02
5.342602138626577926e+02
5.341931708439747126e+02
5.347560843724778579e+02
5.347782587724720997e+02
5.341593515108963857e+02
5.348009696140853748e+02
5.345806386546531712e+02
5.347022688516029802e+02
5.348693336277315211e+02
5.345471909501550272e+02
5.353050488198529138e+02
5.350194510338365035e+02
5.346775468457952911e+02
5.351182140185139815e+02
5.359487101244144469e+02
5.354239643525684187e+02
5.351452807779943441e+02
5.351532069438815142e+02
5.354585584629768391e+02
5.347286653153533962e+02
5.357670246450504692e+02
5.358408527723412362e+02
5.355529694494329078e+02
5.359108213677885715e+02
5.356419493483294900e+02
5.347916866425704256e+02
5.357858072669939702e+02
5.359778247658359760e+02
5.358511616252428666e+02
5.353280941501124062e+02
5.356880512235991318e+02
5.354960626042262675e+02
5.360353041950919533e+02
5.368768347169827848e+02
5.362868219330002830e+02
5.372933810515626192e+02
5.365545393564557344e+02
5.358440200387091181e+02
5.358860109646411729e+02
5.357771584278440287e+02
5.358294891822251884e+02
5.362516441497066353e+02
5.363004163100904407e+02
5.361416703862779514e+02
5.362879837615661245e+02
5.364323883583730321e+02
5.359447431735793543e+02
5.345545942525347982e+02
5.355339551673807819e+02
5.360359026729172456e+02
5.356756905221357101e+02
5.355535807063953371e+02
5.359920595858757224e+02
5.357678260084197746e+02
5.354146000383869932e+02
5.362692402334195094e+02
5.363258527695554676e+02
5.365481813283545307e+02
5.363823356403891012e+02
5.361944685973434161e+02
5.359421158085091292e+02
