5.003352673396684622e+02
5.006790378657834140e+02
5.008616743790946089e+02
5.010846379734020388e+02
5.012153014981668662e+02
5.014077287735701134e+02
5.015465911173020572e+02
5.017605981370004997e+02
5.018604364748618991e+02
5.021335360991656671e+02
5.023351357499428218e+02
5.025825201153963349e+02
5.027671420709154972e+02
5.030688623511376818e+02
5.032745973913157513e+02
5.035202123342064056e+02
5.038479339248102065e+02
5.041590442244093424e+02
5.042188008756482418e+02
5.046225452258065047e+02
5.047173038398843232e+02
5.048844554340574291e+02
5.049878446536953902e+02
5.052046464034085034e+02
5.052808849024971209e+02
5.054672199574570755e+02
5.056944059556366255e+02
5.056167503618909791e+02
5.059540110919999734e+02
5.058766789688274343e+02
5.059609853136307152e+02
5.060837153537586914e+02
5.061127728621395931e+02
5.063227436300831528e+02
5.063008434001681053e+02
5.062238797855585517e+02
5.064937881713034926e+02
5.067489320374461386e+02
5.065356494345003853e+02
5.065802612259435023e+02
5.066111627184743611e+02
5.066907203063786369e+02
5.065501021764511052e+02
5.069039988437293687e+02
5.069034053045560881e+02
5.069086795209983052e+02
5.069968581144816540e+02
5.068292974295906106e+02
5.066921518804966240e+02
5.069582558644178221e+02
5.070027876344254878e+02
5.069937636677311161e+02
5.068707802788878780e+02
5.069715015363664747e+02
5.069148821913250913e+02
5.070303891517753527e+02
5.072837338637737048e+02
5.070283822360705130e+02
5.073040368740167878e+02
5.072410679276583778e+02
5.069614080542631882e+02
5.068314073594565912e+02
5.068834197001233974e+02
5.068335109087758497e+02
5.069830867321973074e+02
5.070015124496712247e+02
5.069133309712509003e+02
5.069850023065760070e+02
5.070676725393431639e+02
5.068775057371710204e+02
5.064810019023694281e+02
5.067564020170808590e+02
5.068743170807825322e+02
5.067947305205888142e+02
5.066953813538528948e+02
5.068024447138370761e+02
5.066792034355531200e+02
5.064496215286131928e+02
5.066931424980879228e+02
5.066302172077751038e+02
5.069342528813102149e+02
5.069119904129614724e+02
5.067698124201778000e+02
5.066471225667800695e+02
