6.812897580126700348e+01
6.722955110769079567e+01
6.677309723424798449e+01
6.616524252181893928e+01
6.643596866940076495e+01
6.539916742396182769e+01
6.504510853631555278e+01
6.516072931677967972e+01
6.468514912761162350e+01
6.428643111499195584e+01
6.364667073289130883e+01
6.364959261110452360e+01
6.327891436310778062e+01
6.306074788646255058e+01
6.156314733730996380e+01
6.238006520812532330e+01
6.184238595121876614e+01
6.101840487200735197e+01
6.069522596135082182e+01
6.075541293676050003e+01
5.894489935789881230e+01
5.945195238048415831e+01
5.885757554080264242e+01
5.781710815176054297e+01
5.717430338911458421e+01
5.660213936769223864e+01
5.629532098405865526e+01
5.565720545559477017e+01
5.461629254944386247e+01
5.430196510929008724e+01
5.434893497784039340e+01
5.457789820263047886e+01
5.312319548451796436e+01
5.368876459337956675e+01
5.266860910645521443e+01
5.298503094749555942e+01
5.240285657014735676e+01
5.364843956611371567e+01
5.286614631588354740e+01
5.246145920669940210e+01
5.168054174887470253e+01
5.177035097053617108e+01
5.103959289495844587e+01
5.094706528703833470e+01
5.110521932861809802e+01
5.086442216122171800e+01
5.076511771589206035e+01
5.156876260636703080e+01
5.050045193934436583e+01
5.125735755764305424e+01
4.943289800956736713e+01
4.999210719646912082e+01
5.147597573407171012e+01
5.125277315817059787e+01
5.100204744172737747e+01
5.086689133439452348e+01
5.111606096061230176e+01
5.081114618920354786e+01
5.045746135888961703e+01
5.162813062273994547e+01
5.053878972300172734e+01
5.150391498283001113e+01
5.156978882422787791e+01
5.027325750560953566e+01
5.105927203978734497e+01
5.164960810226719445e+01
5.035487432935747165e+01
5.123047409970008914e+01
5.211917081061382362e+01
5.124465034877614045e+01
5.106852966960295959e+01
5.118185529899374586e+01
5.224051591894512825e+01
5.199645682226483956e+01
5.130318226230495782e+01
5.292444725226122415e+01
5.204017813440545837e+01
5.228846448451538009e+01
5.163268718338461838e+01
5.228687136038545447e+01
5.196736090073265046e+01
5.302979540013793525e+01
5.200051271883005199e+01
5.205320701333154432e+01
