1.014105565736875825e+00
9.231935341383242788e-01
8.831228099838402956e-01
8.609540791818538485e-01
8.067633280801501661e-01
8.265296529154945171e-01
8.299684981131126849e-01
8.065484882442196524e-01
8.112136422336416741e-01
7.931960613570641083e-01
8.121953314462443396e-01
8.134921243309009009e-01
8.190661829886782819e-01
8.189877985654498982e-01
8.475115085514088875e-01
8.252634704106061037e-01
8.237855481552208703e-01
8.418292786888179613e-01
8.346876271632150956e-01
8.555361397586135341e-01
9.130249000426514661e-01
8.111662373590625696e-01
9.156916527756266966e-01
9.025412602308805488e-01
9.042196623858022031e-01
9.636858235940983786e-01
9.132221600565587627e-01
9.408141813913943885e-01
9.519606709905764630e-01
9.704107177293122000e-01
9.180145654989937398e-01
9.618002209395325464e-01
8.870290428453166953e-01
9.445063612615827164e-01
9.242330230852896511e-01
9.076535092845668951e-01
9.469416768969602938e-01
8.982484069905529722e-01
8.535884084398672744e-01
8.951550157791252627e-01
9.166903428455379643e-01
8.858922430253660663e-01
8.801823940097159849e-01
9.255296368719936329e-01
8.827814792182064885e-01
8.345836252471305894e-01
9.292884959623388674e-01
8.354500113781727633e-01
8.075747095501397688e-01
7.432784184212305467e-01
8.598769402659328653e-01
9.026189305750589309e-01
7.783786079770521615e-01
7.321559074653176680e-01
7.112997082317136233e-01
6.900291153303159675e-01
7.461455066237924205e-01
7.492458990813591901e-01
7.472886394410859223e-01
8.221725057844873064e-01
6.729258489820904021e-01
6.613099026953733750e-01
6.334858238029750233e-01
6.424889715015805747e-01
6.177907855733495435e-01
6.006106044600421079e-01
6.783796930898957633e-01
5.994489024209126438e-01
5.855969148423771919e-01
5.386037888124128870e-01
5.260871229970526253e-01
5.026208582603963748e-01
4.869051815772335035e-01
4.920464064176193197e-01
5.437958693988367287e-01
4.124300547177055520e-01
4.611792820799670567e-01
3.983828202598468371e-01
3.981080534121568815e-01
4.241174494464948208e-01
4.271296203307850536e-01
3.726606182315218008e-01
3.676182551798604647e-01
4.273762850312854966e-01
