5.018771982466187183e+02
5.021341743074594319e+02
5.023043605255887201e+02
5.024562400607237578e+02
5.026007158877384882e+02
5.027510878685427542e+02
5.028945880865157392e+02
5.030732681514426190e+02
5.032370465874328715e+02
5.034219355703364727e+02
5.036020885154694042e+02
5.038128206166958876e+02
5.040587805567419650e+02
5.042856942086372669e+02
5.043976627168524942e+02
5.046881909763590670e+02
5.049372140990685693e+02
5.051630192922834794e+02
5.052932657319774989e+02
5.055299106756848460e+02
5.056351923740628536e+02
5.058059969554459485e+02
5.059313641909162698e+02
5.060979545157712778e+02
5.061886495331178821e+02
5.062595371032510911e+02
5.064536195793539264e+02
5.065405394295675023e+02
5.066704357190558312e+02
5.066766959298815323e+02
5.067480905165508602e+02
5.068598685312489351e+02
5.069007529026666248e+02
5.069920318462397404e+02
5.070005003718141552e+02
5.070418802493831549e+02
5.071811494677297674e+02
5.072941927856749658e+02
5.072090060133663201e+02
5.073062644785458701e+02
5.073321614391046523e+02
5.073504915577438510e+02
5.073549114544409235e+02
5.074825253788185364e+02
5.074803076919446312e+02
5.075513619409950365e+02
5.075960627829937266e+02
5.075251828444133366e+02
5.075542672720982296e+02
5.076198621554274837e+02
5.075561947077305831e+02
5.076243006512518150e+02
5.077069418024080960e+02
5.077032238281560694e+02
5.077005189196976289e+02
5.077005190100786649e+02
5.077670006781018515e+02
5.076624326100671851e+02
5.076811354804734719e+02
5.078917658033358293e+02
5.077270683290121269e+02
5.076819482957167224e+02
5.077607588637737877e+02
5.076395837662679469e+02
5.077246462356225720e+02
5.077701713201918210e+02
5.076956956996647250e+02
5.077596186301249190e+02
5.078495059871898434e+02
5.077771096943504858e+02
5.077352045399044869e+02
5.078160510195276629e+02
5.078613891166943972e+02
5.078808357024078646e+02
5.077807408856292000e+02
5.078923477313896910e+02
5.078050238254655255e+02
5.077074781320184798e+02
5.076969720738685510e+02
5.077057758044325624e+02
5.078691544813135579e+02
5.079782717621725396e+02
5.078614190311445213e+02
5.078122927465306589e+02
