5.380959083845090163e+02
5.379732693273349469e+02
5.378773678640066009e+02
5.377083803229123760e+02
5.376930974251458792e+02
5.374654197339978055e+02
5.373716016706628125e+02
5.373772664412323365e+02
5.372997082461376976e+02
5.373166179337870290e+02
5.372912002951748036e+02
5.373784677949035995e+02
5.374121722580190408e+02
5.374616262457294624e+02
5.373402301319265462e+02
5.375658053371753340e+02
5.375388897906215107e+02
5.375597541592816242e+02
5.375490022515625697e+02
5.377262674565292855e+02
5.375842109847201300e+02
5.376303255584261933e+02
5.377230818784458961e+02
5.376175326230834344e+02
5.376356889428074055e+02
5.377545842940061220e+02
5.376373173857442680e+02
5.376633579069490452e+02
5.375899076582021507e+02
5.376937232715848722e+02
5.376734918287022538e+02
5.378855863049603840e+02
5.375403161881769165e+02
5.379032713591410584e+02
5.377012369224031545e+02
5.378227862810905435e+02
5.377916842406327760e+02
5.379781619297194766e+02
5.379852741660338324e+02
5.379518328340560629e+02
5.379560415486228067e+02
5.380024657194363726e+02
5.378940284755162793e+02
5.379840005685481401e+02
5.380636166172016601e+02
5.380561625519744666e+02
5.382335157964889731e+02
5.382737334111708378e+02
5.381487593713197839e+02
5.382373409930029311e+02
5.381045895494196429e+02
5.382663249663297620e+02
5.385074708221795845e+02
5.384074802283383860e+02
5.383962538050629973e+02
5.385298068023473661e+02
5.386418166028685164e+02
5.386223468691399603e+02
5.386580510506137216e+02
5.389631244531720995e+02
5.387033237576624742e+02
5.389664587604735289e+02
5.389178433311234357e+02
5.387605078722513099e+02
5.389329287821657317e+02
5.390568189171398217e+02
5.389511367097908305e+02
5.390206555051862551e+02
5.392385520795465936e+02
5.391732579201685667e+02
5.392496157075266865e+02
5.393534003762830480e+02
5.395515952263349391e+02
5.395350417084612218e+02
5.394664277940839838e+02
5.397264904455580563e+02
5.396037264842883587e+02
5.396619246473146632e+02
5.396190912301467506e+02
5.398600401602183183e+02
5.397465672248284818e+02
5.399442147527531688e+02
5.399461734744600108e+02
5.399999999999998863e+02
