4.641000198118358639e+02
4.641158286935780666e+02
4.642048301358873914e+02
4.640809161804079395e+02
4.638101757876472675e+02
4.640446506246438503e+02
4.639206014914813636e+02
4.637291390146211256e+02
4.639268691363892003e+02
4.635654213133038866e+02
4.638007034687291821e+02
4.637396208481737858e+02
4.635411044509497174e+02
4.636923016505123769e+02
4.636894092591596745e+02
4.634822699712763097e+02
4.635778874795004185e+02
4.633420061161266972e+02
4.634719981340174400e+02
4.635832263036697327e+02
4.635622344850386298e+02
4.631565142097705348e+02
4.635038987243797237e+02
4.633879996768225169e+02
4.635567730274538008e+02
4.633576207667254039e+02
4.632971551725119639e+02
4.636463754810669684e+02
4.634922531358745346e+02
4.633996247245217432e+02
4.633067610067993201e+02
4.633278030766460915e+02
4.636441850354550525e+02
4.631309828577710732e+02
4.632435990539545401e+02
4.632243075754526558e+02
4.637512083878825706e+02
4.631286055436837614e+02
4.633458688607224758e+02
4.633221502608199103e+02
4.635940069785715991e+02
4.634674105624648064e+02
4.633147176386852379e+02
4.631309625516644246e+02
4.635781281204327229e+02
4.633142434470678950e+02
4.632896058129501284e+02
4.632894210015247154e+02
4.632527328451469089e+02
4.632314232662682230e+02
4.629854776723768168e+02
4.634929704932736740e+02
4.631299772739645846e+02
4.630983153530597747e+02
4.628094727519952016e+02
4.636653682827519560e+02
4.634014143816479532e+02
4.631850262841692825e+02
4.630663314205581287e+02
4.632936386877373138e+02
4.634136896458526280e+02
4.631459684293228634e+02
4.631032480398384905e+02
4.630523558856536397e+02
4.637120867001212901e+02
4.626715971048891447e+02
4.627994401824325905e+02
4.629151376936620750e+02
4.626018006447350785e+02
4.627664318270815897e+02
4.627739218846933227e+02
4.626853918738473794e+02
4.631206309366522760e+02
4.626596092247082765e+02
4.632836836189342762e+02
4.635251087523500360e+02
4.627631925511394115e+02
4.634396479804402134e+02
4.627756811617743438e+02
4.629065129260872595e+02
4.634091786047093251e+02
4.629507970375697710e+02
4.634170686389003322e+02
4.631059752962094080e+02
