5.891957364496035154e+01
5.872769855463603506e+01
5.861265377732389936e+01
5.859814208395162893e+01
5.876619224351491511e+01
5.861472827458428725e+01
5.846546270431307590e+01
5.864005007185793517e+01
5.851748132423756488e+01
5.863564301910296450e+01
5.842924530886548240e+01
5.837373843252054684e+01
5.842560692361438868e+01
5.838435454361273713e+01
5.783245616165400094e+01
5.809152563677493220e+01
5.791761290332576095e+01
5.771509053596498973e+01
5.746319666131916648e+01
5.729649222000370656e+01
5.669403618578319737e+01
5.692717471312905531e+01
5.632692473111006137e+01
5.607547902492503766e+01
5.570209164906793831e+01
5.531086353319376059e+01
5.521319707841484359e+01
5.485294278958895831e+01
5.439172228608628501e+01
5.408867785555860053e+01
5.412041786285254830e+01
5.410715148592264967e+01
5.376005715780493688e+01
5.337344036541482950e+01
5.318050414905630419e+01
5.288905147793190054e+01
5.283957922515909900e+01
5.326526017346809283e+01
5.287430172805954243e+01
5.257696816451795030e+01
5.227749575639249002e+01
5.215339279816743812e+01
5.201311498343348916e+01
5.219182749820569711e+01
5.176702631710774227e+01
5.193921240934501782e+01
5.173248509409663143e+01
5.201714645222882893e+01
5.151477898969787361e+01
5.201508506119779440e+01
5.138658672766487712e+01
5.119879427095256119e+01
5.192399162113212441e+01
5.208725350929285014e+01
5.185961993916122736e+01
5.185532583352071612e+01
5.201344635436697672e+01
5.157388287427831841e+01
5.162119342854092707e+01
5.192802125498710097e+01
5.160204402193988216e+01
5.187619455259314094e+01
5.197716572706304561e+01
5.158620232239282899e+01
5.181616546073195906e+01
5.203342870808830867e+01
5.172137646270289935e+01
5.215556369165221184e+01
5.208349254205516843e+01
5.201906733964006690e+01
5.195618058861170852e+01
5.250660199097406178e+01
5.225478708587507981e+01
5.258688746954175031e+01
5.229504403795738909e+01
5.310401307949940275e+01
5.291274447067515752e+01
5.268252297525259564e+01
5.257409918759248768e+01
5.252457739307087081e+01
5.257260552439585410e+01
5.336285415636734086e+01
5.275204804950013227e+01
5.240940198232579661e+01
