9.438152214030144194e+01
9.466267770004873228e+01
9.460281849102629792e+01
9.475685433108534994e+01
9.470022654220989011e+01
9.470906672573889296e+01
9.424817876412346607e+01
9.415502875486615153e+01
9.367633291207295088e+01
9.386682598418089185e+01
9.347545839206917151e+01
9.315169607411354491e+01
9.316524130287751859e+01
9.307110402307137065e+01
9.265430077626777461e+01
9.257832014922114183e+01
9.251531002248749758e+01
9.275873428474788795e+01
9.199747173397646804e+01
9.187899655695973422e+01
9.191429257959562449e+01
9.159211860665236316e+01
9.103123899818550058e+01
9.135615356950081889e+01
9.111261388966124741e+01
9.082685201635158023e+01
9.059670672212459408e+01
9.021666780744801883e+01
9.055256140180497937e+01
9.003997013547206052e+01
8.971615640015356519e+01
9.006579677770641013e+01
8.961502721717100428e+01
8.952617348619146753e+01
8.911318339133471511e+01
8.858727444128479078e+01
8.897913850588352602e+01
8.874628402114312564e+01
8.865727871657698245e+01
8.849834124477229125e+01
8.848345743821215592e+01
8.813463520822401165e+01
8.822140366042319215e+01
8.856342779882901084e+01
8.803295682650811216e+01
8.828857459923958118e+01
8.829710278938009083e+01
8.778434599090705603e+01
8.763276411407309752e+01
8.776824656477606368e+01
8.812911456392316722e+01
8.763707001018515541e+01
8.779741560966391489e+01
8.764226876480542217e+01
8.736923084994752742e+01
8.762788233544598882e+01
8.786517270303237126e+01
8.726187181513994062e+01
8.767362930490651252e+01
8.766391661038890959e+01
8.744201764721020709e+01
8.699270518109511841e+01
8.710811323060056566e+01
8.718203660617170669e+01
8.708704480815744375e+01
8.730273829690483467e+01
8.729227896433789624e+01
8.726759481982782063e+01
8.719290991461934937e+01
8.729372039386795734e+01
8.695531131388887047e+01
8.766946160957151335e+01
8.702480640171309290e+01
8.736539507757059653e+01
8.720620361977216817e+01
8.723671152927147432e+01
8.724535071074163284e+01
8.653554320025304492e+01
8.688135532658695581e+01
8.646696170233003897e+01
8.700735673095843481e+01
8.738658423087484550e+01
8.755709930831936560e+01
8.656347669186739324e+01
