1.107959283575758924e+01
1.097122597000592847e+01
1.103234636321973561e+01
1.092593724233014463e+01
1.041887815461126721e+01
1.081809517497020678e+01
1.080928885482246393e+01
1.080479406747189408e+01
1.070826429170922367e+01
1.070017308769836717e+01
1.080947288923503002e+01
1.073817546264736933e+01
1.113773244061127343e+01
1.128151764052094741e+01
1.168153764589708032e+01
1.133841819930022510e+01
1.166187883104885437e+01
1.211102772948143524e+01
1.148429882040721850e+01
1.205594025075514075e+01
1.281391749939255043e+01
1.159792738933144918e+01
1.274104363141629470e+01
1.312530671103415436e+01
1.300608927958774252e+01
1.375155153219837167e+01
1.300473703265707215e+01
1.347186300759313937e+01
1.416970149030338533e+01
1.364841926032723052e+01
1.372247055588520226e+01
1.428324940577001989e+01
1.314183548026557169e+01
1.401037438959720483e+01
1.388738114978648142e+01
1.386674566001818398e+01
1.416340899408232623e+01
1.392296863651154126e+01
1.337052334105261231e+01
1.412933777806077984e+01
1.419032496856414127e+01
1.377097441549253709e+01
1.335404174849863423e+01
1.582759950326949649e+01
1.429876791096199362e+01
1.509286332961026744e+01
1.548333863369002117e+01
1.436701076635561947e+01
1.393756296666489902e+01
1.263415364474593261e+01
1.486506381926525933e+01
1.483469542433941513e+01
1.316638540429991444e+01
1.306586410707567047e+01
1.301488943348094551e+01
1.266722408733059524e+01
1.337100572996693515e+01
1.332206569147105313e+01
1.338103470780670357e+01
1.407503772540731823e+01
1.242042164890953870e+01
1.266084508801991859e+01
1.153815592247957333e+01
1.195943638504503959e+01
1.185604354055660714e+01
1.170383874603941621e+01
1.297336599758254749e+01
1.223055499705170668e+01
1.214378218515309626e+01
1.101174138448203088e+01
1.092239396363513926e+01
1.040721929923230249e+01
1.076500161938676037e+01
1.096088028126096425e+01
1.119433795230389528e+01
8.676103028166332720e+00
1.112865154137820944e+01
9.321113366762764585e+00
9.915537942338783495e+00
9.960115999356586869e+00
1.000402280274126454e+01
8.649485069775764146e+00
8.491979491535893487e+00
8.461431702370326491e+00
