-1.852898292299245409e-01
-1.808770097707576852e-01
-1.798604479084991714e-01
-1.763036087838711352e-01
-1.788611083837492732e-01
-1.732263484800755093e-01
-1.742865919230236760e-01
-1.754565382745177371e-01
-1.752965586057536052e-01
-1.709306176645989661e-01
-1.693602679561972135e-01
-1.720820032649566234e-01
-1.697597671773094785e-01
-1.699328984514257013e-01
-1.633282879345679117e-01
-1.700364326025832207e-01
-1.690636339379092412e-01
-1.636776388237503044e-01
-1.664817217125931226e-01
-1.697553519871298489e-01
-1.591093023868386525e-01
-1.640351122714389376e-01
-1.659033906064678598e-01
-1.589662496814098214e-01
-1.572437493137541498e-01
-1.555147122049931330e-01
-1.568675816818412838e-01
-1.553961011538758652e-01
-1.495730882615147472e-01
-1.497222338515457052e-01
-1.518517762282546590e-01
-1.524620655450109330e-01
-1.449370561147469150e-01
-1.526473090676927491e-01
-1.465963476616242156e-01
-1.539411068011022066e-01
-1.483752581941102933e-01
-1.580758927350398024e-01
-1.524323384382243185e-01
-1.528747429204287134e-01
-1.472461140675852265e-01
-1.503168942327949842e-01
-1.441827218363547491e-01
-1.408260431415777614e-01
-1.475853017793637145e-01
-1.431230747896440059e-01
-1.427724127568885948e-01
-1.492858558395697421e-01
-1.442403621800047719e-01
-1.470196246458181366e-01
-1.322499627456333593e-01
-1.410210906614160487e-01
-1.484400848884545598e-01
-1.458436944659665113e-01
-1.460831632428411242e-01
-1.422596488521003233e-01
-1.423161497376766171e-01
-1.443181716284017424e-01
-1.382424553559276348e-01
-1.476416791534728989e-01
-1.400471730948105453e-01
-1.464682875660163752e-01
-1.470639993053342864e-01
-1.362534290010006810e-01
-1.422820748309856775e-01
-1.452031843686855672e-01
-1.342141425344348382e-01
-1.394682892190043655e-01
-1.493245197405288216e-01
-1.395793999783167538e-01
-1.378687403210032969e-01
-1.315168443965209766e-01
-1.461277838396502771e-01
-1.392900490302412808e-01
-1.342291696351474439e-01
-1.428889373426491805e-01
-1.353738848485767088e-01
-1.407418590353181898e-01
-1.335041381947817407e-01
-1.402557606743446983e-01
-1.376900966173634500e-01
-1.396930622126549004e-01
-1.320833593992454535e-01
-1.381930198961318079e-01
