3.539849859476109015e-09
3.540023708702069791e-09
3.540461926208394850e-09
3.539843421751112389e-09
3.538802019173497804e-09
3.539690481651993290e-09
3.539234976197291331e-09
3.538509598205556867e-09
3.539146514481933071e-09
3.537769069318959939e-09
3.538610295100827750e-09
3.538235845494679209e-09
3.537601930897929764e-09
3.538066521081370911e-09
3.538053048002577133e-09
3.537233747746401999e-09
3.537605058066572919e-09
3.536701958252341531e-09
3.537065646488515654e-09
3.537373315708323588e-09
3.537406562380028236e-09
3.535761497979657120e-09
3.537158354594904867e-09
3.536737042457769057e-09
3.537315068756847734e-09
3.536485546113157177e-09
3.536226810405478927e-09
3.537707344781806132e-09
3.537005528846948392e-09
3.536644250548374849e-09
3.536320901598540930e-09
3.536393432387656635e-09
3.537539082497647669e-09
3.535472633936373372e-09
3.535976003834125646e-09
3.535962330295295721e-09
3.537895935013112199e-09
3.535390927343497403e-09
3.536263041931635315e-09
3.536284131709698891e-09
3.537335642962083030e-09
3.536716862019720942e-09
3.536187101733419294e-09
3.535470466746865553e-09
3.537126552418977517e-09
3.536211764171836735e-09
3.536036950278012490e-09
3.536078269981960433e-09
3.535991635917939543e-09
3.535751846386167521e-09
3.534788788690581919e-09
3.536794634121975298e-09
3.535429714929878383e-09
3.535232405414847480e-09
3.534097100916414306e-09
3.537398921698831233e-09
3.536267864204668046e-09
3.535505953524933273e-09
3.534984969072522229e-09
3.535923519928625782e-09
3.536417729270686533e-09
3.535358536548272281e-09
3.535220880227620160e-09
3.535057767237810033e-09
3.537472805736685990e-09
3.533473282570139428e-09
3.534085405509250278e-09
3.534439285252164011e-09
3.533350486007317383e-09
3.533891331752117859e-09
3.534035330460943925e-09
3.533564708073270160e-09
3.535213444010813767e-09
3.533437106482935879e-09
3.535904752495333446e-09
3.536841036841303339e-09
3.533757873916908474e-09
3.536459326952100543e-09
3.533917660537770436e-09
3.534379642097225039e-09
3.536196401103473351e-09
3.534465336434302333e-09
3.536192357051796087e-09
3.534789772608479693e-09
