3.674501411978577926e-09
3.675763534062621416e-09
3.676433891092371873e-09
3.677252100741048923e-09
3.677731512167552537e-09
3.678437424318056972e-09
3.678946751410533399e-09
3.679731560315119821e-09
3.680097631316979202e-09
3.681098802674901992e-09
3.681837683578244550e-09
3.682744167022390306e-09
3.683420526598083006e-09
3.684525606756405595e-09
3.685278941532922994e-09
3.686178101923003843e-09
3.687377501290356021e-09
3.688515745599295213e-09
3.688734334178293168e-09
3.690210883277156835e-09
3.690557343079644977e-09
3.691168409385935786e-09
3.691546325047715710e-09
3.692338668694560267e-09
3.692617256531265053e-09
3.693298066588063132e-09
3.694127963478326687e-09
3.693844313203639187e-09
3.695076057359906921e-09
3.694793661143944864e-09
3.695101524289702758e-09
3.695549654159084815e-09
3.695655745227065631e-09
3.696422273213113111e-09
3.696342330751458757e-09
3.696061376569421127e-09
3.697046578038814152e-09
3.697977645720301678e-09
3.697199353695538380e-09
3.697362160652165993e-09
3.697474928830883904e-09
3.697765240869495899e-09
3.697252098538974536e-09
3.698543398981490214e-09
3.698541233649357731e-09
3.698560474846044568e-09
3.698882149826127683e-09
3.698270865521032296e-09
3.697770464589865701e-09
3.698741332492249193e-09
3.698903779675503665e-09
3.698870861776575685e-09
3.698422210041480890e-09
3.698789652046903193e-09
3.698583103064951101e-09
3.699004463507867177e-09
3.699928477342288041e-09
3.698997142844594536e-09
3.700002517695985701e-09
3.699772879773378509e-09
3.698752831581780536e-09
3.698278563462005603e-09
3.698468322015800597e-09
3.698286238108021896e-09
3.698831913749506076e-09
3.698899128035721670e-09
3.698577444007635921e-09
3.698838901537795016e-09
3.699140460170806272e-09
3.698446746375736664e-09
3.696999912382438326e-09
3.698004901540844087e-09
3.698435113294510073e-09
3.698144748135058108e-09
3.697782248699922214e-09
3.698172893746060813e-09
3.697723216292261131e-09
3.696885381891043795e-09
3.697774079284377224e-09
3.697544462271123270e-09
3.698653769191327848e-09
3.698572553465577778e-09
3.698053831764618161e-09
3.697606152033211214e-09
