3.790254530514805711e-09
3.790722684222581109e-09
3.790490628072046225e-09
3.790898753714675216e-09
3.790736886213060122e-09
3.790395241422428005e-09
3.790257201123124780e-09
3.790940326439827220e-09
3.790169045056576402e-09
3.791241382314801433e-09
3.791569696533967935e-09
3.792415237758845443e-09
3.791808332080920653e-09
3.792962989744908648e-09
3.793621328131847645e-09
3.793857813242676971e-09
3.794543231452387423e-09
3.795521792188271209e-09
3.794898364102742147e-09
3.797603077636598441e-09
3.796748396560042917e-09
3.797130114750518908e-09
3.797026728617050568e-09
3.797032175455803751e-09
3.796793927801247234e-09
3.798793863439062230e-09
3.798872623741061034e-09
3.796673739938643458e-09
3.798953287714481740e-09
3.798170647724022601e-09
3.798602711603647163e-09
3.799196091495609990e-09
3.798051823670643717e-09
3.800743226809129243e-09
3.799729198756723367e-09
3.798514896225569755e-09
3.800079891875412111e-09
3.803027584479217161e-09
3.801165362102546732e-09
3.800175996385726926e-09
3.800204138943363626e-09
3.801288158072654577e-09
3.798696472605943510e-09
3.802382920685223221e-09
3.802644893825790238e-09
3.801623261080281744e-09
3.802893155073385788e-09
3.801939059911974908e-09
3.798920316824192784e-09
3.802449571012390263e-09
3.803130880073236161e-09
3.802681472520848713e-09
3.800825038516685070e-09
3.802102669902989948e-09
3.801421279067273007e-09
3.803334802625394560e-09
3.806319090324536479e-09
3.804226995705351133e-09
3.807795407372692444e-09
3.805176423077621900e-09
3.802656132210677519e-09
3.802805125124573937e-09
3.802418880662825369e-09
3.802604572220216839e-09
3.804102224349793450e-09
3.804275212225380113e-09
3.803712134274005070e-09
3.804231116501369526e-09
3.804743258766170657e-09
3.803013509950178295e-09
3.798078124462440137e-09
3.801555774031679368e-09
3.803336925816618004e-09
3.802058803956160469e-09
3.801625430583726411e-09
3.803181382651625513e-09
3.802385764355241863e-09
3.801132121656924676e-09
3.804164636048504668e-09
3.804365428587243215e-09
3.805153877848268879e-09
3.804565750670136769e-09
3.803899420828207523e-09
3.803004188170992049e-09
