1.245004569942244999e+01
1.228800552517191846e+01
1.235130440034575550e+01
1.208873643442168522e+01
1.156574611708144218e+01
1.190479468551094300e+01
1.188950559164080900e+01
1.187825910827351805e+01
1.171448307552818058e+01
1.170019610337652516e+01
1.176252585395255501e+01
1.164436823468578197e+01
1.206884678029038760e+01
1.216683218252977916e+01
1.255830073146824155e+01
1.223499896366017303e+01
1.258141441185951237e+01
1.293336797873778998e+01
1.222369659382594875e+01
1.277862799345250266e+01
1.351755689321410081e+01
1.223859058103669284e+01
1.346834847413822267e+01
1.376312882931073567e+01
1.355293498262639140e+01
1.440006840024305390e+01
1.354338241253474173e+01
1.400917187479951309e+01
1.466184479686705089e+01
1.412230760491336667e+01
1.425236835479500463e+01
1.483749888513374593e+01
1.347636088917796471e+01
1.447224861558980535e+01
1.437106287540611405e+01
1.433912064355586757e+01
1.459045395213323815e+01
1.444522036389253650e+01
1.384853407541196724e+01
1.461160209164259882e+01
1.461434785356707344e+01
1.423337506393478336e+01
1.357439163571200424e+01
1.638431174022869641e+01
1.475360434889059036e+01
1.567256011849535646e+01
1.597634145145017293e+01
1.504002953082568794e+01
1.420846033251092599e+01
1.302737697565919106e+01
1.534765071727374064e+01
1.530507377563404781e+01
1.353376012430201136e+01
1.355716484474756101e+01
1.345557941923970446e+01
1.319420303786997373e+01
1.387828832785981525e+01
1.397295815952770859e+01
1.388930702260012495e+01
1.471641079530906282e+01
1.286667880322227653e+01
1.343611353168268963e+01
1.204315921402974787e+01
1.245956244044843331e+01
1.244554953063821046e+01
1.232861743356158790e+01
1.363981866683366029e+01
1.295351795478150869e+01
1.289437714826908632e+01
1.148602453886054420e+01
1.085147866703747432e+01
1.078232165185631608e+01
1.142865752253240430e+01
1.154534938970976121e+01
1.174353263732403008e+01
9.300959475931936282e+00
1.197023633922164976e+01
9.980348317042084361e+00
1.069520701544447228e+01
1.085508689079990141e+01
1.082461903450328933e+01
9.214699331972376228e+00
8.940231997251220974e+00
9.223809190103422040e+00
