5.208407255324136997e+01
5.224219750643945304e+01
5.212638908929536541e+01
5.250453176200235816e+01
5.264975569919553067e+01
5.259370646144416384e+01
5.245667108717234584e+01
5.289780829170155130e+01
5.248828391848575592e+01
5.302944602053903367e+01
5.293510406775820343e+01
5.311357017792126101e+01
5.280404297967453431e+01
5.315925059200854719e+01
5.297043141557826118e+01
5.305409248530694555e+01
5.317649501778007703e+01
5.331625875983051088e+01
5.279684111509672562e+01
5.346773229514789705e+01
5.263537187093121616e+01
5.298221715420893219e+01
5.217554270189006616e+01
5.204804743107794707e+01
5.155530557294769523e+01
5.174464079172176412e+01
5.182257281219875722e+01
5.051807909597572177e+01
5.105391252830511206e+01
5.029923307742056693e+01
5.048561175577731319e+01
5.045915974773812707e+01
5.005529418753856419e+01
5.028164679171675289e+01
4.990108070802781270e+01
4.898507292758390008e+01
4.958366956256686819e+01
5.087786436163793979e+01
4.978686587124307295e+01
4.913673978327629754e+01
4.881597135905044382e+01
4.906074751380937471e+01
4.803278640152886680e+01
4.948371105348525845e+01
4.908602002841775658e+01
4.886026860335216782e+01
4.890675476391339060e+01
4.876182177714828470e+01
4.720794089898227242e+01
4.900963373112799104e+01
4.877103930076302163e+01
4.821033629212348615e+01
4.792415767218275846e+01
4.871110817846322760e+01
4.821012897111276629e+01
4.878464618304925438e+01
4.991701578948707407e+01
4.870762568155230809e+01
5.000965127692941792e+01
4.900510595176324813e+01
4.802594625744774959e+01
4.798542413882703528e+01
4.799594432497639218e+01
4.786348130811320800e+01
4.849957839539825954e+01
4.863101948182613654e+01
4.816175406852897822e+01
4.873680216794774367e+01
4.862724671652460984e+01
4.792798905023217770e+01
4.556095247336176612e+01
4.751037357815965123e+01
4.780335372285958329e+01
4.757011333802368114e+01
4.715905580591995516e+01
4.830702004785951686e+01
4.786455361595631075e+01
4.699471452330352861e+01
4.826097733249999067e+01
4.796324492459217481e+01
4.853879707505193863e+01
4.885318785648652096e+01
4.792247899364736696e+01
4.712821023630251460e+01
