1.030929253575626916e+02
1.028540770789695671e+02
1.026190289992810847e+02
1.022611541848897616e+02
1.021610565352622473e+02
1.018604824466122665e+02
1.012488447751152449e+02
1.008496548350772031e+02
1.004498244682859820e+02
1.002924758032450114e+02
9.971905345951424238e+01
9.921768870475746382e+01
9.937933114792865297e+01
9.890206343936658584e+01
9.816213682499362392e+01
9.826142433059249015e+01
9.790095120503204384e+01
9.779122539884846788e+01
9.722559750729709549e+01
9.641013302708040555e+01
9.650530490149890284e+01
9.609184719837382715e+01
9.573504169064796088e+01
9.586723252984008070e+01
9.576180202033883404e+01
9.497553322739682358e+01
9.449916485892896389e+01
9.492999522203757579e+01
9.435733996321519612e+01
9.434295358483410610e+01
9.376911264444072458e+01
9.421625292467794566e+01
9.365920804153185486e+01
9.316510292575205199e+01
9.283984921679468982e+01
9.296437861086668875e+01
9.270413922516918603e+01
9.160375146268610536e+01
9.226980408257561805e+01
9.243243286547590287e+01
9.241871434693811693e+01
9.176718636943584784e+01
9.265844450562637746e+01
9.169489926706644667e+01
9.124371948640917651e+01
9.184829724618090552e+01
9.163097150563423554e+01
9.155428302761352199e+01
9.237030069469581406e+01
9.124938076381185681e+01
9.120389730700306075e+01
9.113317640110436457e+01
9.229201560869023524e+01
9.152602992386226788e+01
9.149242688131586476e+01
9.125587308623050831e+01
9.047096246515731366e+01
9.072173569016651129e+01
8.973389626488159365e+01
9.121954671398233927e+01
9.163530327759268346e+01
9.154591710239959923e+01
9.164436126823859752e+01
9.148574896198002193e+01
9.110436893189898910e+01
9.137704823455983671e+01
9.146439650197477533e+01
9.130415731301719973e+01
9.137835549170966942e+01
9.205794491179273109e+01
9.383119992691888456e+01
9.327104925739746477e+01
9.230286433820732839e+01
9.304537722921421050e+01
9.303694517441392975e+01
9.273887423345097147e+01
9.290969451571280047e+01
9.283142315196454319e+01
9.193017823498479402e+01
9.185192208220307464e+01
9.186777273767361862e+01
9.269706577850452334e+01
9.316560354850750514e+01
9.334103678956108752e+01
