-1.944501863512094753e-01
-1.927850002359764447e-01
-1.917446127784733223e-01
-1.902744059965913725e-01
-1.899558609839763212e-01
-1.887871394522716573e-01
-1.871798855671662209e-01
-1.862403722134787221e-01
-1.856256031153494801e-01
-1.858293194478308208e-01
-1.842863345956508303e-01
-1.832214941762677352e-01
-1.843596582890872637e-01
-1.833033448922926634e-01
-1.814628090461689047e-01
-1.821938670066744759e-01
-1.811783044954580202e-01
-1.809310057493080104e-01
-1.796292043785820691e-01
-1.772417480457172956e-01
-1.774230128345791191e-01
-1.765964753116852637e-01
-1.757887143688159071e-01
-1.755168894668907298e-01
-1.756202535558947786e-01
-1.738077088514277391e-01
-1.719547917596576936e-01
-1.738384256397866590e-01
-1.712055715702016645e-01
-1.720877868336238292e-01
-1.703771595899091773e-01
-1.719779540241381244e-01
-1.701486710526802504e-01
-1.687779354653894115e-01
-1.681166517224148560e-01
-1.683214036718383988e-01
-1.673071831562851497e-01
-1.645234407551536271e-01
-1.667831550301293875e-01
-1.669984995455275345e-01
-1.670370992553633915e-01
-1.653096807560044124e-01
-1.678156935640425784e-01
-1.654562533109179556e-01
-1.635148361720271670e-01
-1.655194508308593104e-01
-1.654951962448461267e-01
-1.653358049311740019e-01
-1.676259943202879077e-01
-1.645278371961661212e-01
-1.645974602102324991e-01
-1.640944415273600798e-01
-1.680620061256157538e-01
-1.660642012498623477e-01
-1.657545354804236815e-01
-1.651041449431163155e-01
-1.634718467543773701e-01
-1.640882284877484276e-01
-1.614624481493942554e-01
-1.655373296731178778e-01
-1.666959110453920812e-01
-1.673118972530907578e-01
-1.673168029818266345e-01
-1.669486339668868613e-01
-1.655913909171635168e-01
-1.665101521469555812e-01
-1.674737553819656000e-01
-1.669299143637246741e-01
-1.664935515270081767e-01
-1.695143555737929630e-01
-1.755686937067504616e-01
-1.742960498668457148e-01
-1.702619400132141247e-01
-1.731419385262859545e-01
-1.736187749782732437e-01
-1.726322243278171908e-01
-1.734139739064324282e-01
-1.735787316390367818e-01
-1.706290741348374940e-01
-1.709618563767835997e-01
-1.698304544134722760e-01
-1.729154543287022838e-01
-1.740016372908893549e-01
-1.758492492984823075e-01
