4.103104308711143489e+01
4.064059491665407364e+01
4.041480176172414218e+01
3.990121825157484636e+01
4.004787270494707485e+01
4.024592364928323462e+01
4.003925668134334614e+01
3.938470550157816774e+01
3.984867088008452640e+01
4.043438613334681264e+01
3.943413109565822339e+01
3.983431193425222716e+01
3.962536275477934566e+01
3.929320436999620370e+01
3.954318199294193192e+01
3.901779917554959809e+01
3.885734789117249477e+01
3.859627015849916631e+01
3.865982039465383480e+01
3.887101457540033778e+01
3.891618711955119636e+01
3.894908294429415463e+01
3.905476365360702573e+01
3.832060647996759428e+01
