5.888935193476509511e+01
5.897889958646266706e+01
5.914118966856801762e+01
5.949936308691397358e+01
5.934058135389626187e+01
5.935781652926209517e+01
5.933195876614522035e+01
5.941413039939794771e+01
6.023875095353000120e+01
6.025627203788849329e+01
6.014782216055624531e+01
6.137999953917584861e+01
6.017813062290010606e+01
5.907849218241195643e+01
6.038630207702539821e+01
6.035283129632848897e+01
5.992220290343900757e+01
5.952029860904892899e+01
6.020682234371316355e+01
6.061410374513015853e+01
6.156197573843491710e+01
6.166220549323534783e+01
6.249796035446532727e+01
6.175934111917860037e+01
