1.363993281856068904e+02
1.378877762894042291e+02
1.377707393910643248e+02
1.400276442810904598e+02
1.406349377813900219e+02
1.411696602948402415e+02
1.417714449763269045e+02
1.432377586782003789e+02
1.435466725026649328e+02
1.439331257994334408e+02
1.457339455314831014e+02
1.451123934339751429e+02
1.465457462357055078e+02
1.479967065318628840e+02
1.477426656598653949e+02
1.482791656305948038e+02
1.490622192195453124e+02
1.496111628694553701e+02
1.497156791142824659e+02
1.494425623874825817e+02
1.491877768976533787e+02
1.494524217739044332e+02
1.495356316932640084e+02
1.499683463261653174e+02
