1.329002216809595325e+02
1.320009142427207109e+02
1.305315399738229587e+02
1.313225187178792055e+02
1.310854406730994981e+02
1.307398838676321304e+02
1.305104393568403225e+02
1.312142079858956265e+02
1.308859419160922357e+02
1.307308934997005849e+02
1.319343706669319261e+02
1.309617025439301301e+02
1.318392767948949142e+02
1.328783706904453936e+02
1.322886927913783097e+02
1.325922025945711482e+02
1.329557738592689304e+02
1.333709409704179620e+02
1.333316483602652340e+02
1.328240542913616196e+02
1.323891860855528080e+02
1.325162933373637202e+02
1.323529822150152313e+02
1.341858573547457354e+02
