5.737232779624675771e+01
5.646041500814340708e+01
5.603950258238927518e+01
5.578886239713439466e+01
5.532146471248049124e+01
5.497500758880027405e+01
5.463530353458901345e+01
5.441096961218227790e+01
5.490671272030559180e+01
5.471694014186314803e+01
5.442371391752235610e+01
5.540365141551484385e+01
5.414207308956105891e+01
5.301170424164568118e+01
5.406735399610580828e+01
5.391587264119541345e+01
5.339687283093691406e+01
5.294229977917347441e+01
5.342834609701957760e+01
5.385387626936590522e+01
5.465163412388823616e+01
5.454890879327412989e+01
5.531521712544291347e+01
5.337018260553776372e+01
