3.997652691164179828e+01
3.890389449452738546e+01
3.829689905500284652e+01
3.741944255134171016e+01
3.733066464121012018e+01
3.726306883711815487e+01
3.686023125431605507e+01
3.607252739810952846e+01
3.633034677693036230e+01
3.671771664455810935e+01
3.569026729912447848e+01
3.594711027095993217e+01
3.564683351196600825e+01
3.526447841099612646e+01
3.541011254199594305e+01
3.487814080750446522e+01
3.464526437311467078e+01
3.436697509311517962e+01
3.436180555820413218e+01
3.454518180394478577e+01
3.453576939174403293e+01
3.449280645923422384e+01
3.456163131339397410e+01
3.368182480466543893e+01
