5.301418035085193878e+02
5.302405839170469335e+02
5.302080619399632724e+02
5.302489254940113597e+02
5.303450275241270901e+02
5.304587735113801727e+02
5.304516933033615942e+02
5.302991201959999898e+02
5.306227022803789168e+02
5.309068400612187588e+02
5.306458532296697967e+02
5.309317018997090827e+02
5.308561813977607926e+02
5.305735471895492310e+02
5.309050325695097854e+02
5.307460538623233788e+02
5.307327212317310341e+02
5.306070123573497312e+02
5.307348759184732216e+02
5.309282136425028966e+02
5.311087532562206661e+02
5.311025919867558969e+02
5.313310623684049006e+02
5.308418098234758418e+02
