4.981791636774261178e+02
4.982047597591577528e+02
4.982517279860954318e+02
4.982136232506422289e+02
4.982101860803638260e+02
4.983287669412038667e+02
4.982763966521796419e+02
4.981670777318262822e+02
4.983243214956453357e+02
4.984843308569871851e+02
4.982568447372934202e+02
4.984797463617229596e+02
4.984253369095472976e+02
4.983409207318542258e+02
4.984779300948727609e+02
4.982840852842416552e+02
4.983692533127731394e+02
4.982956087405619883e+02
4.983661870660659474e+02
4.984640880380393924e+02
4.984907964678244525e+02
4.985558287770684274e+02
4.986427327097625835e+02
4.984184531822873510e+02
