5.632158345818605767e+02
5.633263590416485158e+02
5.633588827418801657e+02
5.633945716500929848e+02
5.634692174280432937e+02
5.635319212450507393e+02
5.635631439762424861e+02
5.634578678276811843e+02
5.637592098335932178e+02
5.639495372528800772e+02
5.637117184144399289e+02
5.640909689142314392e+02
5.638826456610363493e+02
5.636274429838761080e+02
5.639682111259153316e+02
5.639252320559120335e+02
5.638087078655687492e+02
5.636754643324843528e+02
5.638689945318544687e+02
5.640685271095568396e+02
5.642323004878769552e+02
5.643042187734109802e+02
5.644708170685358937e+02
5.640154759814231511e+02
