7.783761357832970873e+01
7.798531930818576541e+01
7.798563763590826170e+01
7.851570824692110762e+01
7.847389747959219619e+01
7.878743151190283811e+01
7.876094836707507341e+01
7.886877435588773722e+01
7.965524120444119660e+01
7.996985158361493973e+01
7.982460674325628247e+01
8.072953763623449674e+01
8.015880850784515133e+01
7.957987780857170890e+01
8.051262778195957992e+01
8.022293617888846029e+01
8.021959944636461159e+01
7.991803848249800524e+01
8.034958622595037525e+01
8.064740453387759089e+01
8.128376604628832069e+01
8.136864684052648045e+01
8.200932367674076318e+01
8.074524291240950902e+01
