1.409062929274159046e+02
1.411779135409309447e+02
1.412306581754028230e+02
1.417783269322189028e+02
1.420631437848382461e+02
1.421581454925417063e+02
1.421523187222281877e+02
1.423649317893190869e+02
1.431403314450416246e+02
1.434868650395747807e+02
1.436956492113690729e+02
1.443024782366557872e+02
1.438885233235538124e+02
1.435962050026944041e+02
1.443278098492573065e+02
1.442751986397907160e+02
1.440553091765059150e+02
1.439139829011332949e+02
1.443906294798743204e+02
1.446728141254607749e+02
1.451147170155160211e+02
1.452191058659925886e+02
1.458962441978911784e+02
1.449382362041498311e+02
