6.173272680930831058e+01
6.173805757487525625e+01
6.160338544377485448e+01
6.182172063923079719e+01
6.196491949023837265e+01
6.231900792830376190e+01
6.236681181954744346e+01
6.222768048980024957e+01
6.285420374705523727e+01
6.335074917800792349e+01
6.300685147700761490e+01
6.341418981876557126e+01
6.335276933708554026e+01
6.338129944914091851e+01
6.372075020712400573e+01
6.344442390783489572e+01
6.341623433242578756e+01
6.332654899438851004e+01
6.355398918331046332e+01
6.371148043460681976e+01
6.385230641851015321e+01
6.402738528693740250e+01
6.419775253958239603e+01
6.363816581328703137e+01
