-1.663115596238271821e-01
-1.480384309279056121e-01
-1.363012781692535813e-01
-1.277187702008840131e-01
-1.219175532663681755e-01
-1.156394968991580757e-01
-1.097143574321196996e-01
-1.054241173825303246e-01
-1.025405853420586488e-01
-9.968155864210058448e-02
-9.706665660005128760e-02
-9.536448734179836517e-02
-9.201726628312825729e-02
-8.963728574771312463e-02
-8.877799887860636507e-02
-8.711827081345925594e-02
-8.463279113436811274e-02
-8.340804750758779029e-02
-8.309187291113984131e-02
-8.280435439160781230e-02
-8.227665101508474521e-02
-8.105178624455863789e-02
-8.135290626356417309e-02
-7.869877179516249210e-02
