5.301420894289840362e+02
5.302408000263883423e+02
5.302066215286201896e+02
5.302491285929331752e+02
5.303441204412473553e+02
5.304606768158399746e+02
5.304499820816288320e+02
5.303002974148613475e+02
5.306235226863798289e+02
5.309087735477352226e+02
5.306475756031788933e+02
5.309332802127869400e+02
5.308569199443394382e+02
5.305765122717721169e+02
5.309048993751765693e+02
5.307474615380666592e+02
5.307353039037737972e+02
5.306152797726563222e+02
5.307493068396015587e+02
5.309296879584751423e+02
5.311082625638201762e+02
5.311121677674791499e+02
5.313325143720796859e+02
5.309731905805228962e+02
