4.981792339187419998e+02
4.982048662180660017e+02
4.982511001593180140e+02
4.982136265153923773e+02
4.982099261266601502e+02
4.983297287664140640e+02
4.982757090484765286e+02
4.981673538550268177e+02
4.983245158801710204e+02
4.984851528291766840e+02
4.982573185368467534e+02
4.984807349840651796e+02
4.984257956951156530e+02
4.983419428712973058e+02
4.984777676404528393e+02
4.982840294711044749e+02
4.983698414303685240e+02
4.982981883386242430e+02
4.983709689801712557e+02
4.984645889119767048e+02
4.984909057328688391e+02
4.985590707617545263e+02
4.986435415358051273e+02
4.984606984300824593e+02
