5.632169722988918465e+02
5.633267610321872780e+02
5.633567078248410098e+02
5.633961421268766117e+02
5.634674220957961097e+02
5.635339971394977283e+02
5.635611340107342357e+02
5.634614214807908184e+02
5.637623380327970608e+02
5.639528842873978647e+02
5.637176209958556683e+02
5.640903698235796355e+02
5.638826768662813720e+02
5.636350737254399519e+02
5.639676776557002995e+02
5.639346808849171566e+02
5.638182713832749187e+02
5.636997322955086247e+02
5.639089618878150532e+02
5.640715705933173467e+02
5.642292950674077474e+02
5.643300061989893948e+02
5.644723000432444451e+02
5.643955787493076741e+02
