3.666575825370785655e-09
3.666670150418662745e-09
3.666840281915749608e-09
3.666702387136620281e-09
3.666688770237493048e-09
3.667129601066059836e-09
3.666930834402083216e-09
3.666532106753923085e-09
3.667110420613502464e-09
3.667701427021931855e-09
3.666863163677636221e-09
3.667685174408761377e-09
3.667483054694055977e-09
3.667174541623014619e-09
3.667674257940373178e-09
3.666961450270334172e-09
3.667277189468729882e-09
3.667013548721697447e-09
3.667281338029686748e-09
3.667625774732297033e-09
3.667722591014565130e-09
3.667973349721786418e-09
3.668284068594876366e-09
3.667611461920684642e-09
