3.782369938373532319e-09
3.782722053990932810e-09
3.782600137834384029e-09
3.782751761746950833e-09
3.783090578418678111e-09
3.783506269930249264e-09
3.783468129687567791e-09
3.782934274335367825e-09
3.784086973760112692e-09
3.785103955664016371e-09
3.784172738237014221e-09
3.785191314555999226e-09
3.784919106513115420e-09
3.783919345083494139e-09
3.785090145219209821e-09
3.784528876532321906e-09
3.784485530887850764e-09
3.784057581901053609e-09
3.784535455547183658e-09
3.785178509375643384e-09
3.785815015439128976e-09
3.785828933836295283e-09
3.786614180435366689e-09
3.785333578701129177e-09
