3.898573507761797568e-09
3.898953466651124976e-09
3.899057100640647127e-09
3.899193562941197204e-09
3.899440214972334278e-09
3.899670572331734355e-09
3.899764465144555727e-09
3.899419451481096245e-09
3.900460554908695476e-09
3.901119658320082619e-09
3.900305861622414590e-09
3.901595154463419389e-09
3.900876822364263111e-09
3.900020283011803020e-09
3.901170824226888810e-09
3.901056697187776533e-09
3.900654041065445411e-09
3.900243976066817102e-09
3.900967739713397930e-09
3.901530140415373782e-09
3.902075571004995231e-09
3.902423802579545601e-09
3.902915762850512092e-09
3.902650517839600490e-09
