6.173299509423711839e+01
6.173843478354442027e+01
6.160119797346670367e+01
6.182158787112324205e+01
6.196409377219357850e+01
6.232254759244973030e+01
6.236598410342688936e+01
6.222930616580197949e+01
6.285483495830649048e+01
6.335336125246389116e+01
6.300915404053636593e+01
6.341628806634616211e+01
6.335381340211656465e+01
6.338573038368814849e+01
6.371975906770537534e+01
6.344622783801821697e+01
6.341936456967840030e+01
6.333759553933402486e+01
6.357338859107019147e+01
6.371246595706095661e+01
6.385245988737572986e+01
6.403970892276053917e+01
6.420023058268323268e+01
6.380759626301975374e+01
