7.783943576050646129e+01
7.798481720346987345e+01
7.798421538651970764e+01
7.852015760162205993e+01
7.846945518517324558e+01
7.878338186076666716e+01
7.875163714687165850e+01
7.887308498236163246e+01
7.966229817973247407e+01
7.997329048874004798e+01
7.983299073973907412e+01
8.072697563936648635e+01
8.015759027434258144e+01
7.958859176542033254e+01
8.051554225288468558e+01
8.023916430859199522e+01
8.023648008605132986e+01
7.995559480070377845e+01
8.040963888041324026e+01
8.065632931051416676e+01
8.127504479772477453e+01
8.140908044534754140e+01
8.200892971730654324e+01
8.135011937035193341e+01
