1.409056449367624282e+02
1.411766710477229196e+02
1.412303788279934338e+02
1.417784682486906718e+02
1.420606225869389618e+02
1.421542742227720169e+02
1.421450213968085166e+02
1.423634298124778184e+02
1.431406931016016131e+02
1.434862797207132132e+02
1.436924802525804807e+02
1.443050523955881772e+02
1.438888041572323573e+02
1.435922312390229081e+02
1.443315950306609068e+02
1.442695905614393439e+02
1.440524148370817272e+02
1.439054281966007238e+02
1.443773739488860883e+02
1.446762710233728626e+02
1.451129667506806982e+02
1.452136704274102215e+02
1.458956172814075103e+02
1.448203012673994294e+02
