-1.969423981713827043e-01
-1.990377859151850615e-01
-1.989776195814246806e-01
-2.022210480348783646e-01
-2.032233624713864206e-01
-2.043127193603951064e-01
-2.049726774113898309e-01
-2.063994927151424630e-01
-2.088562736343403392e-01
-2.103804534633472723e-01
-2.115414481333787178e-01
-2.131767936287597143e-01
-2.132796099029339865e-01
-2.133332970819752927e-01
-2.153951272271286965e-01
-2.155318074976012854e-01
-2.158111949226960424e-01
-2.156758628541005363e-01
-2.171287953551790106e-01
-2.177844740064938944e-01
-2.188723353041469311e-01
-2.196051620973516472e-01
-2.211859181730543578e-01
-2.198410719194110741e-01
