4.591673551700147016e+01
4.570287352103651557e+01
4.642038428757986424e+01
4.622621054537956553e+01
4.482181578347799444e+01
4.467773686699525371e+01
4.458822895412455978e+01
4.599271145832029362e+01
4.445472864885468312e+01
4.483440868892574827e+01
4.481679127939060692e+01
4.395235113778301894e+01
4.391145292529533606e+01
4.423649282110768155e+01
4.750671960764037038e+01
4.448630513495254490e+01
4.716365664900125410e+01
4.627122121059601056e+01
4.703540418183897032e+01
4.643102229679729476e+01
4.495516127018310470e+01
4.456514601920152785e+01
4.512378747303707627e+01
4.501933723420984279e+01
4.685938798042664644e+01
4.916514146518424155e+01
4.662817643693737324e+01
4.450217944340653986e+01
4.596451223113602680e+01
4.796676146231653348e+01
4.625484958689561665e+01
4.569919451550799039e+01
4.222143536421386045e+01
4.593469242365620175e+01
4.533140154657291987e+01
4.658731109087107569e+01
4.486801806793096858e+01
4.250391430430293838e+01
4.318403010696872713e+01
4.546592262270357310e+01
4.326972356274745124e+01
4.209509540783423631e+01
4.505924885056330709e+01
4.446634546898376783e+01
4.156232296469951848e+01
4.305395730681537714e+01
4.472046359853457176e+01
4.174825769876243697e+01
4.244496949446445910e+01
3.742869139745929630e+01
4.316020138969570041e+01
3.987114057473041839e+01
4.099058646328885658e+01
4.406145129482533918e+01
3.970313093434203466e+01
4.378175248963585631e+01
4.273321628825739538e+01
3.831761639679776721e+01
4.176636272027337071e+01
3.999495775632638583e+01
4.130446337779627441e+01
4.097784704683468959e+01
4.058215284599929618e+01
3.864272881902303425e+01
3.787580529477621383e+01
4.013739876150473407e+01
3.808668056943927382e+01
3.905827736381910853e+01
4.105095675985687365e+01
4.058674975484896663e+01
3.683731039314686484e+01
4.065381251049464595e+01
3.932612812102328803e+01
3.626299710508827445e+01
3.811932788961266283e+01
3.441046997232777471e+01
4.317822909723003733e+01
3.409419918307996511e+01
4.732268638147304785e+01
4.871935708567664847e+01
4.685123084995529297e+01
3.741573773010499337e+01
3.498461994261418084e+01
4.181686666376232608e+01
