1.074788575987315653e+02
1.071805745337472899e+02
1.060490813068657445e+02
1.060496514450701540e+02
1.077972008764444922e+02
1.081840078764981570e+02
1.081205391757205660e+02
1.060179822120070696e+02
1.085729941117992894e+02
1.075149878824707912e+02
1.075577284404825349e+02
1.083637514007120473e+02
1.083677260893628471e+02
1.081968540678494008e+02
1.033215576229903832e+02
1.066984390544057959e+02
1.034993862973959580e+02
1.041346368857779652e+02
1.028622908677859158e+02
1.040894012565543534e+02
1.058762700416332905e+02
1.061490201375918758e+02
1.046611496097581551e+02
1.053882038507608314e+02
1.029196788254662920e+02
9.883536097848767099e+01
1.027187253162861111e+02
1.055595201628615456e+02
1.030017887061149793e+02
1.005498661262907376e+02
1.026273946762829041e+02
1.037620368727405094e+02
1.084908135666884448e+02
1.034356160674319085e+02
1.046665081049535075e+02
1.019702702444367759e+02
1.053492811084121570e+02
1.085190991703564123e+02
1.075622140935203248e+02
1.043183023250558392e+02
1.073822297640034265e+02
1.094804636294024363e+02
1.049591272111252067e+02
1.065300694829848425e+02
1.101941930872207820e+02
1.080342837550232247e+02
1.060952337982586613e+02
1.103146421352584241e+02
1.094425847254230177e+02
1.163910877183544414e+02
1.088411117834962170e+02
1.129279390871689941e+02
1.120456767508998581e+02
1.075769366620568803e+02
1.141590501938266300e+02
1.082705589997100049e+02
1.091939977881166328e+02
1.158166283184595642e+02
1.121074130544471217e+02
1.155134853813604963e+02
1.129703712397349022e+02
1.135080425616623927e+02
1.155927649607586147e+02
1.171432003971092257e+02
1.180343326294968023e+02
1.148879369611509418e+02
1.188157230784487837e+02
1.181931588691545301e+02
1.150930913693318303e+02
1.168455126909036039e+02
1.212004714286541258e+02
1.167574872826858723e+02
1.184201536553761827e+02
1.230138367393035850e+02
1.206355436631690736e+02
1.262359176653187234e+02
1.120684237816754489e+02
1.259808762155671644e+02
1.066535321169351818e+02
1.056548562484210692e+02
1.081519930986421940e+02
1.224335693519175123e+02
1.264262711359335896e+02
1.144908512002317309e+02
