1.089308224005341117e+02
1.110678315505189886e+02
1.118151118321515582e+02
1.133821751829824223e+02
1.143677058695979412e+02
1.170402622515354523e+02
1.178131710769726936e+02
1.207906239202889793e+02
1.207191032726204725e+02
1.237709649839413828e+02
1.233955305879233606e+02
1.254533077547694830e+02
1.259287943318342400e+02
1.289226637379516092e+02
1.323322994505288932e+02
1.349282950971058312e+02
1.366401445358216336e+02
1.380150002724824958e+02
1.400900632403293287e+02
1.427069959473566598e+02
1.457041376107387407e+02
1.455843083771790702e+02
1.476933734151093347e+02
1.485711955815822307e+02
1.477484024093789969e+02
1.495786297882867757e+02
1.502208407068871736e+02
1.512788651585247521e+02
1.503117471645245189e+02
1.512380281714606269e+02
1.518925983717982717e+02
1.538013925457248092e+02
1.549608644338931356e+02
1.528371912675270039e+02
1.565980753926926070e+02
1.560049231410505968e+02
1.572642536961760413e+02
1.579526454269568205e+02
1.592124244092625247e+02
1.565328126395142476e+02
1.591626431197425120e+02
1.596518382524447759e+02
1.603493573962727226e+02
1.624472841930450215e+02
1.626043852197359740e+02
1.631676346025575413e+02
1.620123438346234082e+02
1.639087168840929678e+02
1.653693918264884246e+02
1.670134116364298222e+02
1.656196116958135462e+02
1.673657036483575382e+02
1.693238352616182851e+02
1.683626347140627502e+02
1.688836915187252146e+02
1.712647000854982480e+02
1.735039669033825476e+02
1.731320502256545524e+02
1.725184294133862011e+02
1.741713759105178951e+02
1.743545556252428810e+02
1.746821931873880089e+02
1.758937128303862210e+02
1.766968770796647448e+02
1.763452472139123870e+02
1.777509750712854384e+02
1.804638575319292215e+02
1.816143297805917314e+02
1.812064272134224439e+02
1.832939685420161879e+02
1.835525562573787113e+02
1.847354790862702885e+02
1.846248928541464238e+02
1.859482363490132570e+02
1.862252587108477542e+02
1.865903346656845656e+02
1.895195155379914240e+02
9.347473990204100858e+01
9.607934609638483892e+01
9.251865977814016162e+01
9.131866434151235978e+01
9.054458348258202705e+01
9.179577576240289716e+01
8.829629852694993986e+01
