4.653547312253249402e+01
4.513254786934186313e+01
4.478000769837820627e+01
4.415447941610023719e+01
4.372261896588464225e+01
4.218651480858168412e+01
4.232004604058510466e+01
4.038378171251247295e+01
4.131573831511349937e+01
3.900673985467260962e+01
3.984779906563014862e+01
3.886504606414742113e+01
3.900816095152492835e+01
3.696629911555460524e+01
3.512524223536827606e+01
3.355187028428283469e+01
3.269809943473614311e+01
3.168879636946723721e+01
3.107891604604281355e+01
2.989695391908309574e+01
2.806460930592237801e+01
2.825092173689268193e+01
2.734827266592077422e+01
2.650772341373268759e+01
2.752266002081486462e+01
2.662202661168534945e+01
2.637784652191507462e+01
2.612025556774858615e+01
2.703980598376830713e+01
2.650828397653426904e+01
2.637628177715599520e+01
2.525636376913487169e+01
2.468568489308151470e+01
2.632643526749194152e+01
2.438606868242234427e+01
2.506991769141914617e+01
2.490031429459558510e+01
2.413892570485292666e+01
2.388438749060408384e+01
2.548196342349367782e+01
2.464854232661903310e+01
2.455333929724169550e+01
2.421666838355316642e+01
2.309996281271288865e+01
2.344042807866138389e+01
2.356153993989175888e+01
2.452806832437451234e+01
2.355797125165582528e+01
2.351730055465472802e+01
2.267804436126925438e+01
2.350274804104758886e+01
2.302677806027594443e+01
2.217586799791117969e+01
2.331834940587232907e+01
2.291698309414883639e+01
2.214662710286894409e+01
2.077763835795931868e+01
2.153874823988785181e+01
2.154605199728501574e+01
2.135648629314163571e+01
2.140074302975763132e+01
2.150219402704415828e+01
2.120562334108553060e+01
2.068287914974296271e+01
2.132853923384183048e+01
2.061084626965325839e+01
2.014334194257169841e+01
1.954025460946157366e+01
2.000129183554959411e+01
1.905089612931751120e+01
1.885082004281207446e+01
1.894431011631901640e+01
1.870208551913767892e+01
1.856090126895543335e+01
1.844222264896581365e+01
1.884963524565128523e+01
1.661256563460842628e+01
7.985779594470045595e+01
7.788455179077530488e+01
8.096292106105207154e+01
8.147512720311587486e+01
8.228987085661320577e+01
8.164570668022838618e+01
8.651528877531347916e+01
