5.321927961857127229e+02
5.320875095850533398e+02
5.321620563075041446e+02
5.321873272966890909e+02
5.322869943551680763e+02
5.321460684966609733e+02
5.323628854672416537e+02
5.320924788975800084e+02
5.324769803202985941e+02
5.321722342407512087e+02
5.325624403242495646e+02
5.324554515333998097e+02
5.326254516825041492e+02
5.323386119245344617e+02
5.320113618097722110e+02
5.317763282729406455e+02
5.317116644907067666e+02
5.316231993091724917e+02
5.315050185043489819e+02
5.313531068016685595e+02
5.310714057587712205e+02
5.311720648355511685e+02
5.310521988708011349e+02
5.310461823727017645e+02
5.313366893789476535e+02
5.312177064002955831e+02
5.312683155256086138e+02
5.312814656663463211e+02
5.315631907214044531e+02
5.315404258954461056e+02
5.316138596119691329e+02
5.314917157362546050e+02
5.314008216812300134e+02
5.318816045415056806e+02
5.315530335588761091e+02
5.317725688972633407e+02
5.317694727109220594e+02
5.317231138966873232e+02
5.317581203202862525e+02
5.322124671435258279e+02
5.320597150185252531e+02
5.320995864795949046e+02
5.321051799793895043e+02
5.319696402391546144e+02
5.321076019189293902e+02
5.322087396299192505e+02
5.324951254477983866e+02
5.323425735943205837e+02
5.323904034017500635e+02
5.322899365675488070e+02
5.325775104258950705e+02
5.325109969930101670e+02
5.323991738841478991e+02
5.326786391834361893e+02
5.326813853904189955e+02
5.325635801796746591e+02
5.323352741271454533e+02
5.325746126425162856e+02
5.326334078547308764e+02
5.326135105389878390e+02
5.326544437837636679e+02
5.327890034514186937e+02
5.327442232184735076e+02
5.327700360805703212e+02
5.329679027889493454e+02
5.328269844632973218e+02
5.327196996286628519e+02
5.326472266990602975e+02
5.328059140649555729e+02
5.326265388445367535e+02
5.326375138407229315e+02
5.327719502289644424e+02
5.327422370275161256e+02
5.327523662185532203e+02
5.327700156269272611e+02
5.329153696358534944e+02
5.324169496227805212e+02
5.470713354169901095e+02
5.465856453579532399e+02
5.473848060712479082e+02
5.476092248648398026e+02
5.479216824398614563e+02
5.477476139224495455e+02
5.490828857293362262e+02
