5.031065694061244926e+02
5.032486725975022068e+02
5.035415881679295467e+02
5.036652688122245536e+02
5.038875809911924080e+02
5.039485596460739885e+02
5.041709366334052334e+02
5.042332116935245381e+02
5.045996441402808728e+02
5.045425111786153707e+02
5.047874056302764529e+02
5.049573742846231426e+02
5.052182576485470236e+02
5.051103080560913554e+02
5.052386476709303338e+02
5.052047763312511961e+02
5.053808795188984391e+02
5.052572936623093369e+02
5.055444036001418908e+02
5.055805334835872031e+02
5.055053740396136845e+02
5.056194531257860376e+02
5.057790403931965102e+02
5.056563360618202410e+02
5.059323139362302300e+02
5.059408049005651833e+02
5.060495274222124067e+02
5.060191788606722980e+02
5.063405409503105830e+02
5.062120008550367629e+02
5.063412703287796148e+02
5.062401781894618011e+02
5.063255169335035362e+02
5.064438786389912934e+02
5.062957980120929733e+02
5.064776769376204584e+02
5.065511266644689954e+02
5.064803849552089900e+02
5.064551309038689624e+02
5.066843447982224120e+02
5.065892825973223808e+02
5.067395527883898012e+02
5.066677738433509148e+02
5.065667136882413502e+02
5.067470910767283385e+02
5.067989812061600219e+02
5.069003621647503905e+02
5.068327234449826619e+02
5.068870457319973752e+02
5.067989847122218521e+02
5.067860203494022358e+02
5.068734970120170260e+02
5.067131475137931602e+02
5.069416601372356013e+02
5.069375156252639840e+02
5.069538088249934731e+02
5.068579916012676563e+02
5.068386859791909274e+02
5.067149675406600409e+02
5.069571112783086733e+02
5.070204352466204227e+02
5.069165034674645653e+02
5.070300855315068702e+02
5.068063182848573547e+02
5.069988804456219214e+02
5.068848733231322967e+02
5.070888747730353998e+02
5.069879078972753064e+02
5.069369221622574742e+02
5.069565565664042310e+02
5.068820234056917116e+02
5.067634514128585579e+02
5.067310725492679353e+02
5.069669168635280130e+02
5.070175622550242451e+02
5.070307772538403128e+02
5.066869534662025671e+02
5.116952215929897534e+02
5.114857858987286363e+02
5.119023984902863731e+02
5.119454187499650857e+02
5.120419483786408819e+02
5.119802432486278576e+02
5.124439322327021955e+02
