8.786670481838832814e+01
8.859286904149213626e+01
8.911352908929050898e+01
8.958617218283075090e+01
9.014140541935243789e+01
9.070979404044874173e+01
9.117787802826158838e+01
9.175029639000247528e+01
9.243578861133075009e+01
9.278654950832833492e+01
9.298492659858661114e+01
9.364752089844449756e+01
9.421346403927330471e+01
9.449013608695906896e+01
9.548614688160441233e+01
9.592113509218579281e+01
9.654720127684193187e+01
9.644637579047216036e+01
9.754162866141598442e+01
9.824864849590113636e+01
9.861296198430278537e+01
9.867871658108271049e+01
9.946696649680826852e+01
9.917841190244377003e+01
9.947099547663898989e+01
9.984335804781375145e+01
1.000687306837431265e+02
1.003242311303892080e+02
1.006404705634220136e+02
1.005141722073473574e+02
1.009475505991508726e+02
1.010017009202474867e+02
1.013456285459857611e+02
1.012882350527482060e+02
1.017349227611978932e+02
1.019819189088613456e+02
1.024911460427514953e+02
1.022806905708330021e+02
1.026226285070924575e+02
1.024439274485590943e+02
1.030843643620657843e+02
1.033758856421200250e+02
1.034146810866325268e+02
1.037063802290218604e+02
1.040706726019020749e+02
1.044320391459982744e+02
1.043757739720208662e+02
1.047111010582920301e+02
1.053553442976650700e+02
1.054412532136320806e+02
1.051856818003784468e+02
1.058348463527522654e+02
1.059708765790482232e+02
1.063614904638141354e+02
1.063737961851090006e+02
1.070199163824498925e+02
1.072284684144757421e+02
1.072867244295576086e+02
1.070444948280079700e+02
1.077727005095696740e+02
1.079228232283422670e+02
1.078729323141557188e+02
1.084448993969261039e+02
1.082298809227287393e+02
1.085319025384310407e+02
1.087101191513823437e+02
1.097561301287747710e+02
1.098004025019644132e+02
1.098732948096832303e+02
1.101985478387861832e+02
1.101015702669038774e+02
1.104780481106071335e+02
1.102897607242920373e+02
1.109188680522021571e+02
1.110472858277942976e+02
1.113717630216488317e+02
1.110721131247912581e+02
9.354876425981130694e+01
9.403403447743966126e+01
9.353856521273657165e+01
9.286106615432184697e+01
9.271847852884148722e+01
9.300099489724556179e+01
9.234257450582862248e+01
