5.121941297055028031e+01
5.087669901867703004e+01
5.097715552987361320e+01
5.101810360554161861e+01
5.100565768792336740e+01
5.057788474984096894e+01
5.088235806168936648e+01
5.028770433149474428e+01
5.100792859110525512e+01
5.005360128528312202e+01
5.069958469593451156e+01
5.056647528524361235e+01
5.086852226429947166e+01
4.989949196164055678e+01
4.934217162177331772e+01
4.866870903894382394e+01
4.838251936163955946e+01
4.792387522785259790e+01
4.797997581407928891e+01
4.742311769378498099e+01
4.639891144234512410e+01
4.678822224162565391e+01
4.613547709924751672e+01
4.546456015107262516e+01
4.643836209149466043e+01
4.592193902472979516e+01
4.574821910336940789e+01
4.566503264749027124e+01
4.642129671544788039e+01
4.620190307549152209e+01
4.596837601026587805e+01
4.516425440633457811e+01
4.494782242281203111e+01
4.604659077111966781e+01
4.479008066450203529e+01
4.534635788471234719e+01
4.551116395643368406e+01
4.481334642204279106e+01
4.474419234364836484e+01
4.586184810455191041e+01
4.546400685807182640e+01
4.560979156961148107e+01
4.542648192407924768e+01
4.442973105500475839e+01
4.487290642708904898e+01
4.505567707507075426e+01
4.585053621019808645e+01
4.522208745011862874e+01
4.523035762205874022e+01
4.478073927940615562e+01
4.526200403188908439e+01
4.507807563401213002e+01
4.454652956140012066e+01
4.568906352673283777e+01
4.528859585767882834e+01
4.481630083348574800e+01
4.345759957772371251e+01
4.428740920280856841e+01
4.426994467345753748e+01
4.449586150561574271e+01
4.461579444024407337e+01
4.459086698979528762e+01
4.438680613976494271e+01
4.378902794422510425e+01
4.457879973546275920e+01
4.414761895388812718e+01
4.394094148058932348e+01
4.368734565175719098e+01
4.399015352024649417e+01
4.329922050004526568e+01
4.319256715229268195e+01
4.331980668229676468e+01
4.306506889980541786e+01
4.311377146310994846e+01
4.287522811942348255e+01
4.361943428661594879e+01
4.142629465789774912e+01
7.082930570155536998e+01
7.046870430364964477e+01
7.127484467281709613e+01
7.132116610236674603e+01
7.151395282695339972e+01
7.155873272240370397e+01
7.362369030570457085e+01
