-1.687560870847431838e-01
-1.676965323089585624e-01
-1.672678557173526426e-01
-1.677994983320168221e-01
-1.674813638994664400e-01
-1.684949717042088790e-01
-1.698446411081628027e-01
-1.705632597459045274e-01
-1.715903322569047318e-01
-1.711075065663786032e-01
-1.711451004705005496e-01
-1.724741900118920146e-01
-1.726643183239029433e-01
-1.739501342028709208e-01
-1.757291993372151195e-01
-1.764414154041942517e-01
-1.770842770221849050e-01
-1.763984043494424281e-01
-1.782866310699937062e-01
-1.801022060179518769e-01
-1.810703932924768167e-01
-1.802358958263835798e-01
-1.824740146468791513e-01
-1.816319341087259953e-01
-1.820517981026244791e-01
-1.832195693808389425e-01
-1.838684686041389127e-01
-1.850323585867299503e-01
-1.848826328718100043e-01
-1.848071359360516641e-01
-1.856040127002098750e-01
-1.868095488969135354e-01
-1.868924993446331451e-01
-1.858511678283215340e-01
-1.888897332942122420e-01
-1.887935830682636873e-01
-1.902513188939275735e-01
-1.893878804982033481e-01
-1.909615584851242776e-01
-1.886456753818398502e-01
-1.914979438497242947e-01
-1.925820514107147163e-01
-1.922778996845844746e-01
-1.932529520687413238e-01
-1.942087125303979256e-01
-1.952122605660591981e-01
-1.956273146383144257e-01
-1.954041809504686589e-01
-1.985246609616850844e-01
-1.993859293168158964e-01
-1.973854684962581263e-01
-1.997870612875310425e-01
-2.014218586494312402e-01
-2.016446272825013764e-01
-2.011877777604331174e-01
-2.040908873779964106e-01
-2.049567314391766981e-01
-2.059400523508697622e-01
-2.029801488746413585e-01
-2.061948294337936916e-01
-2.063159607899450465e-01
-2.076815309999222869e-01
-2.087502611272241126e-01
-2.084042822335280265e-01
-2.091946962444334868e-01
-2.097320190325760725e-01
-2.139599446227647417e-01
-2.134186277383860186e-01
-2.132070360633586958e-01
-2.150690170698067449e-01
-2.150303509457378304e-01
-2.162936636466025742e-01
-2.150501426744263478e-01
-2.177904484411876951e-01
-2.177632313468250147e-01
-2.188177597881763303e-01
-2.187055726806555467e-01
-1.487612504545585690e-01
-1.490665576151811722e-01
-1.480019001785096433e-01
-1.457819512771668657e-01
-1.449347997609433947e-01
-1.457674495142165516e-01
-1.439715455843275926e-01
