5.321930479986955334e+02
5.322851454482815825e+02
5.325902154843106473e+02
5.327314893762891188e+02
5.325235778707678946e+02
5.326847947118337743e+02
5.328289240204077259e+02
5.333829574275142704e+02
5.331859079919678379e+02
5.335094490585918265e+02
5.336490214736138569e+02
5.335931737146910336e+02
5.337714437198454789e+02
5.339632063940895250e+02
5.349465880556189177e+02
5.344087111390782638e+02
5.351826928632987119e+02
5.350913038838941702e+02
5.354350181963206978e+02
5.353595262679332336e+02
5.351208528787840351e+02
5.351349497819596763e+02
5.354915856575796624e+02
5.355249032318595255e+02
5.360589859316090724e+02
5.368084230948531967e+02
5.362286978781079370e+02
5.358513339798444122e+02
5.363357780081898909e+02
5.369367948135994766e+02
5.366208113251923351e+02
5.365313429879686282e+02
5.357841179920615104e+02
5.368170799802863939e+02
5.367477306463609921e+02
5.372101571131172477e+02
5.367614438366723562e+02
5.362911256383026739e+02
5.366107257343580841e+02
5.372041651903327875e+02
5.367164792695928099e+02
5.365791043246384788e+02
5.373243448841909640e+02
5.373477231170351160e+02
5.366482120856493339e+02
5.372529255313112344e+02
5.376751156123231112e+02
5.371100013198456509e+02
5.372989488041624782e+02
5.361640776354169020e+02
5.376255366378587723e+02
5.369553699448287034e+02
5.371346185041048784e+02
5.379926149334680758e+02
5.370107724444751511e+02
5.381621355021197814e+02
5.380371587043432555e+02
5.369794564455859245e+02
5.378543018685871857e+02
5.375023489399629852e+02
5.378754723698476710e+02
5.378552916017449661e+02
5.378169753756300224e+02
5.374911333662987545e+02
5.374039929837351792e+02
5.378906296319883040e+02
5.374902697750286507e+02
5.377307217065961140e+02
5.382961585959599233e+02
5.382241071318824197e+02
5.374917909615403460e+02
5.384132142792383320e+02
5.381820903676264152e+02
5.376476046929733457e+02
5.380057615489317868e+02
5.371879187373784816e+02
5.394150641982015486e+02
5.371616864519588717e+02
5.404222383753703980e+02
5.407346968012777779e+02
5.403810859997726084e+02
5.382824444368030754e+02
5.377262864945071215e+02
5.398554259018941366e+02
