5.031066329390019405e+02
5.033751883474479882e+02
5.037549612766834457e+02
5.039182837434532303e+02
5.039638135688853708e+02
5.041775157433655750e+02
5.044170083459766829e+02
5.047896355470645631e+02
5.048092634595319055e+02
5.050889245994056296e+02
5.053148910893571610e+02
5.054767943056266972e+02
5.056423120465489092e+02
5.059202299202636937e+02
5.063752079884084765e+02
5.061836979446972009e+02
5.066669566388844146e+02
5.067207795979057323e+02
5.069183536652892599e+02
5.070510918521801500e+02
5.070469874138439081e+02
5.071523689555789360e+02
5.072371841271332187e+02
5.073552843119265390e+02
5.077049765432154231e+02
5.079150402409645721e+02
5.078612499699011664e+02
5.076320895318129374e+02
5.078940110939788042e+02
5.082720588128946702e+02
5.080280147027052635e+02
5.080980220578639432e+02
5.077677506876121925e+02
5.082474249807591491e+02
5.083284853417479212e+02
5.084534727054312953e+02
5.083418285856798775e+02
5.082019752544779294e+02
5.082618281445242587e+02
5.085684181869078770e+02
5.084503989199345710e+02
5.082781548379845731e+02
5.086099416041751624e+02
5.086248186778783520e+02
5.084045218331155525e+02
5.086191153180275251e+02
5.088679237117684124e+02
5.084448133436860076e+02
5.087347943970568167e+02
5.080049018329016803e+02
5.086826983864041267e+02
5.083090699104875512e+02
5.086885984623165768e+02
5.092019993437814378e+02
5.085977790536058478e+02
5.089700563266639506e+02
5.088493935271316673e+02
5.084788906976788212e+02
5.088408322653459095e+02
5.087536893237733580e+02
5.088898248662369497e+02
5.088965903761721847e+02
5.087838219595248574e+02
5.087364125811752729e+02
5.087354954864183583e+02
5.089821134334546286e+02
5.087575868430315040e+02
5.088453653345445105e+02
5.091415632496671151e+02
5.090736322960133862e+02
5.084991915384244976e+02
5.091367497185577236e+02
5.089412425115882002e+02
5.085683632792252524e+02
5.089407274095892717e+02
5.083371082013279079e+02
5.091405407611342753e+02
5.082968449083316500e+02
5.095663975790197924e+02
5.099589560475689609e+02
5.096512587300378527e+02
5.088060576550055885e+02
5.085264985275025538e+02
5.093175927559678939e+02
