1.936038948385517244e+01
2.157905265143482509e+01
2.189772830847237728e+01
2.262108284807387193e+01
2.381273151127151877e+01
2.308315844356016555e+01
2.392287071463083237e+01
2.405139902590769907e+01
2.616867108234011496e+01
2.783579605449221006e+01
2.924979513099385997e+01
2.619482894249431126e+01
3.235611939526814496e+01
3.162642775325196354e+01
3.649515550814437148e+01
4.876500868385812737e+01
5.121247421690451773e+01
4.352645076732113694e+01
4.331867918254926053e+01
6.061457697205118933e+01
4.340825095934615518e+01
7.865453974718992924e+01
4.461275094286633447e+01
4.659671168467186675e+01
4.365472208259002684e+01
5.757593097269328553e+01
5.334039099146729512e+01
6.985964928522410844e+01
6.926907702735788064e+01
6.230552726081168657e+01
7.370647079490321119e+01
7.376007318444386840e+01
6.466501880239599132e+01
7.278057615511029610e+01
7.533801795872695095e+01
6.405551115427282127e+01
6.384941066841869173e+01
7.675064017213439627e+01
6.514138940169559078e+01
7.466762505353135282e+01
8.194828148465246898e+01
7.827163357564548107e+01
7.344632004245364953e+01
6.690421645873745149e+01
7.689061486264502321e+01
7.279162286630258905e+01
6.889021102325635582e+01
7.438091114390999792e+01
8.127800273995028135e+01
8.282318929455095713e+01
6.487887736796498928e+01
7.444430231585975832e+01
7.350584505635038113e+01
7.290597466055695008e+01
7.455317104433997599e+01
7.817498990870733167e+01
6.752900422446893458e+01
8.118276554865659023e+01
8.710911655955180777e+01
8.632886065158697875e+01
8.112852479272082462e+01
7.102983501221304152e+01
8.330783723005518482e+01
9.146000384692852947e+01
7.212714185170723624e+01
7.959581064294833652e+01
8.708046137821830257e+01
8.452642777086283843e+01
8.420837898511044273e+01
8.196193134375035072e+01
8.489679093162847323e+01
7.329043384648569770e+01
8.784485744209163727e+01
6.963521915336578161e+01
8.186483807974215665e+01
8.826416124886026182e+01
8.999690784267724553e+01
9.635662183981932571e+01
8.602269877195863046e+01
8.231707441129117342e+01
9.270905534546547244e+01
1.003047406034981321e+02
9.681352210633976085e+01
9.723939487350148170e+01
