7.011941081844544499e+01
6.800300435417712208e+01
6.854795438237977123e+01
6.773631236027266311e+01
6.764233854394926482e+01
6.812447510274151341e+01
6.748702567417852549e+01
6.778691229523873574e+01
6.707503969611379091e+01
6.544900956485719234e+01
6.681493455752803357e+01
6.667893094902699147e+01
6.428117876572815703e+01
6.555822254865404375e+01
6.235371655200286511e+01
5.620694868882527118e+01
5.574581632828569155e+01
5.857570976653251904e+01
5.871876599508370731e+01
5.093114500677410206e+01
5.759523093569796259e+01
3.948641967579365541e+01
5.800987181838209494e+01
5.636264602183278782e+01
5.708570101444031764e+01
4.990772113494355011e+01
5.176000958606339708e+01
4.385466269743258039e+01
4.328396941871272929e+01
4.724622755064837065e+01
4.114792781239030006e+01
4.096762473297637541e+01
4.725070421439911428e+01
4.083708791713421249e+01
3.955795154612684428e+01
4.446030736935387750e+01
4.485625992780332183e+01
4.174191177311776357e+01
4.418137078773467152e+01
3.642410053969851447e+01
3.322038426126484012e+01
3.748248701841587405e+01
3.721328541480796304e+01
4.374139483468142942e+01
3.649891307496880444e+01
3.929029760154640627e+01
4.087549420826064761e+01
3.901728466007733687e+01
3.500746444945573899e+01
3.344464367478527578e+01
4.416747749313719140e+01
3.755138911687433989e+01
3.748751192049269321e+01
3.594487079587576517e+01
3.651150100747441485e+01
3.484090002913067963e+01
3.680880957837025846e+01
3.171626480984275531e+01
2.489986206633936661e+01
2.889773969988951308e+01
2.826566471609277897e+01
3.562475507996411750e+01
2.941359066150613089e+01
2.345530355486749841e+01
3.963290522150760609e+01
3.064253102586770794e+01
2.835777176112839015e+01
2.642994268897339083e+01
3.054759566693932982e+01
2.650943901084383469e+01
3.143045660631092986e+01
3.408172416867467547e+01
2.210080894121433559e+01
3.909172752518455951e+01
2.765135848253935791e+01
2.550269055011941077e+01
1.408301082887796518e+01
2.237436620328879400e+01
2.825377523343859565e+01
2.308611216309785164e+01
2.161039291928583950e+01
1.877659809202113195e+01
1.604625703539617732e+01
1.296940190414951033e+01
