4.876090362725301475e+01
4.794403876057342018e+01
4.680086311942395838e+01
4.634471270105181162e+01
4.468197256699966857e+01
4.504320575610694277e+01
4.437056262851504584e+01
4.346724672371099274e+01
4.194819055416786568e+01
4.134507778494605645e+01
3.794931807923473599e+01
4.143897297910135791e+01
3.712463648657743676e+01
3.611195600903270275e+01
3.407646929070807573e+01
2.726848911484317028e+01
2.551064211977644547e+01
2.992982281836049552e+01
2.996292928355356011e+01
2.160613737682595570e+01
3.052329872479436901e+01
1.779878899541464676e+01
2.845938215501915636e+01
2.853236748662701316e+01
3.081785125984802676e+01
2.474119842052172302e+01
2.631295743072250204e+01
1.971933483655951136e+01
2.056400792332473415e+01
2.257443676802633092e+01
1.985898705333115188e+01
1.965571727741685493e+01
2.013896214291171205e+01
2.023846735214980086e+01
2.002504660141105575e+01
2.410617888627303884e+01
2.377856327204634113e+01
1.626830203199235569e+01
2.406451243709965482e+01
2.387145729992349175e+01
2.065487107886312756e+01
1.970366969242340716e+01
2.398527441929261528e+01
2.297929097250572639e+01
2.228892697732447203e+01
2.205677756356267949e+01
2.374915395050510369e+01
2.141436823634433750e+01
2.041198618336738946e+01
1.989332471814541492e+01
2.494863467850414906e+01
2.371359421418310376e+01
2.347858406759876360e+01
2.580825513738684052e+01
2.480224565634068057e+01
2.304678741813198428e+01
2.955281483525062924e+01
2.313404783176164514e+01
2.631358390075805076e+01
2.324163498320855581e+01
2.937656805712722630e+01
2.880739542860655789e+01
2.667197522991549263e+01
2.430167153686493364e+01
2.334217686450563889e+01
2.708500253967511640e+01
2.355254039886350981e+01
2.770595370947716418e+01
2.478812652796993632e+01
3.029393422077603049e+01
2.247891984688314793e+01
3.057196094365194128e+01
3.106628386620845816e+01
2.692799443079429267e+01
2.959295264526242519e+01
2.626386654316623392e+01
3.673573190958838097e+01
2.369196889944781859e+01
2.568364199310311946e+01
3.253436440554666120e+01
2.837381531562257209e+01
2.623002151747139976e+01
3.078564096478566725e+01
3.429122092149775369e+01
