5.615555811683626075e+01
5.633977924143367488e+01
5.671361312797002086e+01
5.699226507280592813e+01
5.715789729219079618e+01
5.731667403312258102e+01
5.749392405303982656e+01
5.791971549144511044e+01
5.845471887259100896e+01
5.836917136293013186e+01
5.875192921317154315e+01
5.897447932795819980e+01
5.934777471943697691e+01
5.926385409270295668e+01
2.728454559396103463e+01
3.090746810504255748e+01
3.153763738636466840e+01
3.327563307760405564e+01
3.567536098104530851e+01
3.931100765062248570e+01
3.480197701120092546e+01
3.820812463798560543e+01
3.430691691832429768e+01
3.840643084325962775e+01
3.446057325221309497e+01
3.555750364707564870e+01
3.618919413096941895e+01
3.604410833752528731e+01
3.809110617901855278e+01
3.397329633023787920e+01
3.570982447152189820e+01
3.704754486964288418e+01
3.512082588215491086e+01
3.901866195429371231e+01
3.643487401903248468e+01
3.525810234477377492e+01
3.549652658516318127e+01
3.507938773075683514e+01
3.630945544597229002e+01
3.586589202342445049e+01
3.546001364764076413e+01
3.449076025990542149e+01
3.468382031148631484e+01
3.489863696047372343e+01
3.408614616547367859e+01
3.532287066760498817e+01
3.372825490323054254e+01
3.482785983297405608e+01
3.346912160144766801e+01
3.282178688068834305e+01
3.476609471025543030e+01
3.184085442695264234e+01
3.148953676239557709e+01
3.198741536404036978e+01
3.211839237421024507e+01
3.114664640654327954e+01
3.140053314105025706e+01
2.983329374601517969e+01
2.989579621219452221e+01
3.023175901632752627e+01
2.993127353014745395e+01
2.990337082501658728e+01
3.293215537915907731e+01
2.995659554422609361e+01
2.923808433247623739e+01
2.931995441820781068e+01
3.051129978656755881e+01
2.753893915961699079e+01
2.965829949223110162e+01
2.724467373817839189e+01
2.751709091176624256e+01
2.802668105217789929e+01
2.713129950389759060e+01
2.559770290121723946e+01
2.706854452575906933e+01
2.774544834304834140e+01
2.643878180165330605e+01
2.588338518596983207e+01
2.498794772079893889e+01
2.541018290782939104e+01
2.561963283292407922e+01
2.593896974807962152e+01
2.501961068873800897e+01
2.348304759899908589e+01
