5.483012455608868549e+02
5.488607184317183965e+02
5.493025121730613591e+02
5.490607491654325258e+02
5.495718398946653451e+02
5.497614522663315029e+02
5.510692821501644403e+02
5.500567137331630647e+02
5.502977480381948681e+02
5.517835064569377437e+02
5.515794638578046261e+02
5.523456094918371946e+02
5.535473364904119080e+02
5.510981584663286412e+02
5.433898073402349382e+02
5.456902757706114926e+02
5.473790237945769377e+02
5.473903223613391447e+02
5.523477241489554217e+02
5.581573961266320794e+02
5.533626065014179858e+02
5.580061753140287237e+02
5.545091189073096984e+02
5.595063593966747248e+02
5.544909283886763660e+02
5.566172968926393878e+02
5.573365263495837780e+02
5.567929852930967627e+02
5.602009139497934029e+02
5.554781297930181836e+02
5.578808674874567259e+02
5.604790987218628970e+02
5.598201796018815912e+02
5.623262351313393310e+02
5.609783895098413495e+02
5.591622157628427203e+02
5.604185616383193747e+02
5.604468568025088189e+02
5.604176512371641365e+02
5.608066538659816160e+02
5.602604757100407369e+02
5.600951482805213573e+02
5.597192673405392043e+02
5.595836725121513382e+02
5.595166005121947137e+02
5.605504991748726979e+02
5.598694496851059057e+02
5.595081788180181093e+02
5.592577104876277190e+02
5.593144726205608777e+02
5.590792852409224452e+02
5.592876412020796124e+02
5.585759016743656957e+02
5.589445759966159812e+02
5.585081197397981896e+02
5.585478857317931443e+02
5.583394643192615376e+02
5.579675115835019596e+02
5.583944515898896270e+02
5.583305011094711290e+02
5.580990858509674126e+02
5.581397873748209122e+02
5.582079916096962506e+02
5.581020193007381067e+02
5.585546041740633427e+02
5.582077135684425002e+02
5.582692471660257070e+02
5.575474424207516222e+02
5.578882177607745234e+02
5.571997928864644791e+02
5.571330169870317377e+02
5.571166015246318466e+02
5.568992951455279581e+02
5.571430017959593215e+02
5.575293080809852881e+02
5.571838116338583404e+02
5.567841339494685826e+02
5.565956757717948449e+02
5.566425141559708436e+02
5.567266702116862689e+02
5.566218602535084301e+02
5.564418564758366301e+02
5.568223524841728249e+02
5.559234438490620960e+02
