5.286282888256570232e+02
5.289755681906333393e+02
5.293835829104855293e+02
5.294045872640571133e+02
5.296264620541135173e+02
5.298158079906135072e+02
5.300589870434021122e+02
5.303166800489947263e+02
5.305561830709353899e+02
5.310371610821825925e+02
5.311721453910938635e+02
5.312392903151362589e+02
5.317492162094911237e+02
5.312077016859643663e+02
5.135638135772740043e+02
5.157429432657116877e+02
5.165724775975528473e+02
5.172903113163969238e+02
5.198485423072497724e+02
5.232821591274966977e+02
5.204139625453502731e+02
5.229684998947783470e+02
5.206355349349794324e+02
5.240080577467185776e+02
5.206549897682849632e+02
5.219002623796800435e+02
5.223977202840574137e+02
5.222292998227381986e+02
5.237640945911015251e+02
5.210555531083173264e+02
5.223727668496526348e+02
5.240037949626242835e+02
5.232454441987869131e+02
5.251482425872248996e+02
5.240438451408205083e+02
5.229466117755690675e+02
5.233653317669244416e+02
5.235054195250097564e+02
5.238459119427321866e+02
5.237466045415122835e+02
5.233679325808400336e+02
5.230022438023049745e+02
5.230243318986533723e+02
5.231775725121239020e+02
5.227982535230837584e+02
5.233036658200003330e+02
5.227518784369657396e+02
5.229292316624429304e+02
5.223819870277172868e+02
5.222665741157459252e+02
5.227390637306824601e+02
5.220103976884228132e+02
5.218336066298330707e+02
5.217918882053664902e+02
5.218358007349364698e+02
5.215097250104740851e+02
5.216084335793830178e+02
5.211123656358656717e+02
5.213572161626821071e+02
5.212190193067004884e+02
5.210899673900963762e+02
5.210960401126764054e+02
5.216312279637772917e+02
5.212038332525320357e+02
5.210710400667412614e+02
5.209411140837780749e+02
5.209814681682635182e+02
5.203490102693673407e+02
5.207037514959363307e+02
5.200587529917720531e+02
5.202253023857654171e+02
5.202346058631313781e+02
5.201507611661386363e+02
5.198587238234061942e+02
5.202213783710483312e+02
5.199880663948265465e+02
5.199256459591160819e+02
5.196014996846693066e+02
5.196435926022124931e+02
5.195735433148328184e+02
5.196064612403334877e+02
5.196156943214587045e+02
5.196854436231620866e+02
5.189046672770357418e+02
