4.529981051536727676e+01
4.578854987869501514e+01
4.613227976859460711e+01
4.444993058869469849e+01
4.494429109301665903e+01
4.482503130095705757e+01
4.742085889771481533e+01
4.274676792902488387e+01
4.238346311891692153e+01
4.557315521600300912e+01
4.549010553571611837e+01
4.568159995553364183e+01
4.762016962198255499e+01
4.239365923174459283e+01
7.212420686713207374e+01
7.564444195433202367e+01
7.675342532695006526e+01
7.793792468499397330e+01
8.089003066629177852e+01
8.437418173971795454e+01
8.243935704261080843e+01
8.427223165558093854e+01
8.281589777302521327e+01
8.594559964870788349e+01
8.233414583750578686e+01
8.396256482313273750e+01
8.449312193492585266e+01
8.469027941869283893e+01
8.543348102799409105e+01
8.307249339355267637e+01
8.435963061522311079e+01
8.631235968283431248e+01
8.597390149332584031e+01
8.725615442109831577e+01
8.653432581402184098e+01
8.540959786600247128e+01
8.602582693329364361e+01
8.622930933439278078e+01
8.673817917213821715e+01
8.611094093809072092e+01
8.605674460654870472e+01
8.570552243789151703e+01
8.593980209919416779e+01
8.638896085656602963e+01
8.585963857703116275e+01
8.590929552525805946e+01
8.568040262084565484e+01
8.617334759781144271e+01
8.577793827806219440e+01
8.541390335747580309e+01
8.596105950565990383e+01
8.514909737713196591e+01
8.548990184392901881e+01
8.507908010031002277e+01
8.550547563546133745e+01
8.507499345687745063e+01
8.556743162227303401e+01
8.488043874425214597e+01
8.491154844739475038e+01
8.494161958115311961e+01
8.495191707046265606e+01
8.470509925641630389e+01
8.581118273926745132e+01
8.516491955421176385e+01
8.448754827252267319e+01
8.456674835589902273e+01
8.520622568215361525e+01
8.475048973782300266e+01
8.493801541834864111e+01
8.442683840788055250e+01
8.486446819064713054e+01
8.504785118855073733e+01
8.502717838290594443e+01
8.441952880461882103e+01
8.490476195179429908e+01
8.455155364228907899e+01
8.497863401720766774e+01
8.488158287900274956e+01
8.463683527853667954e+01
8.440188358690603820e+01
8.466960088532189843e+01
8.523009904476269583e+01
8.487619427577077147e+01
8.493380993545123658e+01
