7.012031939437804340e+01
7.057966141868425325e+01
7.126265527359286978e+01
7.209038451363326772e+01
7.237526880571222421e+01
7.258578655979101768e+01
7.213007046592343841e+01
7.442167598961290764e+01
7.562695971888186364e+01
7.508458975498459154e+01
7.570665647461775905e+01
7.611996377788067036e+01
7.684702824308826052e+01
7.705504344904527159e+01
5.391863961749427503e+00
7.914628488240035509e+00
8.418423984302611629e+00
9.835668438917178236e+00
1.226220590593838011e+01
1.718285219994640656e+01
1.185686213136943934e+01
1.563225527421756489e+01
1.137188917613635830e+01
1.655837075233407774e+01
1.130732652629727930e+01
1.267889813590574555e+01
1.337805134995839396e+01
1.314067789917356066e+01
1.539233103388062318e+01
1.079461439238355069e+01
1.270249425001836840e+01
1.467866843504580920e+01
1.261810019413028705e+01
1.683921376884525145e+01
1.400338992371552216e+01
1.245866267219914114e+01
1.260559024524465777e+01
1.244061104089631797e+01
1.345764040071889056e+01
1.308398180770848285e+01
1.251308237733305262e+01
1.146191752671975372e+01
1.157111730173993713e+01
1.190880482394996598e+01
1.105820605902328957e+01
1.201488934372530792e+01
1.063572791687158414e+01
1.140665416722551662e+01
1.027813907445598218e+01
9.724981712591976191e+00
1.132944251837023231e+01
9.081817799156640447e+00
8.758408155747353874e+00
8.859563453648135578e+00
9.007615012695195489e+00
8.294651979630250693e+00
8.603871397506084762e+00
7.611268592276174694e+00
7.764914794910845686e+00
7.590856064699086581e+00
7.366170895774413196e+00
7.477679497106900719e+00
9.133363322808751406e+00
7.614857031917327213e+00
7.089407525813012256e+00
7.041644711255796274e+00
7.361895467312413288e+00
5.879898074135549990e+00
6.916160279930319454e+00
5.712946433051973472e+00
5.836037701530330857e+00
6.066711812587437969e+00
5.747008360788618653e+00
5.011240439930203294e+00
5.592763511048892688e+00
5.683964978031789350e+00
5.238954552370835849e+00
4.847235741142905674e+00
4.669497265002316766e+00
4.686344534226640768e+00
4.765886154999893876e+00
4.929074076811827076e+00
4.611346070498222538e+00
3.882076643111283865e+00
