5.037967019028402547e+02
5.040397179490590247e+02
5.043933025987560654e+02
5.046219415459550532e+02
5.048323168106733760e+02
5.050170835040011639e+02
5.050472899198138634e+02
5.056025405918491629e+02
5.059532699064998837e+02
5.059619581583964987e+02
5.062000686924108095e+02
5.063672023050615962e+02
5.066158541122363772e+02
5.067930690360523158e+02
5.001141245816348828e+02
5.006929571692562604e+02
5.010194569861005789e+02
5.013440338756822143e+02
5.018261932676545030e+02
5.025950443261997975e+02
5.020875183852267583e+02
5.025029220595445167e+02
5.022943821747228412e+02
5.030117260378169135e+02
5.022844459945630433e+02
5.026112711729418834e+02
5.028683274117580027e+02
5.028807896227173160e+02
5.032064354035217661e+02
5.024810811782297719e+02
5.029184588372135636e+02
5.032929902175219468e+02
5.030869282766211086e+02
5.036151083094468959e+02
5.032546175124059005e+02
5.030896002514596717e+02
5.031010048478169097e+02
5.031435126837478151e+02
5.033278474610620492e+02
5.031749128331388192e+02
5.030447742444168284e+02
5.029872223077040303e+02
5.029767572554360981e+02
5.031650146550876457e+02
5.030795120722345359e+02
5.030834790929389442e+02
5.028926225342027010e+02
5.031213124124700471e+02
5.029339313044246751e+02
5.027041090509981700e+02
5.029694015037794088e+02
5.025675410795037124e+02
5.024875007049504916e+02
5.024173096685856876e+02
5.026516720493620483e+02
5.024633512315922985e+02
5.028566451198225309e+02
5.023297800608158354e+02
5.021254112992883734e+02
5.023199775820580157e+02
5.023501931503205924e+02
5.021881794810709039e+02
5.028951631793383967e+02
5.023144358460033914e+02
5.019862727523502599e+02
5.019777020317857250e+02
5.024629453088784885e+02
5.020049046260227215e+02
5.020912022976004891e+02
5.019762193969000350e+02
5.019893415760622588e+02
5.018529492486740082e+02
5.018252932881322295e+02
5.016862133397243610e+02
5.020378429298756373e+02
5.018474829368476549e+02
5.019074297008136796e+02
5.018527409664999936e+02
5.014805142413535464e+02
5.015848791643767299e+02
5.017874266927169060e+02
5.022735635479622260e+02
5.017126085770622126e+02
5.014171466300406337e+02
