7.599918489768687380e+01
7.620876818867009206e+01
7.668155162091424870e+01
7.667881645863941742e+01
7.677300124643979018e+01
7.690850335480287470e+01
7.668471005592509471e+01
7.687561650280930792e+01
7.712054909791451962e+01
7.647123687832744565e+01
7.697725989379001987e+01
7.605943142363221909e+01
7.555896079726960579e+01
7.733678736248023711e+01
8.951884770812095837e+01
8.864181141573463663e+01
8.704706784066887337e+01
8.724313876081448882e+01
8.227995433273568437e+01
7.460988999618822959e+01
8.260856599522701060e+01
7.485268219607529261e+01
8.168281928802390723e+01
7.361821231007624533e+01
8.120705145331402264e+01
7.870914068417030762e+01
7.779655206057323369e+01
7.915385213997308256e+01
7.301928687438608279e+01
8.121654632671703666e+01
7.769320569853654490e+01
7.378774748419097307e+01
7.642193762660940592e+01
7.153269450913927585e+01
7.311388692902879427e+01
7.700908795441314680e+01
7.540442463210035839e+01
7.601201472424433803e+01
7.591681832561972953e+01
7.621747308290642309e+01
7.682766085382645826e+01
7.713997010129993726e+01
7.858230257896526894e+01
7.887282530711125617e+01
7.873642960874664709e+01
7.643562099174997115e+01
7.907203624356439775e+01
7.975100820168918858e+01
8.046613064862006581e+01
7.956249274251629799e+01
8.086849630974917602e+01
7.975783093195047968e+01
8.227148152982930185e+01
8.138008042398591613e+01
8.285490251470277201e+01
8.224571485552709760e+01
8.194223604873681666e+01
8.343445108652461784e+01
8.272671167581607676e+01
8.265999500836690572e+01
8.342761728627905882e+01
8.292904955177769466e+01
8.280007208602944502e+01
8.349949312427122550e+01
8.243820415811781288e+01
8.286076151694166469e+01
8.271736771801948862e+01
8.471799275551737196e+01
8.365730786251987183e+01
8.464807575397338724e+01
8.545974551581539913e+01
8.557284736195227026e+01
8.647596480651209561e+01
8.595481056742825388e+01
8.542692417408474626e+01
8.546830223747748789e+01
8.488036269587826155e+01
8.522975778642711475e+01
8.484773818027794334e+01
8.474972849222577054e+01
8.468024106361411896e+01
8.550525818189829863e+01
8.461839430416567609e+01
8.635721135489477263e+01
