4.876719867721647717e+01
4.838003391787007956e+01
4.799412739816276741e+01
4.999382439819818558e+01
4.957537407427916065e+01
5.011566542956024506e+01
4.731120107631718241e+01
5.163799340977620034e+01
5.221750195079917489e+01
4.841642379099862126e+01
4.986393385348505802e+01
4.849816229129859124e+01
4.576158267687650749e+01
5.393089683642074306e+01
7.131846412808378943e+01
6.070651919450869372e+01
5.476642537362217666e+01
5.384215622166907167e+01
3.738293118697393425e+01
2.199279642795526613e+01
3.543980767648812247e+01
2.307622976127663605e+01
3.366543528327567003e+01
1.983819630654193489e+01
3.473913628219418115e+01
2.881105804807521409e+01
2.709489385707635734e+01
2.869850583516084441e+01
2.142146432562954317e+01
3.434170606055408825e+01
2.802387124199394464e+01
2.137897188179708152e+01
2.404313064677672429e+01
1.819958030595866205e+01
2.150935959921455165e+01
2.688411530919664116e+01
2.458161415969619412e+01
2.452124387286015406e+01
2.434002906336405303e+01
2.498266857885848324e+01
2.669061519711424424e+01
2.785535045493851669e+01
2.893979286698140996e+01
2.909539806144691454e+01
3.040349048727514969e+01
2.813157347423150512e+01
3.099248463741339776e+01
3.163237421967058438e+01
3.381658890872265033e+01
3.392300250292205988e+01
3.456585872564271966e+01
3.527062448629638425e+01
3.782224779083493615e+01
3.784009543337204917e+01
3.914744836182943288e+01
4.003166177769188039e+01
3.993393723553136709e+01
4.313835961164441812e+01
4.158018989280571986e+01
4.234130108882862231e+01
4.354761828891555808e+01
4.404562805124191982e+01
4.287857181580210408e+01
4.465187850585478913e+01
4.435201832102313801e+01
4.560209915837064187e+01
4.535917142455474504e+01
4.927178081204708349e+01
4.798157009551086816e+01
5.158982080105232626e+01
5.165678900730534195e+01
5.259857027306086508e+01
5.366562047779866873e+01
5.419553976680089136e+01
5.219853221291082690e+01
5.470800991787002943e+01
5.407118409593192609e+01
5.602393751197976002e+01
5.588296495785065332e+01
5.635264413531188410e+01
5.639562931258187461e+01
5.746355235154415197e+01
5.618579497918092613e+01
6.381153197381100028e+01
