1.935452953994537495e+01
2.003819074819200807e+01
2.020670925333366696e+01
1.833829934265077810e+01
1.892944092437331705e+01
1.885260928114996659e+01
2.244190274986727118e+01
1.680771879044505823e+01
1.601626186832181276e+01
2.013086689145204389e+01
1.935480340471778504e+01
2.017168187219026620e+01
2.250583233034489439e+01
1.579875001086878150e+01
8.867744468999916307e+01
9.761687714539209537e+01
1.025427447746376259e+02
1.031556448600655074e+02
1.165108140481349182e+02
1.278935370805139797e+02
1.224933680704103551e+02
1.297847298976790569e+02
1.252956043801972186e+02
1.342468977072103371e+02
1.246513293694946753e+02
1.302252386493207723e+02
1.313850271559514624e+02
1.313185001663002254e+02
1.348462369552009648e+02
1.281835673877770319e+02
1.319493105017550079e+02
1.381494740146578977e+02
1.391402813508665872e+02
1.397007644124805097e+02
1.402728818400298110e+02
1.368114692427702721e+02
1.398292459804726775e+02
1.402730599999999583e+02
1.402730599999601395e+02
1.402730599997657635e+02
1.402730599999924550e+02
1.402730599999999583e+02
1.402730599999742935e+02
1.402730599999998731e+02
1.402730599999999583e+02
1.402730599999998446e+02
1.402730599808322438e+02
1.402730599999984804e+02
1.402730599994139311e+02
1.402730599999999583e+02
1.402730599999115100e+02
1.402730599999999583e+02
1.402730599999999583e+02
1.402730599999684387e+02
1.402730599985337960e+02
1.402730599999999583e+02
1.402730599999999583e+02
1.402730599999049446e+02
1.402730599999999583e+02
1.402730599999999583e+02
1.402730599999999015e+02
1.402730599999999583e+02
1.402730599999999583e+02
1.402730599999999583e+02
1.402730599999999583e+02
1.402730599999999583e+02
1.402730599999999583e+02
1.402730599999950698e+02
1.402730599999999583e+02
1.402730599999999015e+02
1.402730599999999583e+02
1.402730599999999583e+02
1.402730599998662626e+02
1.402730599999999583e+02
1.402730599999999583e+02
1.402730599999999583e+02
1.402730599999999583e+02
1.402730599999999583e+02
1.402730599999999583e+02
1.402730599999999583e+02
1.402730599999999583e+02
1.402730599999999583e+02
1.402730599999999583e+02
1.402730599999999583e+02
