-1.232791541382620287e-01
-1.273847984194070304e-01
-1.288663126384123614e-01
-1.320653382785362817e-01
-1.343647823555410570e-01
-1.363814036180469591e-01
-1.382252476513985973e-01
-1.406438896891108181e-01
-1.437811619842540301e-01
-1.445341429997171190e-01
-1.490648995874796767e-01
-1.493511395179834556e-01
-1.522628748349380834e-01
-1.560679719343346650e-01
-2.017731081066693466e-01
-2.050152795274381712e-01
-2.035742483794880098e-01
-2.068666464339052047e-01
-2.057918905353544048e-01
-2.097159219730972135e-01
-2.184880123762282800e-01
-2.157333930969830560e-01
-2.199383815961247490e-01
-2.215258277814275145e-01
-2.245191882408220652e-01
-2.274377345732634115e-01
-2.274255533772048254e-01
-2.313201734482853711e-01
-2.272647265599730959e-01
-2.328780868680212224e-01
-2.292303036628454416e-01
-2.337147960617897424e-01
-2.394838412220672841e-01
-2.345300366123512503e-01
-2.389536877975047824e-01
-2.415434251583621350e-01
-2.437445399504327981e-01
-2.422104082418413684e-01
-2.444247782431294702e-01
-2.496956834619782628e-01
-2.532866954890706790e-01
-2.537639221904791076e-01
-2.568900645004485450e-01
-2.558863691480437463e-01
-2.607952423408094744e-01
-2.547568090366844618e-01
-2.597343341849812637e-01
-2.645101762330457906e-01
-2.689846626317869416e-01
-2.671501116729380620e-01
-2.789115592995126680e-01
-2.706942174277630619e-01
-2.755687619631313479e-01
-2.797467835106851597e-01
-2.841283688186906353e-01
-2.859038009486438714e-01
-2.851575015140531133e-01
-2.970536514477070678e-01
-2.887623243444567556e-01
-2.915169593808685233e-01
-2.955487361392044043e-01
-3.007371082148032615e-01
-3.002832274830077863e-01
-2.997127844687473286e-01
-2.986780671650866026e-01
-3.044344832959675062e-01
-3.003415208122264812e-01
-3.107133521255097119e-01
-3.110045150338492936e-01
-3.245200694938776831e-01
-3.213393232927408971e-01
-3.247411303259523652e-01
-3.277788434876250379e-01
-3.292198882895053802e-01
-3.195481080009515695e-01
-3.365126147937420042e-01
-3.274117973409353954e-01
-3.342748900774526466e-01
-3.343582327022591172e-01
-3.393081214648071553e-01
-3.380777883585320831e-01
-3.397508014316207303e-01
-3.326352157356002870e-01
-3.625654798158737813e-01
