5.286286073154252563e+02
5.281409792903627931e+02
5.285462118835830552e+02
5.284393752074139456e+02
5.287256609247240249e+02
5.289766987237810554e+02
5.289668727233945447e+02
5.292553969403734300e+02
5.294067438803649566e+02
5.292542366269819922e+02
5.302358134336972171e+02
5.298477952821390318e+02
5.300767358407516667e+02
5.305263851649323215e+02
5.301510642586365520e+02
5.301098477286011530e+02
5.303571845445867439e+02
5.303881719216835791e+02
5.305853362031401730e+02
5.303985800303858014e+02
5.303145514416888773e+02
5.287917861796274792e+02
5.312294419399148637e+02
5.308567173791313962e+02
5.306175711696351982e+02
5.302035997875607336e+02
5.303758644333267966e+02
5.301034810644570143e+02
5.298426764661310244e+02
5.303948141446593354e+02
5.297941792459203043e+02
5.298208448156631221e+02
5.313260513898883346e+02
5.298367778659775240e+02
5.297118236987173532e+02
5.301307347005410975e+02
5.302595118481826830e+02
5.313272755130104770e+02
5.304489546170278800e+02
5.286242765202499641e+02
5.286409710579135890e+02
5.299944567539995433e+02
5.290177540321468541e+02
5.308930586174692507e+02
5.295175241877434473e+02
5.302822064622139351e+02
5.302716052296774478e+02
5.305816007394007556e+02
5.299302163496864750e+02
5.298112219489249810e+02
5.313164049947583862e+02
5.302709249247457137e+02
5.300575602655876537e+02
5.292885992473073884e+02
5.299211382932383003e+02
5.297974647731383584e+02
5.291374739920991033e+02
5.293643550720263420e+02
5.271313952161402767e+02
5.288193568367502166e+02
5.276634752778943493e+02
5.294122143634594977e+02
5.284854044898905840e+02
5.276026546699090432e+02
5.316708283596724414e+02
5.288715715801577062e+02
5.291381539180347318e+02
5.279228345954390988e+02
5.294900687273186577e+02
5.275920525188221291e+02
5.303941790589415177e+02
5.294785102575964402e+02
5.267857035514421113e+02
5.315896210693440480e+02
5.284135415554732162e+02
5.286791810809373828e+02
5.239063764185084437e+02
5.284769041750471388e+02
5.293070766831879155e+02
5.266653159288293864e+02
5.274247900052420164e+02
5.274111472953061366e+02
5.259946294437750112e+02
5.250804776366303486e+02
