5.483032362223748351e+02
5.484469926467329515e+02
5.488834090080804344e+02
5.490663157836260098e+02
5.497910595313255726e+02
5.499217875559675122e+02
5.502161301853271880e+02
5.505730829179516377e+02
5.513424154375568378e+02
5.514848302669853410e+02
5.529326965751437228e+02
5.517867489000550449e+02
5.531183312553548603e+02
5.538236026756629826e+02
5.541872394294674677e+02
5.561647456839128836e+02
5.569235384153711266e+02
5.556052799931964046e+02
5.555750863652757516e+02
5.580765069382291585e+02
5.557356495755688002e+02
5.583142670198366204e+02
5.565765717944441349e+02
5.566678205906546282e+02
5.558083467898607068e+02
5.568122794788627061e+02
5.570024933514190479e+02
5.587831060517180504e+02
5.582308479763487412e+02
5.581219212259736651e+02
5.581286557892249220e+02
5.585181689038372497e+02
5.597052264398340640e+02
5.586035261564412622e+02
5.586594026233761952e+02
5.575137818340878084e+02
5.581178627614585821e+02
5.608496868772376729e+02
5.580582509513687910e+02
5.571645582262822245e+02
5.583400125411145609e+02
5.592781278845405950e+02
5.574346261639932436e+02
5.589334348559044656e+02
5.582936414161835046e+02
5.590811420583729614e+02
5.586902134856752582e+02
5.594201395310586804e+02
5.592567239419890939e+02
5.595992191925420229e+02
5.587396670862152632e+02
5.584104032168396543e+02
5.590916293610691810e+02
5.580068197705038529e+02
5.585880596633490995e+02
5.588764004840810458e+02
5.569877747641465930e+02
5.589588268008649266e+02
5.573770206644203427e+02
5.591018299262794926e+02
5.564905969323983754e+02
5.577334605770602138e+02
5.579055425041276521e+02
5.585126706028432864e+02
5.605235305869476861e+02
5.579684400878198858e+02
5.591523099218497919e+02
5.580254917496575899e+02
5.589821615413731024e+02
5.574130470792590586e+02
5.601703405417265458e+02
5.579367756890769670e+02
5.567176998585056253e+02
5.604836029783342610e+02
5.579593486637113529e+02
5.590515278960759815e+02
5.546762730609849541e+02
5.590197270530849210e+02
5.583444203973293725e+02
5.567473448162589875e+02
5.572955250882174596e+02
5.582362780893533909e+02
5.569860897484513771e+02
5.554283935139692403e+02
