5.037965120455017995e+02
5.037300737410020020e+02
5.041196477701528238e+02
5.041873398036880189e+02
5.043239283199490046e+02
5.046086494551973374e+02
5.047429881311844611e+02
5.050662407334015711e+02
5.050918144429095378e+02
5.051303099265181231e+02
5.055861656090736460e+02
5.057584266201400283e+02
5.056878789206882061e+02
5.060587225381995040e+02
5.058588811337639868e+02
5.053719078054346028e+02
5.055969241027660814e+02
5.059460721552171663e+02
5.061463765162908430e+02
5.056675604291278887e+02
5.061725176527974668e+02
5.049390019743058815e+02
5.065842022199965413e+02
5.064175924147868955e+02
5.066397142900906374e+02
5.061691663556683238e+02
5.063248145519094123e+02
5.057083262754148336e+02
5.057988772902269261e+02
5.062975773546223763e+02
5.058505945058630004e+02
5.058615217764440217e+02
5.063617619801244700e+02
5.058965466789810534e+02
5.059493112846194549e+02
5.063212523016534305e+02
5.062805691009324960e+02
5.064700400689844173e+02
5.063735364015082041e+02
5.056615136383674667e+02
5.054518676014571952e+02
5.059494604855133275e+02
5.057918925911594101e+02
5.065992963487878455e+02
5.059054643909652782e+02
5.062419097951483309e+02
5.063833005473075559e+02
5.062381597822978847e+02
5.061436604172223497e+02
5.055918167056350967e+02
5.068110249153221503e+02
5.061160821553906999e+02
5.060735935404039196e+02
5.060630412260943558e+02
5.060388796356003809e+02
5.060407776704054754e+02
5.058331282866984111e+02
5.055294709344620401e+02
5.046802214757553884e+02
5.053030362612340696e+02
5.052224774310631688e+02
5.058471816343944738e+02
5.053755998438193728e+02
5.047542011723673454e+02
5.067476841477912330e+02
5.055841347474475924e+02
5.055016721253286960e+02
5.048198926002257281e+02
5.058961991398887790e+02
5.047297087288567354e+02
5.057638312988320308e+02
5.058895939482874837e+02
5.044323155555500762e+02
5.063262724481607506e+02
5.051368246955290715e+02
5.047273267186889143e+02
5.027671332618768361e+02
5.048114197431342518e+02
5.054544233213807161e+02
5.040521330979526624e+02
5.047079036629961593e+02
5.047430689147903422e+02
5.036575164925191075e+02
5.035590265594897232e+02
