3.776967008759218902e-09
3.775224594651560521e-09
3.776672646185030157e-09
3.776290931648995100e-09
3.777313709119208407e-09
3.778210332888474525e-09
3.778175241674924696e-09
3.779205501320897872e-09
3.779745817307156005e-09
3.779201358646886991e-09
3.782704266847342102e-09
3.781319952077289069e-09
3.782136794211747564e-09
3.783740594794779249e-09
3.782401954301797742e-09
3.782254920253919054e-09
3.783137173054119809e-09
3.783247690823374328e-09
3.783950809825157218e-09
3.783284811051655419e-09
3.782985115042564064e-09
3.777549907247310282e-09
3.786246882695493331e-09
3.784918384385390264e-09
3.784065752386414033e-09
3.782589358966326472e-09
3.783203796040751590e-09
3.782232207584846643e-09
3.781301686522516619e-09
3.783271380167698308e-09
3.781128628721374038e-09
3.781223783296910914e-09
3.786591150699963342e-09
3.781280638341824183e-09
3.780834732495325810e-09
3.782329432239095046e-09
3.782788798191417933e-09
3.786595512664806380e-09
3.783464465457587649e-09
3.776951537307452769e-09
3.777011176984127872e-09
3.781843249129369289e-09
3.778356948591060397e-09
3.785047935601950372e-09
3.780141259475051295e-09
3.782869747246808441e-09
3.782831934095819927e-09
3.783937489785046624e-09
3.781614044372033286e-09
3.781189444918053861e-09
3.786556777154631796e-09
3.782829507527980608e-09
3.782068384018106929e-09
3.779324041796695371e-09
3.781581653453639730e-09
3.781140353068536644e-09
3.778784457072506967e-09
3.779594494973127011e-09
3.771614545467067789e-09
3.777648384737365834e-09
3.773517576441648490e-09
3.779765345753307917e-09
3.776455393444628994e-09
3.773300094791060689e-09
3.787819509161610206e-09
3.777834879491930568e-09
3.778786884884614525e-09
3.774444849936479086e-09
3.780043258125368180e-09
3.773262182454642388e-09
3.783269115154659813e-09
3.780001999793464160e-09
3.770377634183961379e-09
3.787530222737834856e-09
3.776198625338705878e-09
3.777147675178727274e-09
3.760059372194053382e-09
3.776425022512295277e-09
3.779390009218159181e-09
3.769946782764928044e-09
3.772664016368394419e-09
3.772615222971994131e-09
3.767545582455268554e-09
3.764270257829489435e-09
