3.687189332692070963e-09
3.686946200118998203e-09
3.688371627108865801e-09
3.688619251850478920e-09
3.689118856732489408e-09
3.690160074333486428e-09
3.690651245293069608e-09
3.691832858210740486e-09
3.691926323837956157e-09
3.692067010914406982e-09
3.693732591208961255e-09
3.694361793474721843e-09
3.694104123210527470e-09
3.695458401142594799e-09
3.694728665158453754e-09
3.692949841452274241e-09
3.693771890926878724e-09
3.695047067481717644e-09
3.695778430805137973e-09
3.694029908086380233e-09
3.695873868217648758e-09
3.691367796618246564e-09
3.697376542631748116e-09
3.696768480002062674e-09
3.697579118434894638e-09
3.695861633266566139e-09
3.696429832614536445e-09
3.694178807513842525e-09
3.694509528454797322e-09
3.696330408549440527e-09
3.694698402798562093e-09
3.694738308604318957e-09
3.696564697705633575e-09
3.694866214764085064e-09
3.695058895537217822e-09
3.696416829468236276e-09
3.696268321887248610e-09
3.696959904843961385e-09
3.696607675533614420e-09
3.694007821349517825e-09
3.693241978621288947e-09
3.695059440360619154e-09
3.694484019178774638e-09
3.697431625539751295e-09
3.694898780322928079e-09
3.696127196685146561e-09
3.696643315273566566e-09
3.696113507034127464e-09
3.695768514588915276e-09
3.693753234160290110e-09
3.698204198778805555e-09
3.695667827503269027e-09
3.695512697970078328e-09
3.695474169566991654e-09
3.695385949728680154e-09
3.695392879991211623e-09
3.694634616208399694e-09
3.693525484238180523e-09
3.690421765099638935e-09
3.692698197247119887e-09
3.692403828043802316e-09
3.694685939086777193e-09
3.692963331010612236e-09
3.690692239616462253e-09
3.697973092508052680e-09
3.693725172624534083e-09
3.693423930295801216e-09
3.690932395076904026e-09
3.694864945620542420e-09
3.690602695866682380e-09
3.694381532923510030e-09
3.694840824693551800e-09
3.689515260601934237e-09
3.696435154304449189e-09
3.692090819509657827e-09
3.690593987182245186e-09
3.683420494329273897e-09
3.690901420788452700e-09
3.693251315692512720e-09
3.688124634613585831e-09
3.690522975273043539e-09
3.690651540635561436e-09
3.686680656805799025e-09
3.686320175057906157e-09
