3.846610963415198330e-09
3.847115190602725282e-09
3.848645520945927601e-09
3.849286717870588453e-09
3.851826325949481739e-09
3.852284237831593303e-09
3.853315056950375337e-09
3.854564773430047021e-09
3.857256883631797416e-09
3.857755026978432174e-09
3.862815775688138999e-09
3.858810875382780005e-09
3.863464147904631872e-09
3.865926480703166947e-09
3.867195442757454961e-09
3.874088955201586197e-09
3.876730823990696102e-09
3.872139923718248286e-09
3.872034709148885753e-09
3.880741641747212918e-09
3.872594184750085673e-09
3.881568219451920671e-09
3.875523022858735456e-09
3.875840699109631002e-09
3.872847468486084965e-09
3.876343569311461741e-09
3.877005615919448932e-09
3.883197632228618524e-09
3.881278231515969603e-09
3.880899539033755155e-09
3.880922953348425035e-09
3.882276948272404565e-09
3.886400395171163048e-09
3.882573597381160733e-09
3.882767777206540615e-09
3.878784614807080081e-09
3.880885428746110345e-09
3.890371735731876226e-09
3.880678167163585891e-09
3.877569599689568378e-09
3.881657713712647511e-09
3.884917299525375168e-09
3.878509250588249750e-09
3.883719943294926367e-09
3.881496521098686202e-09
3.884233077308685579e-09
3.882874845818780414e-09
3.885410496431491429e-09
3.884842959641387374e-09
3.886032338828692971e-09
3.883046692298114626e-09
3.881902388903490313e-09
3.884269507563556832e-09
3.880499339541991280e-09
3.882519847081906049e-09
3.883521788054548290e-09
3.876954391352975746e-09
3.883808159598437029e-09
3.878308842123332331e-09
3.884304941436649770e-09
3.875223683610145864e-09
3.879548723816772226e-09
3.880147171624440545e-09
3.882257838795821986e-09
3.889240368655327231e-09
3.880365886966674932e-09
3.884480289879499286e-09
3.880564263476683998e-09
3.883889227027206348e-09
3.878434178565600808e-09
3.888014855933505080e-09
3.880255781101246041e-09
3.876014339258031436e-09
3.889101845627956220e-09
3.880334273892220799e-09
3.884130203304017828e-09
3.868901338769084857e-09
3.884019730149771215e-09
3.881673035698287544e-09
3.876117535861767444e-09
3.878025302834767655e-09
3.881297108767400360e-09
3.876948527010672874e-09
3.871523493541764377e-09
