7.599796530451962440e+01
7.551038262337203832e+01
7.541849337001345077e+01
7.463396505750822030e+01
7.382902687417914933e+01
7.362743384536604196e+01
7.313490801838051425e+01
7.236507301224573041e+01
7.172402949448047593e+01
7.119979728385978035e+01
7.004849582992980572e+01
7.077184311169354203e+01
6.981578163482862465e+01
6.884230441178677040e+01
6.800056477589355097e+01
6.514391567299642816e+01
6.426061436050552800e+01
6.601046557677101134e+01
6.597664804499302704e+01
6.248195154770999693e+01
6.548048178196330582e+01
6.060126244678875906e+01
6.467652264083368152e+01
6.489857105342375121e+01
6.558474601294710737e+01
6.320019835889416981e+01
6.334856306710868523e+01
6.032385341724082650e+01
6.061813190596760847e+01
6.143788071477900559e+01
6.121411898597755652e+01
6.049859008467025490e+01
5.974410561504713257e+01
6.010006274046746455e+01
6.082352182784205752e+01
6.221390279248966237e+01
6.157393216252982171e+01
5.784670374031934159e+01
6.282510303642381189e+01
6.251861039534078657e+01
6.054496757955928388e+01
6.004135194417212773e+01
6.212648817745666463e+01
6.132107159745378766e+01
6.210684444769550794e+01
6.052540741859851181e+01
6.096175117235982555e+01
6.016682297635089327e+01
6.059301137523668501e+01
5.923804555335126310e+01
6.217414758165999444e+01
6.234707530311233370e+01
6.084593044132181205e+01
6.205623714586187134e+01
6.294786964311371236e+01
6.052602180413256150e+01
6.278211457859595157e+01
6.048917964656360624e+01
6.218948464055208092e+01
6.107853037421512710e+01
6.513406593224983965e+01
6.314962258493007141e+01
6.348045576277113611e+01
6.089148007521973938e+01
6.020600913115420383e+01
6.275215544296931824e+01
6.094354487998121783e+01
6.294276628376623250e+01
6.232360784358448313e+01
6.395481269747823916e+01
5.996455036955410378e+01
6.443769499714650806e+01
6.489891277348405652e+01
6.127446164176710397e+01
6.375489594143459016e+01
6.223611059403823731e+01
6.455306072517937821e+01
6.098529255258383586e+01
5.981665314781508869e+01
6.167773262948860236e+01
6.211277082569663577e+01
6.256797604111921629e+01
6.377900198328604375e+01
6.403247860314318984e+01
