5.615543877324790145e+01
5.571668903148234619e+01
5.595636450059726030e+01
5.571659457273253224e+01
5.564253664118458431e+01
5.579839462716283549e+01
5.564417504467240150e+01
5.573562218029701398e+01
5.566336918881303575e+01
5.525442490914805660e+01
5.557456403075036633e+01
5.553046881344798891e+01
5.512652162082631691e+01
5.542147908176316662e+01
5.483274780530997816e+01
5.323332972593351542e+01
5.334332074108397137e+01
5.383225537985383369e+01
5.385320844166069776e+01
5.224877245811478588e+01
5.352697019802320710e+01
4.890784583048839806e+01
5.329692436818495338e+01
5.305271304119192877e+01
5.341712141314599194e+01
5.164456444341573160e+01
5.203930750840423514e+01
4.976330116206793264e+01
4.949699596034441385e+01
5.071476512494698596e+01
4.891824897484969625e+01
4.890040655502323119e+01
5.030353074458867013e+01
4.865648217760531935e+01
4.836998309134641971e+01
4.966512654465837073e+01
4.987358731849705862e+01
4.872964951782892484e+01
4.949485323141849591e+01
4.728105850713999558e+01
4.591755936687274442e+01
4.723869501870071730e+01
4.742691365370156831e+01
4.924239371268928522e+01
4.703205594089296682e+01
4.750243600641963582e+01
4.827641454093118512e+01
4.730884052759543579e+01
4.621888602816572700e+01
4.510620359806594593e+01
4.911829276435957325e+01
4.672585520198566655e+01
4.704392571508338250e+01
4.681386229113524422e+01
4.669759542939226549e+01
4.589719007796210803e+01
4.647514143131331821e+01
4.443275333784644232e+01
4.173857280805204084e+01
4.365066675847685929e+01
4.368497587037954588e+01
4.642000924255426497e+01
4.412661474245265936e+01
4.055384364192624957e+01
4.712840757008889625e+01
4.450467558270862156e+01
4.336817694568891568e+01
4.265550234851987454e+01
4.458740131629537018e+01
4.302643621896512371e+01
4.437971863775503323e+01
4.611815258162481257e+01
4.050275783968376686e+01
4.677133467500222963e+01
4.322603341032005630e+01
4.165245400386337593e+01
3.445951339030953875e+01
4.021118492654352394e+01
4.363225658364292769e+01
4.140713648272127045e+01
4.047041133383070388e+01
3.800110408128593065e+01
3.626599330868056370e+01
3.350037723303625370e+01
