4.530396169517182869e+01
4.681818651835695988e+01
4.733662074190650770e+01
4.754952471901117406e+01
4.768275692904884977e+01
4.698719732756600820e+01
4.741318257453160356e+01
4.757765557661041100e+01
4.844848359687521366e+01
4.934181893501983041e+01
4.988458215247398897e+01
4.797878680935542661e+01
5.176278449466379783e+01
5.100887471767774173e+01
5.376798130398769615e+01
5.874184366276393376e+01
6.008966802174582256e+01
5.657044299571276014e+01
5.663361951781845960e+01
6.374827011525054843e+01
5.595171075211666789e+01
6.967664641706676321e+01
5.644917383428153101e+01
5.721553646734012233e+01
5.625641872562595580e+01
6.246147510539473302e+01
6.000366647203778570e+01
6.584792680529724862e+01
6.580623453345357632e+01
6.345260716656398614e+01
6.778786999373792810e+01
6.738999597984837919e+01
6.333955697497421511e+01
6.664366673112158423e+01
6.782624957920981501e+01
6.375450531936964182e+01
6.318286614492190267e+01
6.811814666409961205e+01
6.392030557584009642e+01
6.700173852796574181e+01
6.868987204498651522e+01
6.792201714799587364e+01
6.631801077543450162e+01
6.428314945370820510e+01
6.739651397622677109e+01
6.571363129468031161e+01
6.433851670182458804e+01
6.617956914446895667e+01
6.878412534249825683e+01
6.802896144460721928e+01
6.319834533126514486e+01
6.618443632020667167e+01
6.505517919124115167e+01
6.512634145480041070e+01
6.577563404214852483e+01
6.705054684251503261e+01
6.280431786758801849e+01
6.683493298705865016e+01
6.859251601465392412e+01
6.870078244926114053e+01
6.785473911199301256e+01
6.388740483692775030e+01
6.848133834376628215e+01
6.944660540433054052e+01
6.416575011560638586e+01
6.663125139656909823e+01
6.883381657486583549e+01
6.744532063569565139e+01
6.872957135008417140e+01
6.668903721997398293e+01
6.799379317049435656e+01
6.485402094667885819e+01
6.865387114426815174e+01
6.203160945523571002e+01
6.678906524002560730e+01
6.813505450138498531e+01
6.774645822123626715e+01
7.105503159568114313e+01
6.866626081601418718e+01
6.577820507320826948e+01
7.054250219953539158e+01
7.265310718166816173e+01
7.047051179541865906e+01
7.080158106431994725e+01
