-1.232759129793383757e-01
-1.223249661934410898e-01
-1.223127021028974082e-01
-1.214125105653412889e-01
-1.203874322891397841e-01
-1.208560603702471814e-01
-1.203114479182261359e-01
-1.196072276990519934e-01
-1.194051613911236015e-01
-1.187445855547501067e-01
-1.175598369532130927e-01
-1.187537702209252310e-01
-1.178602366223662629e-01
-1.170172550717098747e-01
-1.164903762626636197e-01
-1.149800191403506505e-01
-1.155909931045773914e-01
-1.153559134370964467e-01
-1.155379078288350514e-01
-1.176082954188941015e-01
-1.151159955016681502e-01
-1.236014488653955912e-01
-1.145554243574698206e-01
-1.156630468346300233e-01
-1.161879536274588176e-01
-1.173368716619234559e-01
-1.159893384840029046e-01
-1.196426953333094290e-01
-1.194214977185128063e-01
-1.178187585183596148e-01
-1.229798132725139215e-01
-1.223499249677054146e-01
-1.174855000956274848e-01
-1.215137667960633633e-01
-1.240631315307474114e-01
-1.197896805084579103e-01
-1.193177328226160128e-01
-1.236463005848510710e-01
-1.217655722194619650e-01
-1.249751381610312850e-01
-1.264534127879650693e-01
-1.256333563455315494e-01
-1.244581347045386061e-01
-1.223497010546148595e-01
-1.268459899058282381e-01
-1.237135709477630713e-01
-1.225588953710286810e-01
-1.249084243555766277e-01
-1.291394817522532046e-01
-1.274848239266355154e-01
-1.237138137917189323e-01
-1.274020914157011353e-01
-1.249373343717774532e-01
-1.259752281462183376e-01
-1.283988537503142902e-01
-1.281112938112990152e-01
-1.245121844808936284e-01
-1.284021405458092291e-01
-1.330743761859615737e-01
-1.333365881786146012e-01
-1.349568149239096515e-01
-1.281115546891291312e-01
-1.356577546522553801e-01
-1.351043008117794875e-01
-1.269600014687637668e-01
-1.320848482618888209e-01
-1.348839609587107191e-01
-1.348397847372867220e-01
-1.363801214542229856e-01
-1.354743393891516268e-01
-1.342508066680684620e-01
-1.340531223221127777e-01
-1.401235048613842238e-01
-1.286679815200047483e-01
-1.365615342556834033e-01
-1.378236842094116010e-01
-1.393543136835320162e-01
-1.418635186518846791e-01
-1.361204966337768163e-01
-1.334010966167429590e-01
-1.422227915128452536e-01
-1.478636443583901949e-01
-1.452001914255376114e-01
-1.469199453511359776e-01
