3.684663921902213551e-09
3.685647216836909323e-09
3.687037278532368180e-09
3.687634917533175784e-09
3.687801505636039860e-09
3.688583315412078300e-09
3.689459280235459747e-09
3.690821782942999792e-09
3.690893538004506917e-09
3.691915762288294185e-09
3.692741513873523559e-09
3.693333044874231658e-09
3.693937684012754243e-09
3.694952700217019909e-09
3.696613776954227516e-09
3.695914685052877101e-09
3.697678527722345219e-09
3.697874923709983389e-09
3.698595767432694012e-09
3.699079980282748866e-09
3.699065008737820849e-09
3.699449384280209899e-09
3.699758715692167589e-09
3.700189398586976612e-09
3.701464347962137884e-09
3.702230011992576133e-09
3.702033966184789059e-09
3.701198644088698077e-09
3.702153369701249246e-09
3.703530950710953282e-09
3.702641728671810979e-09
3.702896835887987660e-09
3.701693170887196000e-09
3.703441202254782839e-09
3.703736521322960080e-09
3.704191829086361529e-09
3.703785131165792482e-09
3.703275609529838545e-09
3.703493677574485435e-09
3.704610506580909413e-09
3.704180632478470554e-09
3.703553160027314031e-09
3.704761739868878877e-09
3.704815922461385157e-09
3.704013516029821206e-09
3.704795150807264556e-09
3.705701203489791153e-09
3.704160286304853516e-09
3.705216431597574625e-09
3.702557501378133060e-09
3.705026713950275876e-09
3.703665789177738996e-09
3.705048200699827871e-09
3.706917414311954081e-09
3.704717443033814116e-09
3.706073062225427061e-09
3.705633732197690698e-09
3.704284415672530795e-09
3.705602558893458919e-09
3.705285238708537411e-09
3.705780947424767023e-09
3.705805580865311368e-09
3.705394966028096841e-09
3.705222324370865522e-09
3.705218984683146893e-09
3.706116958966990920e-09
3.705299431620765449e-09
3.705619064757714809e-09
3.706697424742130618e-09
3.706450138025983471e-09
3.704358361060240767e-09
3.706679902753330054e-09
3.705968156628396775e-09
3.704610306596427257e-09
3.705966281213388911e-09
3.703767934735182185e-09
3.706693702734551663e-09
3.703621251713060094e-09
3.708243560503678283e-09
3.709671659145866559e-09
3.708552325679086224e-09
3.705475934732639608e-09
3.704457823868631550e-09
3.707338142154600486e-09
