3.789679295463578433e-09
3.790007188415933740e-09
3.791093121416622308e-09
3.791595897239714377e-09
3.790855943475948990e-09
3.791429724241230452e-09
3.791942615909272295e-09
3.793913527170722176e-09
3.793212663403504356e-09
3.794363363310938252e-09
3.794859656138453720e-09
3.794661079973356572e-09
3.795294912817959280e-09
3.795976600228701903e-09
3.799470452077369035e-09
3.797559830095800060e-09
3.800308829495646929e-09
3.799984341075200215e-09
3.801204599486307897e-09
3.800936620767014541e-09
3.800089261643833974e-09
3.800139314951694740e-09
3.801405388384775942e-09
3.801523645739134188e-09
3.803418816287549097e-09
3.806076572169284026e-09
3.804020834485922096e-09
3.802682084080218200e-09
3.804400630190750670e-09
3.806531635245199112e-09
3.805411412000556441e-09
3.805094169343846325e-09
3.802443576650726857e-09
3.806107261549872180e-09
3.805861405430036188e-09
3.807500492141786340e-09
3.805910022466891878e-09
3.804242260148161100e-09
3.805375651178405434e-09
3.807479258075131875e-09
3.805750608370986942e-09
3.805263527892747420e-09
3.807905126052658501e-09
3.807987963472223188e-09
3.805508566111344182e-09
3.807652050642934414e-09
3.809147842623848871e-09
3.807145546313890311e-09
3.807815136638493553e-09
3.803791618708483135e-09
3.808972217983726055e-09
3.806597477457752215e-09
3.807232791132768959e-09
3.810272335214812266e-09
3.806793852787530246e-09
3.810872593137532720e-09
3.810430070079734570e-09
3.806682853812993681e-09
3.809782510348400062e-09
3.808535812559937374e-09
3.809857488099350814e-09
3.809786015634428572e-09
3.809650310711003000e-09
3.808496077722620960e-09
3.808187340297112108e-09
3.809911168369982048e-09
3.808493018150954123e-09
3.809344807623530906e-09
3.811347090604598861e-09
3.811092005812032099e-09
3.808498407480245706e-09
3.811761468061578553e-09
3.810943245400225916e-09
3.809050391117768411e-09
3.810318889644926878e-09
3.807421683595685165e-09
3.815306178711175753e-09
3.807328719301273101e-09
3.818866410956479282e-09
3.819970237259138930e-09
3.818721007598099498e-09
3.811298539493200057e-09
3.809329097820931063e-09
3.816863209726789296e-09
