5.121971389747801595e+01
5.116556165689137003e+01
5.150132211915187952e+01
5.142084499498781724e+01
5.096034095764193239e+01
5.104305491418598706e+01
5.101183549028106512e+01
5.156441103023149708e+01
5.115017646467717327e+01
5.121121763190885900e+01
5.128997764712331531e+01
5.105346098017831480e+01
5.096267720347959340e+01
5.123834271713158017e+01
5.233261348948789049e+01
5.101371192640613117e+01
5.211607931695811402e+01
5.173165045023680619e+01
5.195069562932469864e+01
5.188060353004119207e+01
5.129675470403867621e+01
5.112977943919589308e+01
5.103921862987643010e+01
5.111502381297724185e+01
5.189426502658876927e+01
5.233539780636410654e+01
5.164483768695627930e+01
5.078962130324124047e+01
5.111285852812211772e+01
5.187355734390956030e+01
5.117773629717552808e+01
5.111293057358798109e+01
4.974929583061648231e+01
5.106742152132805046e+01
5.090498615267189564e+01
5.111097924554172067e+01
5.077754124766084942e+01
4.980596160136703077e+01
4.990092729768904434e+01
5.081743015824645937e+01
5.010768467814191496e+01
4.952561891429687080e+01
5.063717593650602566e+01
5.037647951097699206e+01
4.934244702374358127e+01
4.958209988780544819e+01
5.042247628032286144e+01
4.906667405976180163e+01
4.952268121097925757e+01
4.733569298002541359e+01
4.973359696629930937e+01
4.817223699683068361e+01
4.909703199425898390e+01
5.031646041564027172e+01
4.846192425253538971e+01
4.988351230058631103e+01
4.931819448235079051e+01
4.774379487202676842e+01
4.937058985212653539e+01
4.885586116814606328e+01
4.915486227762783500e+01
4.911636209094389471e+01
4.907069353211547025e+01
4.807015754687403586e+01
4.748540575484057058e+01
4.883043624662431625e+01
4.810316297139329578e+01
4.863555720854400732e+01
4.934488347998078694e+01
4.947493488721968902e+01
4.746186215743443171e+01
4.927519380577443542e+01
4.878233315501588407e+01
4.698565370330521773e+01
4.824819793936823942e+01
4.650727750413953743e+01
5.017069235977533026e+01
4.665427217449900610e+01
5.193205288775994433e+01
5.268032265969375771e+01
5.201580410146183198e+01
4.818598025291183262e+01
4.748096802935444316e+01
5.022154263023344356e+01
