8.786630837344597467e+01
8.757502083680530802e+01
8.749847130347019686e+01
8.721145398710281427e+01
8.727173380129352154e+01
8.721527426996900090e+01
8.715171995093835733e+01
8.663720598512395554e+01
8.700766784945101051e+01
8.648296190641615055e+01
8.649149630280011536e+01
8.635134811193667304e+01
8.631616259985607087e+01
8.647010581781378846e+01
8.534247888799609427e+01
8.546045453821324145e+01
8.522569532580797613e+01
8.499374025999433968e+01
8.453462147936978965e+01
8.503037067985243880e+01
8.522854496724922058e+01
8.517813250710904072e+01
8.438612539393642464e+01
8.482739806139028360e+01
8.437745886961377551e+01
8.301768115134497350e+01
8.405150129376394830e+01
8.424367007928412932e+01
8.367775915228178008e+01
8.343817758009801366e+01
8.339597649742788121e+01
8.372589781632075301e+01
8.439118015820547214e+01
8.353960748244978163e+01
8.407733549812152773e+01
8.289810100334690901e+01
8.390922170281882586e+01
8.453157461635788650e+01
8.410217992737028680e+01
8.349674900022161239e+01
8.401981247875588110e+01
8.435229885316186937e+01
8.329150753691949660e+01
8.388243245387911884e+01
8.432241609636197666e+01
8.389247053856234970e+01
8.360691770982442961e+01
8.406150901360932437e+01
8.412664696075731285e+01
8.471100950391490869e+01
8.361346124952711989e+01
8.395108691649399191e+01
8.437963103390173103e+01
8.363803048115634908e+01
8.468810363990417045e+01
8.341060536211078613e+01
8.302441122957918651e+01
8.429675968875928049e+01
8.408983297603489859e+01
8.498357610984982102e+01
8.419424028601295618e+01
8.415526790738032048e+01
8.505723156983218303e+01
8.489730520239457690e+01
8.499029985760675743e+01
8.432107127465950214e+01
8.507896251295437651e+01
8.522511921483888386e+01
8.475331924089394420e+01
8.511196805831011147e+01
8.510332730563720816e+01
8.500818776024745205e+01
8.485579062535765615e+01
8.554662417775334404e+01
8.544188247217074661e+01
8.604021226621013341e+01
8.231379766986853497e+01
8.560522634442639855e+01
8.111220072168256934e+01
8.156851383109933806e+01
8.178854586137097726e+01
8.531281222562036248e+01
8.579617369910613434e+01
8.175366125576047693e+01
