-1.531919551712710159e-01
-1.526495706821725806e-01
-1.524696304463833973e-01
-1.524079693611168351e-01
-1.532469886820739535e-01
-1.540463943423051596e-01
-1.542807808774853962e-01
-1.533249146001821883e-01
-1.554348605994223254e-01
-1.547773517667056786e-01
-1.551810457405401467e-01
-1.554150620649384917e-01
-1.557570090296770959e-01
-1.564437589839744458e-01
-1.536515395319498489e-01
-1.546795976782208426e-01
-1.539373194365566966e-01
-1.537992584780728256e-01
-1.530795759946937395e-01
-1.545893855648336201e-01
-1.556133377975564835e-01
-1.556139941803933169e-01
-1.540646623435530660e-01
-1.556566672222695069e-01
-1.546171787309803258e-01
-1.511854081188506449e-01
-1.542001459344728986e-01
-1.556619767375645724e-01
-1.538042298068884595e-01
-1.532656340390006755e-01
-1.537351731276188072e-01
-1.553349981689450543e-01
-1.579358863115510048e-01
-1.556251373336462740e-01
-1.571062091365199587e-01
-1.543352622247878558e-01
-1.578590394984442924e-01
-1.593541355961969053e-01
-1.593617863844164484e-01
-1.573154310722343907e-01
-1.591311447789666433e-01
-1.611275435943174128e-01
-1.582466988768873595e-01
-1.603381616618214656e-01
-1.617511593147678006e-01
-1.609096791330027199e-01
-1.611346362103742991e-01
-1.627617875815582371e-01
-1.627886342099249262e-01
-1.661841534723906277e-01
-1.627593734318439067e-01
-1.643030277958221486e-01
-1.657904034778052982e-01
-1.631446811163798083e-01
-1.675225526928642017e-01
-1.636490411948764157e-01
-1.639254179555102164e-01
-1.680535381412021079e-01
-1.673150138889233918e-01
-1.706976596573049065e-01
-1.688749514251393358e-01
-1.693987115290524481e-01
-1.722993518475299246e-01
-1.712337405742707375e-01
-1.724788495250396403e-01
-1.709780927932493255e-01
-1.744226553482989550e-01
-1.752699797431471473e-01
-1.726254956650499772e-01
-1.757021923930712493e-01
-1.765447543142608933e-01
-1.761758615070829481e-01
-1.763636981367784906e-01
-1.796870627750561111e-01
-1.789388957111511247e-01
-1.818404865350777000e-01
-1.697965740333083895e-01
-1.788114783752746129e-01
-1.658967995765276704e-01
-1.688204507517584718e-01
-1.677889460262190768e-01
-1.778774830424082465e-01
-1.816887778269584697e-01
-1.683825633596806315e-01
