1.743674996231652896e+00
1.636707952888261763e+00
1.573024465983548614e+00
1.538345810512515621e+00
1.574586167852930707e+00
1.578320307109391418e+00
1.567628283650534637e+00
1.588318420955926902e+00
1.580960273127640647e+00
1.606459857301622440e+00
1.619987491521827527e+00
1.643859931914859906e+00
1.584072973875225943e+00
1.623810464256219666e+00
1.665008936398628903e+00
1.697607077853981572e+00
1.681301702940506182e+00
1.697051941145847120e+00
1.706797238857358234e+00
1.757854104042380516e+00
1.674799850810166246e+00
1.736070898149181252e+00
1.763069529520300271e+00
1.726994814525596889e+00
