6.420820694781181714e+01
6.207153673017761975e+01
6.007494385833059169e+01
6.021236021016421347e+01
5.885112086798374520e+01
5.931615671059339689e+01
5.879171754638846892e+01
5.888767947685677484e+01
5.889690929241661621e+01
5.809035885764089358e+01
5.753560988107268770e+01
5.807959032101383201e+01
5.751222872067929615e+01
5.629361850829725711e+01
5.697663970826894797e+01
5.717171857423182502e+01
5.892455696029495016e+01
5.838615481788628614e+01
5.756218399825142740e+01
5.658905984334580808e+01
5.714365292313978983e+01
5.733192642723229682e+01
5.752592780149604579e+01
5.846801147284594435e+01
