1.367882036506498764e+02
1.311263446470250074e+02
1.287952045238256460e+02
1.265285044694337415e+02
1.252662974251869628e+02
1.239395363922570255e+02
1.223781288005184535e+02
1.223751327918143090e+02
1.217153645405480233e+02
1.207212687687480042e+02
1.196876526481428442e+02
1.196794321249875281e+02
1.205814240070603489e+02
1.193482688636969158e+02
1.189719470068946663e+02
1.186639276409077155e+02
1.187625514400871367e+02
1.192413277769122999e+02
1.188578913990887855e+02
1.187035644203123752e+02
1.198360627259953617e+02
1.197367889646684205e+02
1.187888783123794951e+02
1.190480507005319595e+02
