5.120851502249589657e+02
5.119166745305245172e+02
5.118845588433724174e+02
5.122077048389290894e+02
5.121955056438295060e+02
5.125579515902370531e+02
5.125756177719123343e+02
5.127412077025942381e+02
5.129092377081718723e+02
5.129360042531135377e+02
5.129071587052309269e+02
5.131630085127662824e+02
5.129765297691131991e+02
5.129113667003493902e+02
5.131599774885249872e+02
5.132914849268814805e+02
5.135532290878006734e+02
5.136339104399243070e+02
5.134673961102727162e+02
5.133301614069822563e+02
5.133446344033175137e+02
5.134399649292421373e+02
5.135723024538343680e+02
5.137056658086826246e+02
