4.797760974147423099e+02
4.799998486342373099e+02
4.799999999488425715e+02
4.799999999977222842e+02
4.799999803990620535e+02
4.799999985686446848e+02
4.799689818545729736e+02
4.799997197243935716e+02
4.799279257670658012e+02
4.798597185413287320e+02
4.798731837756467939e+02
4.797969602901712847e+02
4.798958567227775234e+02
4.798743243193797525e+02
4.797325758636071669e+02
4.797191136600994241e+02
4.797674405956049668e+02
4.795618090955741764e+02
4.796849732447839187e+02
4.795268433191926647e+02
4.797317226257410994e+02
4.795577073362101146e+02
4.796511660320223882e+02
4.796462565254994956e+02
