5.531627283686352712e+02
5.529287705891877067e+02
5.528386600181783024e+02
5.534353752115264342e+02
5.534473747231417065e+02
5.538400532209957419e+02
5.539834406342845341e+02
5.542303656694218716e+02
5.545007942543501258e+02
5.544718826170592365e+02
5.544473252769715828e+02
5.548400895861676645e+02
5.546935264288069902e+02
5.544595690514508988e+02
5.546961629387864150e+02
5.548740943132582970e+02
5.555698871290344414e+02
5.555964747564892150e+02
5.554117731076270275e+02
5.551271253288439311e+02
5.551621715630963081e+02
5.553443367271241868e+02
5.554963991901703366e+02
5.558254379699482115e+02
