2.527698944835563566e+02
2.599999999999945999e+02
2.599999999999999432e+02
2.599999999999999432e+02
2.599999999999999432e+02
2.599999999999999432e+02
2.599999999999999432e+02
2.599999999999999432e+02
2.599999999999999432e+02
2.599999999999999432e+02
2.599999999999999432e+02
2.599999999999999432e+02
2.599999999999999432e+02
2.599999999999999432e+02
2.599999999999999432e+02
2.599999999999999432e+02
2.599999999999999432e+02
2.599999999999999432e+02
2.599999999999999432e+02
2.599999999999999432e+02
2.599999999999999432e+02
2.599999999999999432e+02
2.599999999999999432e+02
2.599999999999999432e+02
