9.499999999999998579e+01
9.499999999999998579e+01
9.499999999999998579e+01
9.499999999999998579e+01
9.499999999999998579e+01
9.499999999999998579e+01
9.499999999999998579e+01
9.499999999999998579e+01
9.499999999999998579e+01
9.499999999999998579e+01
9.499999999999998579e+01
9.499999999999998579e+01
9.499999999999998579e+01
9.499999999999998579e+01
9.499999999999998579e+01
9.499999999999998579e+01
9.499999999999998579e+01
9.499999999999998579e+01
9.499999999999998579e+01
9.499999999999998579e+01
9.499999999999998579e+01
9.499999999999998579e+01
9.499999999999998579e+01
9.499999999999998579e+01
