5.135906153295949252e+02
5.118905016703660635e+02
5.122202672784294464e+02
5.119743001798959199e+02
5.109891755851018615e+02
5.110278170782607390e+02
5.108333564093105110e+02
5.108239810891752199e+02
5.107492609859783670e+02
5.107158081702754657e+02
5.105430645363916824e+02
5.106228254312389936e+02
5.105347446654512851e+02
5.105791297892597527e+02
5.105902470302581833e+02
5.106548272269174049e+02
5.106401441777416608e+02
5.104053462788498905e+02
5.104705805859171619e+02
5.103719713812728287e+02
5.107538951124047344e+02
5.107624938854857533e+02
5.105475385938366344e+02
5.100000000000000568e+02
