5.584019634458202290e+02
5.601298321634508284e+02
5.617564300383220370e+02
5.629634112098842706e+02
5.641428334634392741e+02
5.644177448915010018e+02
5.650214256232723073e+02
5.652654859727219900e+02
5.658080358135525785e+02
5.661461814413371485e+02
5.664502591054492768e+02
5.666908125073239262e+02
5.669005314717883266e+02
5.669658528316100501e+02
5.670472012287696089e+02
5.671359277122892308e+02
5.672482704732832417e+02
5.679430166234552644e+02
5.678142005507481826e+02
5.679035783704014193e+02
5.674264943101399012e+02
5.674461512262641918e+02
5.678396314744171605e+02
5.689810653108000906e+02
