4.791529597713399653e+02
4.786494642331151681e+02
4.786254959087236784e+02
4.783025577134470723e+02
4.776748222051073185e+02
4.775198832552352428e+02
4.771686484840768117e+02
4.771934933637456311e+02
4.769733046140522106e+02
4.768816009107026161e+02
4.767980087423799205e+02
4.767255277191065943e+02
4.765492024633261394e+02
4.767114349523620263e+02
4.766251279668115899e+02
4.766951430164594399e+02
4.767323134403902145e+02
4.763971416984963412e+02
4.765531836554908409e+02
4.764650231632613782e+02
4.766940241429393836e+02
4.766232057671419966e+02
4.765331613137819318e+02
4.761283711179345914e+02
