8.300000000000001421e+01
8.300000000000001421e+01
8.300000000000001421e+01
8.300000000000001421e+01
8.300000000000001421e+01
8.300000000000001421e+01
8.300000000000001421e+01
8.300000000000001421e+01
8.300000000000001421e+01
8.300000000000001421e+01
8.300000000000001421e+01
8.300000000000001421e+01
8.300000000000001421e+01
8.300000000000001421e+01
8.300000000000001421e+01
8.300000000000001421e+01
8.300000000000001421e+01
8.300000000000001421e+01
8.300000000000001421e+01
8.300000000000001421e+01
8.300000000000001421e+01
8.300000000000001421e+01
8.300000000000001421e+01
8.300000000000001421e+01
