1.869999999999999716e+02
1.869999999999999716e+02
1.869999999999999716e+02
1.859482634593216517e+02
1.836739521313060379e+02
1.830000000000000568e+02
1.830000000000000284e+02
1.830000000000000284e+02
1.830000000000000284e+02
1.830000000000000284e+02
1.830000000000000284e+02
1.830000000000000284e+02
1.830000000000000284e+02
1.830000000000000284e+02
1.830000000000000284e+02
1.830000000000000284e+02
1.830000000000000284e+02
1.830000000000000284e+02
1.830000000000000284e+02
1.830000000000000284e+02
1.830000000000000284e+02
1.830000000000000284e+02
1.830000000000000284e+02
1.830000000000000284e+02
