1.000000000000055955e+01
1.000000000000111378e+01
1.199999999999999822e+01
1.199999999999999822e+01
1.199999999999999822e+01
1.199999999999999822e+01
1.199999999999999822e+01
1.199999999999999822e+01
1.199999999999999822e+01
1.199999999999999822e+01
1.199999999999999822e+01
1.199999999999999822e+01
1.199999999999999822e+01
1.199999999999999822e+01
1.199999999999999822e+01
1.199999999999999822e+01
1.199999999999999822e+01
1.199999999999999822e+01
1.199999999999999822e+01
1.199999999999999822e+01
1.199999999999999822e+01
1.199999999999999822e+01
1.199999999999999822e+01
1.199999999999999822e+01
