-4.500000000000000666e-01
-4.500000000000000666e-01
-4.500000000000000666e-01
-4.500000000000000666e-01
-4.500000000000000666e-01
-4.500000000000000666e-01
-4.500000000000000666e-01
-4.500000000000000666e-01
-4.500000000000000666e-01
-4.500000000000000666e-01
-4.500000000000000666e-01
-4.500000000000000666e-01
-4.500000000000000666e-01
-4.500000000000000666e-01
-4.500000000000000666e-01
-4.500000000000000666e-01
-4.500000000000000666e-01
-4.500000000000000666e-01
-4.500000000000000666e-01
-4.500000000000000666e-01
-4.500000000000000666e-01
-4.500000000000000666e-01
-4.500000000000000666e-01
-4.500000000000000666e-01
