3.598215451822934643e-09
3.599054396544417062e-09
3.599054963825275716e-09
3.599054964008526414e-09
3.599054890532843242e-09
3.599054958650892062e-09
3.598938674627645447e-09
3.599053913259295245e-09
3.598784746450350153e-09
3.598529008211013389e-09
3.598579496608462751e-09
3.598293684466320197e-09
3.598664508067440243e-09
3.598583773087116461e-09
3.598052247079964231e-09
3.598001762649849276e-09
3.598182989554532592e-09
3.597411804391271547e-09
3.597873729956791781e-09
3.597280654884333197e-09
3.598049047385029076e-09
3.597396419774703486e-09
3.597746942343391432e-09
3.597728529788048214e-09
