3.717397063196980419e-09
3.716785502236608443e-09
3.716668911980266304e-09
3.717841869013924518e-09
3.717797595032943980e-09
3.719112778740811046e-09
3.719176870962664823e-09
3.719777571120819681e-09
3.720387023840492643e-09
3.720484098137461840e-09
3.720379483809203208e-09
3.721307273260138703e-09
3.720631067309691231e-09
3.720394745154586154e-09
3.721296283195555803e-09
3.721773080699097207e-09
3.722721886830054143e-09
3.723014302905544357e-09
3.722410774331513998e-09
3.721913295737979439e-09
3.721965763780827361e-09
3.722311341058439544e-09
3.722791017130380710e-09
3.723274348951223747e-09
