3.863619199006626494e-09
3.862802062095599231e-09
3.862487289650423642e-09
3.864571245983413615e-09
3.864613141314170257e-09
3.865983896210795965e-09
3.866484309239184956e-09
3.867345910273001105e-09
3.868289302589760918e-09
3.868188455092098188e-09
3.868102793876254513e-09
3.869472611794310799e-09
3.868961509955444487e-09
3.868145502998161148e-09
3.868970704711669103e-09
3.869591185007228606e-09
3.872016591282568710e-09
3.872109240745186445e-09
3.871465568185631010e-09
3.870473380624911726e-09
3.870595553880147587e-09
3.871230530360460251e-09
3.871760497553099278e-09
3.872907013313970225e-09
