9.999999999999616307e+00
9.999999999999998224e+00
9.999999999999998224e+00
9.999999999999998224e+00
9.999999999999998224e+00
9.999999999999998224e+00
9.999999999999994671e+00
9.999999999999998224e+00
9.999999999999928946e+00
9.999999999999998224e+00
9.999999999999998224e+00
9.999999999999829470e+00
9.999999999999998224e+00
9.999999999999998224e+00
9.999999999999957367e+00
9.999999999999980460e+00
9.999999999999998224e+00
9.999999999998347988e+00
9.999999999999998224e+00
9.999999999999968026e+00
9.999999999999998224e+00
9.999999999999955591e+00
9.999999999998934186e+00
9.999999999999928946e+00
