6.304752345111649703e+01
6.298844972574713807e+01
6.279008713922267759e+01
6.343186272415498905e+01
6.332146581546109587e+01
6.440429590756484401e+01
6.448409059970937562e+01
6.465891259500070021e+01
6.523922482125396982e+01
6.506038975440620220e+01
6.482896518696573196e+01
6.547891902977890766e+01
6.538151961971055925e+01
6.483280742179373135e+01
6.534311576573237801e+01
6.542999055759125326e+01
6.635208271839108818e+01
6.668326153025699909e+01
6.601622390477744773e+01
6.537262318267103467e+01
6.572304424655800403e+01
6.570079855111471545e+01
6.606022106815287032e+01
6.661212328007286487e+01
