1.228993267041972501e+02
1.227575071917906797e+02
1.226953101682787803e+02
1.235354926025681692e+02
1.236449840125687984e+02
1.248341764357088977e+02
1.246436005829758500e+02
1.255194569841325176e+02
1.262800031835485441e+02
1.258368746876865032e+02
1.255128202112056215e+02
1.265773195953615158e+02
1.266796138486424042e+02
1.257648386291931217e+02
1.262316658260609046e+02
1.261727251811728081e+02
1.278442754232028449e+02
1.285381591807255290e+02
1.275965805920313159e+02
1.266660679865258601e+02
1.271749294983894316e+02
1.273728256040199369e+02
1.275181913263622420e+02
1.284986608485369857e+02
