-1.784543582367078829e-01
-1.706450635723281706e-01
-1.669762954278664890e-01
-1.664910491736810716e-01
-1.645883767867655778e-01
-1.652236630864909184e-01
-1.634160703517517632e-01
-1.645609302435315779e-01
-1.650134518777718884e-01
-1.631654695026212298e-01
-1.614250373944973727e-01
-1.632741457667211682e-01
-1.638024735550583921e-01
-1.607114010375562951e-01
-1.614904294382087380e-01
-1.615737533059347641e-01
-1.650560952472528431e-01
-1.659967279192440248e-01
-1.640457074450784591e-01
-1.621423459001274103e-01
-1.641668994348022270e-01
-1.646077030636657057e-01
-1.640939732634099368e-01
-1.661964182223045483e-01
