9.490977730183655092e-01
8.406867929335625211e-01
6.679657355048297385e-01
6.052975591766360797e-01
5.126233374717605873e-01
4.230934713546658510e-01
3.538365162976791489e-01
2.857948394649393320e-01
2.279337039243827800e-01
1.755423541650157349e-01
1.321132957060016933e-01
9.351725706481549272e-02
5.606955016923689111e-02
1.936360951853875398e-02
1.182760607411255317e-07
1.134171985896737324e-15
1.862792874850146010e-26
7.920368685004935532e-11
2.059045823271824759e-28
2.302071850963309356e-22
2.027457669453978872e-25
9.911876910829026756e-14
5.355969550966156382e-35
1.130861741559736065e-29
1.713494973703576846e-35
2.737912198770850637e-23
4.943698250917774891e-12
1.311155771040788598e-34
7.105712008091120865e-27
2.661961940580473688e-34
1.623869886252132273e-13
3.899287262994734475e-28
3.728009266378721719e-34
1.476353611572594090e-34
9.074807772488553994e-31
1.334010623460644397e-32
1.123111722625312197e-25
2.210786688205979185e-13
