5.010539142935925838e+01
5.095807285439048684e+01
5.199390277985764186e+01
5.270361092261988034e+01
5.353332958741860637e+01
5.454755525048294373e+01
5.552319007498630299e+01
5.647960508163039606e+01
5.738582582559208589e+01
5.836796373407725014e+01
5.932273969247980006e+01
6.019233373985021274e+01
6.107021624591425280e+01
6.214945451754942951e+01
6.291069499743163362e+01
6.358386530164740691e+01
6.415727143234677499e+01
6.410272407413496865e+01
6.547155322129474087e+01
6.603295240431990010e+01
6.655277724618632362e+01
6.656857068637891928e+01
6.744557830906732931e+01
6.786387837844887372e+01
6.917717175975717225e+01
6.926382044675574434e+01
6.917791895289165893e+01
6.932642580972228075e+01
6.924945891428191658e+01
6.967372503387333893e+01
6.971112076978941730e+01
6.997350778231306379e+01
7.017685197324675528e+01
7.039693979576935590e+01
7.052316678098681280e+01
7.060079071488152636e+01
7.071372480432768270e+01
7.054944247653570244e+01
