1.394840137631706796e+02
1.384268411696949386e+02
1.375042888223240709e+02
1.366683453985413337e+02
1.360299868067691591e+02
1.355336985723210432e+02
1.348756438169842511e+02
1.344347721290668858e+02
1.337178630739558116e+02
1.330790747857966210e+02
1.325003645553385354e+02
1.319675393063959632e+02
1.314806954223249988e+02
1.310599492804206534e+02
1.306216259215836715e+02
1.301074004742067700e+02
1.297046851574633308e+02
1.299029367344888044e+02
1.289462515697884726e+02
1.285244548327700898e+02
1.281534066551272986e+02
1.280363893392023442e+02
1.275744115634089724e+02
1.272060876565698351e+02
1.276603381074455683e+02
1.274569542461193237e+02
1.271394647630351926e+02
1.269802792335914319e+02
1.266554365162901661e+02
1.264235631268905422e+02
1.261400264830752320e+02
1.259977689245858414e+02
1.257405289049859789e+02
1.255392532341372061e+02
1.253991290403596395e+02
1.252407822115441292e+02
1.251351951508453340e+02
1.249484568163279050e+02
