4.749999999703867957e+02
4.749999999999999432e+02
4.749999999999992042e+02
4.749999999999999432e+02
4.749999999999956231e+02
4.749999999999977263e+02
4.749999999999986358e+02
4.749999999999994316e+02
4.749999999999998863e+02
4.749999999999997726e+02
4.749999999999986358e+02
4.749999999999973284e+02
4.749999999999909619e+02
4.749999999999843681e+02
4.749999999985043360e+02
4.749999999983979819e+02
4.749999999988393142e+02
4.749999999524861209e+02
4.749999999995989697e+02
4.749999999989330490e+02
4.749989485470268846e+02
4.684939206761189894e+02
4.613863871782207866e+02
4.639330881952222398e+02
4.651576672493249021e+02
4.749927733173988145e+02
4.552696871528814881e+02
4.646513040102909144e+02
4.633816518025266760e+02
4.741771252911891565e+02
4.749996254935020374e+02
4.670044460006907343e+02
4.694452995126186465e+02
4.660027495348675757e+02
4.704165689388726719e+02
4.735357183948489705e+02
4.749942448147020286e+02
4.550340042593319936e+02
