5.470824143172294498e+02
5.474835098896323871e+02
5.480841016109241082e+02
5.484009428545443825e+02
5.488340817724308636e+02
5.493600984861971028e+02
5.498195326201434909e+02
5.502678292551864843e+02
5.506970414670677201e+02
5.511255219326361612e+02
5.515354339948585221e+02
5.519113661213849582e+02
5.523029022954709717e+02
5.527703257859067207e+02
5.531289904426165549e+02
5.534694975596719360e+02
5.537789501429876964e+02
5.539131558301273799e+02
5.544494825843618173e+02
5.547327653213114900e+02
5.550122365587308195e+02
5.551802289293302692e+02
5.555470153354328886e+02
5.557960569450027606e+02
5.562731005160429731e+02
5.563877277778204871e+02
5.564873521122218563e+02
5.564191986506588137e+02
5.564466095983493688e+02
5.566990563605098714e+02
5.567908947035759866e+02
5.570235368371984350e+02
5.571953391143601948e+02
5.573676325703135035e+02
5.575148881810921466e+02
5.576238547387985136e+02
5.577643351707516786e+02
5.577980597440255224e+02
