5.062014127813781670e+02
5.065805020067226678e+02
5.071705234664293016e+02
5.074608992234607854e+02
5.078666810226508801e+02
5.083380141637636029e+02
5.087634119911216430e+02
5.091842415135593569e+02
5.095973669899735796e+02
5.099955482693829367e+02
5.103800371328235315e+02
5.107417801914904203e+02
5.111086180078501684e+02
5.115164610016980191e+02
5.118670376399599604e+02
5.122029329851394550e+02
5.125051616817685272e+02
5.127263415505467492e+02
5.131292123541387582e+02
5.134149622402591149e+02
5.136923908155181380e+02
5.138791506200362846e+02
5.142014692276004553e+02
5.144570703644980085e+02
5.149641226998999173e+02
5.151101101980365229e+02
5.152668536370040329e+02
5.152255123400275352e+02
5.153172414030429991e+02
5.155421010616441890e+02
5.156766903785185150e+02
5.159066139401242026e+02
5.160866341971496922e+02
5.162613927127554234e+02
5.164134439459587611e+02
5.165451829967676076e+02
5.166841882850569618e+02
5.167668849702026819e+02
