1.607291270547901618e+01
1.569542597001135142e+01
1.502316790608356989e+01
1.475972818967690436e+01
1.435484346233234554e+01
1.396081366680440183e+01
1.361762190356941460e+01
1.324914989416164879e+01
1.292746481647187906e+01
1.260587880006676365e+01
1.227814549957188284e+01
1.198462016282377185e+01
1.157749423776735043e+01
1.170478959044694101e+01
7.299578499419618893e+00
2.270582218545742137e+01
5.433288539242722948e+01
5.433288539242722948e+01
1.266665089994618798e+00
5.027170103042465854e+01
1.368928258814061216e+01
5.970500000000001251e+01
1.294999999999997486e+00
5.970499999999999829e+01
1.315379693855716958e+00
3.600689227380936330e+01
5.970499999999999829e+01
1.119942571747223559e+00
1.295000000000099627e+00
1.240766444592178219e+00
5.920880469993222306e+01
5.970500000000000540e+01
1.260628123248649590e+00
1.315853262480993546e+00
1.295000000000009033e+00
1.292270794184449567e+00
1.672397935418737447e+01
5.157303401613930305e+01
