5.435553882450576424e+01
5.480547067816031870e+01
5.542808400059711715e+01
5.579742912303785118e+01
5.629454760999580998e+01
5.693224068589331210e+01
5.752308748029876284e+01
5.809191158845413838e+01
5.866045895148196365e+01
5.923567611423762713e+01
5.979691815089208262e+01
6.031514959085796335e+01
6.083261335922409785e+01
6.145410683117603412e+01
6.189740604554814496e+01
6.225194120712563972e+01
6.256133190745064354e+01
6.261351193255933367e+01
6.325312810550563114e+01
6.353674604211391141e+01
6.380331170827918896e+01
6.383348980532860395e+01
6.423604202114867689e+01
6.444073939478040813e+01
6.470979854783669794e+01
6.473838330585608958e+01
6.468542132587279525e+01
6.478448417464899478e+01
6.471424734557052716e+01
6.490444248398650018e+01
6.490600950266582458e+01
6.501077680288979366e+01
6.508076931058654679e+01
6.516543612581911304e+01
6.519980039767099811e+01
6.522280380799065824e+01
6.525347747486583216e+01
6.514907000076713928e+01
