1.109559092584707543e+02
1.113552642312213266e+02
1.118100395122474708e+02
1.121813880517574802e+02
1.126525138552641465e+02
1.132993097605580033e+02
1.138595667308138815e+02
1.144175205506787449e+02
1.149755231592606890e+02
1.155530004736790772e+02
1.161349536985254218e+02
1.166547522377387907e+02
1.172094522031464834e+02
1.179375866196875364e+02
1.184193110530309951e+02
1.188257164226831151e+02
1.191837787604183347e+02
1.195022996872233847e+02
1.200804109402752005e+02
1.204082594006398068e+02
1.207462826236489661e+02
1.208219794548799086e+02
1.213630043022399718e+02
1.216378750436281990e+02
1.219859782314517531e+02
1.220225694045518878e+02
1.219384102730523267e+02
1.220105380952831950e+02
1.218730647000716090e+02
1.221700256443780148e+02
1.221518246605405693e+02
1.223551639203667776e+02
1.224798278031102257e+02
1.226373549309942348e+02
1.227194358065558504e+02
1.227467607447154023e+02
1.228344843334215568e+02
1.226816515579672142e+02
