-1.349509664221288652e-01
-1.345096444667688851e-01
-1.348458383827869367e-01
-1.345113155733461130e-01
-1.347910918311805706e-01
-1.356432382013796623e-01
-1.361921343977708088e-01
-1.369032469172738187e-01
-1.374415573480729513e-01
-1.380920858675850071e-01
-1.388148065330747361e-01
-1.394271180496873264e-01
-1.401049462835304293e-01
-1.413497542093332116e-01
-1.419809462793573951e-01
-1.423961862314830629e-01
-1.427545376036463975e-01
-1.429132298661008604e-01
-1.439219994127295676e-01
-1.443947369817829562e-01
-1.447558220284773933e-01
-1.445046638910540970e-01
-1.455663651505290646e-01
-1.456946056415708290e-01
-1.569659964046879186e-01
-1.568721051463674021e-01
-1.561544700524652163e-01
-1.557720451940874107e-01
-1.551859841057175726e-01
-1.557100472001154701e-01
-1.553506962887939435e-01
-1.557855655778106196e-01
-1.558503667799001347e-01
-1.560389490162804871e-01
-1.562311102232119830e-01
-1.562303354651205511e-01
-1.564148571374776309e-01
-1.559154272445455736e-01
