3.426845842261603536e+01
3.501923483264835824e+01
3.471710223574877574e+01
3.316480504785294414e+01
3.316716788796880877e+01
3.390203421655658644e+01
3.369747865856039226e+01
3.430284541631871775e+01
3.425530543044540366e+01
3.274528899546488248e+01
3.332815382410079508e+01
3.295887111569957284e+01
3.322612000750546457e+01
3.368338678383042861e+01
3.287722731762445960e+01
3.560737311453489440e+01
3.224245089981824464e+01
3.376202421199058534e+01
3.249281553504070530e+01
3.366323500219505860e+01
3.255868488087534729e+01
3.266769520670525395e+01
3.263165420004311557e+01
3.437629789592349283e+01
