5.154554437117279519e+01
5.067796495610141960e+01
5.157151781045301675e+01
5.227100868854867599e+01
5.088009952872935315e+01
5.020337606030934552e+01
5.209470288871043664e+01
5.070432233336184424e+01
5.149234240757013481e+01
5.099179209266951318e+01
5.047720145886160026e+01
5.067053351593039423e+01
5.064038599088632964e+01
5.232286397683883195e+01
5.077804610286450782e+01
5.006541460801728505e+01
5.115763777796406231e+01
5.171477527007521502e+01
5.141666330827550979e+01
5.070149155038194522e+01
5.120909603967064072e+01
4.994586763909381233e+01
4.961343499982348959e+01
5.182231766860196842e+01
