8.749390087244034930e+01
8.768630831762224886e+01
8.851576486660312071e+01
9.012002434036085674e+01
9.028985572043936259e+01
8.958621382468959382e+01
9.016968441443076188e+01
9.078381299261636173e+01
9.048793397275981931e+01
9.076568783917683447e+01
9.244923250389915381e+01
9.180133910748368464e+01
9.318997697639900935e+01
9.308009001032625918e+01
9.437771692911584864e+01
9.235053823102053627e+01
9.389280401444378299e+01
9.339106376676798504e+01
9.483606853026951455e+01
9.460301237815772879e+01
9.364356237928552673e+01
9.534050681883664424e+01
9.535890247957942734e+01
9.335376428832773854e+01
