5.154602207898026478e+01
5.067795426320046914e+01
5.157152910396221301e+01
5.227099792537015333e+01
5.088009484639921709e+01
5.020338011111766718e+01
5.209469856960574674e+01
5.070432491319365198e+01
5.149234123984167866e+01
5.099179076591317283e+01
5.047719995420412431e+01
5.067053499302515718e+01
5.064038763475149096e+01
5.232285774304620674e+01
5.077804754854248870e+01
5.006548607339275492e+01
5.115766458818128370e+01
5.171471914678403436e+01
5.141670868230038849e+01
5.070099646516383984e+01
5.120904818208876463e+01
4.994587293702547726e+01
4.961343392423778909e+01
5.182212489240870212e+01
