8.749359659163648928e+01
8.768631315358621237e+01
8.851575308331595693e+01
9.012003335734236487e+01
9.028987362852245724e+01
8.958620950867634747e+01
9.016968784002911264e+01
9.078381248672923221e+01
9.048793554380374360e+01
9.076568966007114625e+01
9.244923372928010963e+01
9.180133846880421800e+01
9.318997337245185975e+01
9.308009489401348446e+01
9.437771724222628222e+01
9.235046291334518287e+01
9.389277186029404731e+01
9.339113261238647112e+01
9.483593843270467971e+01
9.460267204638014960e+01
9.364358801422642387e+01
9.534049490525369208e+01
9.535890389392930899e+01
9.335388963770763837e+01
