3.426831073162270513e+01
3.501923943343936685e+01
3.471710043682389113e+01
3.316480740120187676e+01
3.316716030954013661e+01
3.390203325362555375e+01
3.369747968038524988e+01
3.430284365524590839e+01
3.425530532586316212e+01
3.274528862099005977e+01
3.332815497962176465e+01
3.295887072055883493e+01
3.322612115459768489e+01
3.368338769321548654e+01
3.287722614666552801e+01
3.560733493113044545e+01
3.224245068862149566e+01
3.376202324101549834e+01
3.249287619825756934e+01
3.366375565016463156e+01
3.255870929190512442e+01
3.266769906927985545e+01
3.263165390746343775e+01
3.437635486585971734e+01
