5.266018090983044431e+02
5.269247504384765080e+02
5.268932996024841486e+02
5.265275344463110514e+02
5.262933168608278720e+02
5.265066312515529034e+02
5.268211635930075545e+02
5.267850207090145886e+02
5.269115383599971665e+02
5.262151879282654363e+02
5.262111453378111037e+02
5.261320776314574914e+02
5.264599206176395683e+02
5.266552713327910169e+02
5.260296653162465645e+02
5.271970138643664541e+02
5.261270890915802738e+02
5.266906133023451275e+02
5.261907238018055750e+02
5.265549205488813413e+02
5.264065442415943608e+02
5.261407730613580043e+02
5.261705304725683163e+02
5.272716291670936926e+02
