4.985098125048728548e+02
4.988252618874791438e+02
4.985254895948438616e+02
4.981882558664384533e+02
4.983051254096023399e+02
4.982525719506249402e+02
4.982641435704188098e+02
4.983831646769306190e+02
4.984143209846243394e+02
4.980320685843916522e+02
4.980664829335854051e+02
4.978535850639504474e+02
4.980140714193237841e+02
4.981966808763712606e+02
4.979179782967015058e+02
4.985898935106312706e+02
4.977905388441745345e+02
4.981509271211089640e+02
4.978613626747354601e+02
4.981841543436334518e+02
4.978801085337275367e+02
4.980404446233628732e+02
4.978933110646386240e+02
4.984300110181517880e+02
