5.588069536710993361e+02
5.586594899215583609e+02
5.590230965603876712e+02
5.585794901492807867e+02
5.580443322611065469e+02
5.585391642536395693e+02
5.587865415718788427e+02
5.585246140899334932e+02
5.585622877866454701e+02
5.580715154783363232e+02
5.581010192071294114e+02
5.580945331191682044e+02
5.578451943218584574e+02
5.584262020650065779e+02
5.577967475375772892e+02
5.584815602067740201e+02
5.576603139973241241e+02
5.583792474990838173e+02
5.577898074568211086e+02
5.578889743722189678e+02
5.578216069738449505e+02
5.573967787575998045e+02
5.572675215442441186e+02
5.581606723686703617e+02
