1.100008131195144898e+02
1.103351714947683462e+02
1.114203488966305571e+02
1.120190623964112149e+02
1.112406825530021450e+02
1.104646737755043944e+02
1.129995696702128214e+02
1.123770262842670462e+02
1.130754537009614609e+02
1.116697797764622919e+02
1.122055192540297810e+02
1.111513793380887023e+02
1.120695437612976946e+02
1.140743129347802380e+02
1.126000478537297340e+02
1.122322224687404741e+02
1.124217768180963901e+02
1.131716318626841229e+02
1.133249813958924506e+02
1.138405376035513541e+02
1.131295462801203655e+02
1.129184512362241151e+02
1.126396447760365902e+02
1.145487906347903788e+02
