6.009537418362469197e+01
6.029599115413294896e+01
6.060278584042724503e+01
6.101029175909746982e+01
6.057386799498677021e+01
6.017781501271401368e+01
6.196346060194378680e+01
6.155696424411798517e+01
6.201539627127037591e+01
6.127669917925680920e+01
6.141044521830643532e+01
6.098393395288717755e+01
6.147826880141844441e+01
6.294996646408981888e+01
6.195726630460842443e+01
6.210590929270115623e+01
6.217918169376633131e+01
6.272986790229593623e+01
6.298654359171845840e+01
6.299826350127828789e+01
6.289870422465612876e+01
6.256603537664505410e+01
6.253904918096566945e+01
6.422957036717485835e+01
