4.686869988443252311e+01
4.767337979615385990e+01
4.773462576903156673e+01
4.694627560934687693e+01
4.701768139234311406e+01
4.763249551648723923e+01
4.830595411106835968e+01
4.874143817180358695e+01
4.877143792309593096e+01
4.787638933702682209e+01
4.873053617340756460e+01
4.807511455402891443e+01
4.819566400099439818e+01
4.921629077613520309e+01
4.914494452041588346e+01
4.987069208449047863e+01
4.881525196309858927e+01
4.981714535670027999e+01
4.942117357176137915e+01
5.016975364805551862e+01
4.929085210075468382e+01
4.967205734410218554e+01
4.969512375182397079e+01
5.085171593309748062e+01
