-1.085325282924972934e-01
-1.088390038496386686e-01
-1.109086921015720317e-01
-1.120507829140008071e-01
-1.105226378750828881e-01
-1.099489081280717040e-01
-1.134394983624343461e-01
-1.129556506011462486e-01
-1.135353405577509550e-01
-1.114611535504221457e-01
-1.134461623629725718e-01
-1.120237067588468610e-01
-1.138102165276250188e-01
-1.168137290473273138e-01
-1.152899223361915221e-01
-1.148087563020144947e-01
-1.146187897717872717e-01
-1.163998832832167513e-01
-1.166279051799913591e-01
-1.170020844473005361e-01
-1.153813626725522512e-01
-1.158117648823222962e-01
-1.153853376772437100e-01
-1.177654837149482853e-01
