5.588068293660318204e+02
5.586594908972175517e+02
5.590230933877209054e+02
5.585794926077941227e+02
5.580443378649928263e+02
5.585391631574642588e+02
5.587865424839806110e+02
5.585246140790618483e+02
5.585622882626155388e+02
5.580715160531044603e+02
5.581010193496548482e+02
5.580945329529178025e+02
5.578451932355809504e+02
5.584262035147376082e+02
5.577967476838479115e+02
5.584815441958126030e+02
5.576603044075291109e+02
5.583792665352195854e+02
5.577897660043995529e+02
5.578888403299373522e+02
5.578216114650066402e+02
5.573967751807103923e+02
5.572675219414968524e+02
5.581607036178278349e+02
