4.985098554677678067e+02
4.988252613804939983e+02
4.985254898599949342e+02
4.981882555425257237e+02
4.983051267315271389e+02
4.982525721749176455e+02
4.982641434396268778e+02
4.983831649963060499e+02
4.984143209938287100e+02
4.980320687054947939e+02
4.980664826388002666e+02
4.978535850603788049e+02
4.980140711916862415e+02
4.981966808045960988e+02
4.979179784923530292e+02
4.985899050173638329e+02
4.977905394535031860e+02
4.981509276777908326e+02
4.978613495811161442e+02
4.981840876246547509e+02
4.978801039937345081e+02
4.980404439036921076e+02
4.978933111798978643e+02
4.984300030441397098e+02
