5.266018434514218143e+02
5.269247498947974009e+02
5.268932994094607238e+02
5.265275344863200644e+02
5.262933197924031674e+02
5.265066313274036247e+02
5.268211635495918017e+02
5.267850211400217404e+02
5.269115384218681584e+02
5.262151882256123372e+02
5.262111449797769183e+02
5.261320775240457124e+02
5.264599201446413872e+02
5.266552715247108836e+02
5.260296655627382734e+02
5.271970296741900484e+02
5.261270873988800076e+02
5.266906177658090655e+02
5.261906973046267240e+02
5.265548048226374931e+02
5.264065384441973947e+02
5.261407713603405227e+02
5.261705307034421821e+02
5.272716262585150844e+02
