3.667792303129146209e-09
3.668952421069917030e-09
3.667849817793345924e-09
3.666609024584707063e-09
3.667039078708368869e-09
3.666845698504000314e-09
3.666888277105950356e-09
3.667326210174659458e-09
3.667440838264746635e-09
3.666034220831591746e-09
3.666160879821764783e-09
3.665377249296459691e-09
3.665967980019254288e-09
3.666640028939977553e-09
3.665614285441328238e-09
3.668086774073899859e-09
3.665145159725961114e-09
3.666471657587352803e-09
3.665405831782909534e-09
3.666593686851358039e-09
3.665474868961705670e-09
3.666065045788502153e-09
3.665523485373109006e-09
3.667498533777222524e-09
