3.769719603316426772e-09
3.770875201438914828e-09
3.770762663903945670e-09
3.769453620725667397e-09
3.768615146409885868e-09
3.769378796272107595e-09
3.770504531452793723e-09
3.770375192062266980e-09
3.770827927963973067e-09
3.768335398668543222e-09
3.768320921382429357e-09
3.768037800487214209e-09
3.769211584658057166e-09
3.769910832942153265e-09
3.767671057098735392e-09
3.771849344772979284e-09
3.768019931376356864e-09
3.770037338788300014e-09
3.768247705382205112e-09
3.769551234744185603e-09
3.769020485566986678e-09
3.768068931993792501e-09
3.768175494416522513e-09
3.772116187252597954e-09
