3.883280062548382698e-09
3.882768083964837099e-09
3.884031424630151745e-09
3.882490073897371473e-09
3.880629791795089219e-09
3.882349913437659384e-09
3.883209572751662032e-09
3.882299348513262711e-09
3.882430282753402820e-09
3.880724288948094369e-09
3.880826867778089522e-09
3.880804315717619268e-09
3.879937306012244524e-09
3.881957307991616137e-09
3.879768827564404005e-09
3.882149656450338878e-09
3.879294281281465093e-09
3.881794160937982299e-09
3.879744546867931366e-09
3.880089090664448820e-09
3.879855296917721583e-09
3.878377568885948324e-09
3.877927869542296039e-09
3.881034373329267150e-09
