4.686872972292424322e+01
4.767337803986035283e+01
4.773462624143989785e+01
4.694627488251822456e+01
4.701768530658656431e+01
4.763249590647745180e+01
4.830595385120203389e+01
4.874143889699379173e+01
4.877143810363715914e+01
4.787638954856150519e+01
4.873053554946716304e+01
4.807511473936364155e+01
4.819566326882932827e+01
4.921629075089498428e+01
4.914494502527578135e+01
4.987070694762585532e+01
4.881525086587694062e+01
4.981714834511836187e+01
4.942114049663522479e+01
5.016951725875157564e+01
4.929084185188831668e+01
4.967205508646611634e+01
4.969512395318315612e+01
5.085169674761760916e+01
