6.009520287243163494e+01
6.029599695455857500e+01
6.060278081779417647e+01
6.101029676939182167e+01
6.057386950701349804e+01
6.017781342270757250e+01
6.196346270467620343e+01
6.155696301486467092e+01
6.201539677182087473e+01
6.127669988157364855e+01
6.141044559201996833e+01
6.098393306171453787e+01
6.147826805722204568e+01
6.294996957590689846e+01
6.195726553702976247e+01
6.210589209374441566e+01
6.217917162345224114e+01
6.272989296821010186e+01
6.298652197919974327e+01
6.299859698909944683e+01
6.289872625743056034e+01
6.256603321010531715e+01
6.253904982313923711e+01
6.422966440830231249e+01
