1.100008134485028961e+02
1.103351734132743616e+02
1.114203506020115810e+02
1.120190623755727728e+02
1.112406778989056448e+02
1.104646748068964683e+02
1.129995696858321423e+02
1.123770259616070462e+02
1.130754533743722732e+02
1.116697798574814442e+02
1.122055184136934685e+02
1.111513786465058473e+02
1.120695444461351684e+02
1.140743136619854567e+02
1.126000472167713724e+02
1.122322709851253961e+02
1.124217806459441533e+02
1.131716241474555602e+02
1.133249941894609947e+02
1.138408571732150847e+02
1.131295440876263712e+02
1.129184532412587743e+02
1.126396448717463983e+02
1.145488125098617616e+02
