-1.085324125061169487e-01
-1.088390061316676094e-01
-1.109086959960391278e-01
-1.120507822129530873e-01
-1.105226286496042432e-01
-1.099489103716980443e-01
-1.134394983060985629e-01
-1.129556500823970383e-01
-1.135353401534724138e-01
-1.114611534780502317e-01
-1.134461605460080624e-01
-1.120237059273039154e-01
-1.138102177212462207e-01
-1.168137303510567576e-01
-1.152899213089789432e-01
-1.148088345360668422e-01
-1.146187974044832053e-01
-1.163998654510904757e-01
-1.166279370278922728e-01
-1.170026186499771581e-01
-1.153813580786912790e-01
-1.158117689786614668e-01
-1.153853376937881564e-01
-1.177655088813676920e-01
