4.971587440590445794e+01
4.921451845002664527e+01
4.947832378746992532e+01
4.946208684137801015e+01
4.934800146722297853e+01
4.951773937991807628e+01
4.951623263467531899e+01
4.987135772477654427e+01
4.909098743464958403e+01
4.967909518430509763e+01
4.978137448241302820e+01
4.944027773422936889e+01
4.944000259703108213e+01
4.981598706643812591e+01
4.998996703828988331e+01
5.028646949669440858e+01
5.005231859160357999e+01
4.850253270993206201e+01
4.933910411538374774e+01
4.909850225426041703e+01
4.873144434110540857e+01
4.815124851591683353e+01
4.790460956259175163e+01
4.844224620314747654e+01
