5.665524204628253813e+01
5.695046060930732068e+01
5.844769288545438002e+01
5.896509438787811774e+01
5.832877808277300602e+01
5.971675412603634214e+01
5.974495729213237638e+01
6.044782142794863233e+01
6.085904659849489207e+01
6.156770312997308281e+01
6.210201856393778286e+01
6.183172540268820683e+01
6.176151344706487123e+01
6.282072033581739845e+01
6.341831248018930722e+01
6.396662370316857249e+01
6.385561571078461185e+01
6.201304107979509439e+01
6.272467461560542290e+01
6.443840213137291073e+01
6.441849923394423172e+01
6.287203704105863267e+01
6.221485891000460811e+01
6.366575007925207075e+01
