1.088344975333710494e+02
1.107073773141544990e+02
1.111184485656762462e+02
1.124767059127843254e+02
1.133258500165682534e+02
1.129856303695353432e+02
1.138742589604253368e+02
1.144472984290988649e+02
1.157650176962439588e+02
1.150383307317809596e+02
1.155493185944447276e+02
1.167320453583240578e+02
1.174571238866859630e+02
1.171512004169999699e+02
1.176202614363202201e+02
1.173740724194010454e+02
1.178192823769153534e+02
1.196452732894584443e+02
1.192406363695884863e+02
1.192524336628571291e+02
1.198696168603968033e+02
1.207246751738829147e+02
1.214549212961486546e+02
1.208764666320734165e+02
