1.067251352967433888e+02
1.069046001044544596e+02
1.061500046322124575e+02
1.064783372248130888e+02
1.064934219769478574e+02
1.055978829983646534e+02
1.058366174144490088e+02
1.058587732773300445e+02
1.066151315202532004e+02
1.057385084433793025e+02
1.057920497623332636e+02
1.064186401579562897e+02
1.067345689298892779e+02
1.062239137917428877e+02
1.062524833070549874e+02
1.059612787340444555e+02
1.061892413983464110e+02
1.075894550314302336e+02
1.071650604650560155e+02
1.069546785882231603e+02
1.075128841069680874e+02
1.081540789385300343e+02
1.086474785538188712e+02
1.080672079730015440e+02
