4.874700497094075047e+01
4.752489878466334972e+01
4.726272082798849539e+01
4.683230670347273872e+01
4.637234913755305854e+01
4.628251784743974895e+01
4.602856147669088926e+01
4.613336029229006385e+01
4.521456833765567040e+01
4.565704303276231713e+01
4.558021812724569344e+01
4.507258971027415839e+01
4.494032662678053214e+01
4.517103826997634286e+01
4.515705077376185272e+01
4.540120437168511103e+01
4.511213102772994432e+01
4.362041776557156680e+01
4.433768629855205745e+01
4.404146691552699622e+01
4.370814984679258686e+01
4.313011410140777002e+01
4.285513693664235291e+01
4.330121589473068155e+01
