5.555108837003347588e+01
5.499475541201326223e+01
5.583222400391275642e+01
5.582921008645830341e+01
5.481358587183877518e+01
5.582425091524092409e+01
5.554692029616859372e+01
5.591490078989414059e+01
5.604562423697407070e+01
5.659260853600724772e+01
5.684584186849989607e+01
5.636378510895896454e+01
5.611779670998173941e+01
5.696723003699540300e+01
5.728574167711413878e+01
5.774646161106293363e+01
5.756389915848646410e+01
5.576512231196511493e+01
5.636128917320734644e+01
5.779891715499713456e+01
5.778106403998352647e+01
5.631258108866298784e+01
5.565163522650109940e+01
5.692288885924784125e+01
