5.290080420237014778e+02
5.289074568937492131e+02
5.292086673244333497e+02
5.292926884121203557e+02
5.291484057803950236e+02
5.294040578027307902e+02
5.294065838102696944e+02
5.295905733566089566e+02
5.293313865804813076e+02
5.296245336790760803e+02
5.297156497789981131e+02
5.295322641015575300e+02
5.295208423825057480e+02
5.297939486181593338e+02
5.299019772800962755e+02
5.300810661935347525e+02
5.300103342393661023e+02
5.292906772632653656e+02
5.296639669100737819e+02
5.298150094108312942e+02
5.296784177331268211e+02
5.292798696926291768e+02
5.291294905459743632e+02
5.295398799826175491e+02
