4.974991691033974348e+02
4.973665904941204872e+02
4.974239117952287188e+02
4.973204559806795260e+02
4.972921466970136066e+02
4.973602656432140634e+02
4.973219003658708175e+02
4.973557059327803245e+02
4.971071422509033368e+02
4.972634024484646602e+02
4.972437713841036953e+02
4.971197857164398783e+02
4.970914602746158835e+02
4.971703781019321013e+02
4.971487385478046122e+02
4.972125280459217151e+02
4.971243058150682828e+02
4.967419057005634500e+02
4.969389809330940011e+02
4.969280617030612461e+02
4.968547399270722735e+02
4.966676768875536823e+02
4.965875186084105621e+02
4.966783040546405346e+02
