5.615450547260550138e+02
5.615651612082245947e+02
5.619885877521335260e+02
5.623066678399266038e+02
5.621581191351912139e+02
5.624506118572738842e+02
5.624851932251368680e+02
5.627398682313910285e+02
5.626731795689215687e+02
5.629670090580839314e+02
5.631711906210921370e+02
5.630568547499719898e+02
5.630436773366005809e+02
5.633587241131089058e+02
5.635880357824639759e+02
5.637505544958419250e+02
5.637743780106263785e+02
5.630692299578449820e+02
5.634635990503853691e+02
5.637059055517207753e+02
5.636417471492657114e+02
5.632080753272097127e+02
5.630538387903587818e+02
5.634610839734730234e+02
