7.510986415399239036e+01
7.531835187078429783e+01
7.643617453719153332e+01
7.669201332441237184e+01
7.645743364991558622e+01
7.736845242974028736e+01
7.752675113174632315e+01
7.816621386364514024e+01
7.823410291155938978e+01
7.877607155112499981e+01
7.912673530188946813e+01
7.906112638262193570e+01
7.912279619969409339e+01
7.984942067335397553e+01
8.030027832621247796e+01
8.068265862631044172e+01
8.047848316981036021e+01
7.904828899135434028e+01
7.964934777763464524e+01
8.067963054306420645e+01
8.060933412150232868e+01
7.958127910033908847e+01
7.925521436202627967e+01
8.015266870172565916e+01
