1.351460621357580862e+02
1.357765378709677861e+02
1.370829010223154398e+02
1.379852197155465205e+02
1.375878220447995091e+02
1.387309386341785853e+02
1.390022942245774686e+02
1.398566306339356231e+02
1.401301927989367471e+02
1.407958914432263100e+02
1.414430541330833933e+02
1.412103940517549177e+02
1.414297978437756740e+02
1.421366721913874187e+02
1.425644314894424269e+02
1.431001721778937110e+02
1.430786697910689895e+02
1.413447851484800992e+02
1.424140096466431089e+02
1.434644204318890388e+02
1.435459667995008033e+02
1.421999115275258703e+02
1.415995608111585682e+02
1.428180872680007099e+02
