6.279433336029009638e+01
6.303808752784088654e+01
6.358415705993449052e+01
6.389863554760869135e+01
6.396486776113017214e+01
6.411182108836817406e+01
6.432973943433246689e+01
6.484754462035593292e+01
6.483208220030066116e+01
6.516267027973343318e+01
6.541435711508636075e+01
6.550890085201038460e+01
6.569802584271728563e+01
6.606764154233613340e+01
6.642606562845941198e+01
6.666566577940362492e+01
6.651977892752159960e+01
6.575522235177628261e+01
6.621655304900599504e+01
6.626207931883719482e+01
6.620939171587134808e+01
6.596349503348231735e+01
6.583004559789634413e+01
6.617189625444157741e+01
