-1.377927567089598515e-01
-1.228660606122594229e-01
-1.137436054682400277e-01
-1.065320057483290644e-01
-9.839466604279001327e-02
-9.414793400480596375e-02
-8.928094069115787013e-02
-8.610440170401570392e-02
-8.266159966470441878e-02
-8.128784886737849824e-02
-7.859975799977088340e-02
-7.468040900369567192e-02
-7.208649632290412002e-02
-7.118812381725854455e-02
-6.869005882963583054e-02
-6.881008540931354833e-02
-6.737117305735901285e-02
-6.298177209658266384e-02
-6.381256076809892208e-02
-6.363880058323806432e-02
-6.402615172431844193e-02
-6.098162808043352395e-02
-5.926969260865060790e-02
-6.041837885768035904e-02
