5.615470712055604281e+02
5.615649209190565898e+02
5.619897259563414309e+02
5.623036128184589870e+02
5.621580146195440193e+02
5.624484829743939827e+02
5.624811595902921226e+02
5.627382405039476225e+02
5.626727560411172817e+02
5.629682955156296202e+02
5.631722052728019889e+02
5.630573011467917013e+02
5.630410942207561220e+02
5.633574049989251762e+02
5.635888423583342046e+02
5.637495150234205994e+02
5.637728362428974833e+02
5.630676925584642731e+02
5.634663767028682742e+02
5.637038233798474494e+02
5.636413025115374467e+02
5.632116544646900138e+02
5.630536745477616023e+02
5.634626996662468628e+02
