4.974993786653990355e+02
4.973660419056242290e+02
4.974240858017974460e+02
4.973200215135235567e+02
4.972924506093506807e+02
4.973607618977633820e+02
4.973208039603379120e+02
4.973553855365116192e+02
4.971067152616550970e+02
4.972641917702628120e+02
4.972431928800259584e+02
4.971194276539450243e+02
4.970883569333288960e+02
4.971705378321220223e+02
4.971486734761513731e+02
4.972120116721757768e+02
4.971245407889880994e+02
4.967421403139426275e+02
4.969391055821809005e+02
4.969274754909098988e+02
4.968547183167239041e+02
4.966677956288386895e+02
4.965872991939548342e+02
4.966793297234924580e+02
