5.290086884706635146e+02
5.289062853867145577e+02
5.292091435356093143e+02
5.292915933884673905e+02
5.291489799066011983e+02
5.294047436298037610e+02
5.294038571566574092e+02
5.295897981455232184e+02
5.293307115873440125e+02
5.296260234914085459e+02
5.297150405523136669e+02
5.295316004552606728e+02
5.295149816605285196e+02
5.297938664646570714e+02
5.299019313622898153e+02
5.300800466721367457e+02
5.300103273533341053e+02
5.292911390837409726e+02
5.296645640057549826e+02
5.298138267236136016e+02
5.296782705713529822e+02
5.292803933978483428e+02
5.291292173556078069e+02
5.295417996812147976e+02
