3.664073119822176419e-09
3.663582075614240457e-09
3.663795844102543056e-09
3.663412579338218477e-09
3.663311030041263156e-09
3.663562629379610036e-09
3.663415461209298135e-09
3.663542828170003039e-09
3.662626855275789820e-09
3.663206944017540368e-09
3.663129596710094897e-09
3.662673686720928900e-09
3.662559223593206464e-09
3.662861966521451779e-09
3.662781423737506161e-09
3.663014740843113942e-09
3.662692522936113103e-09
3.661283535150960592e-09
3.662009338503580857e-09
3.661966486420144908e-09
3.661698394897936114e-09
3.661009542736459437e-09
3.660712855332441269e-09
3.661052052222491741e-09
