3.778324574371377939e-09
3.777958861271584988e-09
3.779040358988830185e-09
3.779334731440949242e-09
3.778825541040916900e-09
3.779738676818372539e-09
3.779735512284732899e-09
3.780399226808961339e-09
3.779474387953528997e-09
3.780528519261594889e-09
3.780846212674545098e-09
3.780191503256957916e-09
3.780132184115760436e-09
3.781127512564940693e-09
3.781513121335748154e-09
3.782148605706952913e-09
3.781899872051431472e-09
3.779333109490004705e-09
3.780666069963960571e-09
3.781198739865051173e-09
3.780714987350332426e-09
3.779294745223530700e-09
3.778754974969191181e-09
3.780227907922523773e-09
