3.892789711061267253e-09
3.892851579987702162e-09
3.894323707496482076e-09
3.895411099629235969e-09
3.894906744378624841e-09
3.895912868119843910e-09
3.896026037061760968e-09
3.896916270892856635e-09
3.896689527022756830e-09
3.897712745564888983e-09
3.898418566576858934e-09
3.898020848769680105e-09
3.897964748449107400e-09
3.899059513251240496e-09
3.899860332917087001e-09
3.900416195855861204e-09
3.900496871332304490e-09
3.898056818245948600e-09
3.899436597683246686e-09
3.900258129167468434e-09
3.900041832704269928e-09
3.898555102762042420e-09
3.898008295356943136e-09
3.899423874302440820e-09
