6.279522658609014485e+01
6.303722344867104965e+01
6.358489356399264381e+01
6.389705406787019371e+01
6.396534981150349353e+01
6.411235494218213660e+01
6.432747340151654214e+01
6.484639330247372868e+01
6.483107172675582319e+01
6.516472579991950909e+01
6.541325477027911006e+01
6.550816741750827532e+01
6.569167450095361005e+01
6.606754485504701790e+01
6.642613084393815370e+01
6.666428451869428784e+01
6.652018530895908555e+01
6.575474354141871913e+01
6.621754906074939129e+01
6.626067941515553628e+01
6.620933641498550060e+01
6.596465427623057565e+01
6.582940951414057906e+01
6.617483590443532648e+01
