7.511051185138421715e+01
7.531641733374686964e+01
7.643592966811009148e+01
7.669098635682412635e+01
7.645764281831043263e+01
7.736616557771696989e+01
7.751772102744608617e+01
7.816610723762421742e+01
7.823634971321696696e+01
7.877450440535039888e+01
7.913193926076927198e+01
7.906234559075167567e+01
7.912195888290453638e+01
7.984807778072628537e+01
8.030065136562598127e+01
8.068354624786880436e+01
8.047422624037099581e+01
7.905222603252171609e+01
7.965226855251570726e+01
8.067880840518833452e+01
8.060786063383157796e+01
7.958311230670008740e+01
7.925705215491827005e+01
8.014993997355701083e+01
