1.351440801563922776e+02
1.357716512275312937e+02
1.370817835052036742e+02
1.379879981191512854e+02
1.375898203980284222e+02
1.387354128132828066e+02
1.389940049199500152e+02
1.398575829630883050e+02
1.401323659098720498e+02
1.407956926789268550e+02
1.414458699179221242e+02
1.412083233702374798e+02
1.414183812597630947e+02
1.421371302263653718e+02
1.425628744849608154e+02
1.431005876941621864e+02
1.430772763869457833e+02
1.413538120622264671e+02
1.424132847200890808e+02
1.434660147310072489e+02
1.435447896990552863e+02
1.421951403992149494e+02
1.416014051370521258e+02
1.428176149707217064e+02
