-1.603329943305905059e-01
-1.627816150679410601e-01
-1.658753600595981315e-01
-1.687153687189179574e-01
-1.687998065041065310e-01
-1.705580453308643829e-01
-1.718363092221886768e-01
-1.741406114140898187e-01
-1.755315801737669379e-01
-1.763889933307823954e-01
-1.781050226454629626e-01
-1.788417096473820522e-01
-1.797527858025887992e-01
-1.813414099512745958e-01
-1.830877228813441726e-01
-1.839459485126335725e-01
-1.842268135091597037e-01
-1.819914483808278138e-01
-1.837600649908767425e-01
-1.858794946783727253e-01
-1.863133337606778239e-01
-1.844087112434615316e-01
-1.840894206030914693e-01
-1.861264087341288898e-01
