5.138780801192625347e+01
4.987999150972093076e+01
4.887739268531597503e+01
4.874439886949321021e+01
4.854639874182641535e+01
4.750556329890693519e+01
4.879232372350302427e+01
4.719840507922297235e+01
4.638472206241629436e+01
4.613239290723993946e+01
4.680393015902703269e+01
4.675335287691100206e+01
4.667973311571079620e+01
4.588615844888335715e+01
4.628087963136618299e+01
4.453428836364312815e+01
4.543899388321957389e+01
4.455744618757532294e+01
4.555089935390442690e+01
4.507588888584488274e+01
4.443534239210713821e+01
4.510767665089446865e+01
4.362342961175203726e+01
4.424987664681327004e+01
