6.170236962113898471e+01
6.092697790112777056e+01
5.960811238018290226e+01
5.968296175109431800e+01
6.104623174492700599e+01
5.917112523305511473e+01
6.135490010808676686e+01
6.180036807309119951e+01
6.008027497254674643e+01
6.013364137815516841e+01
6.200524753808073086e+01
6.246351591809467863e+01
6.306040776470345577e+01
6.212655134036285887e+01
6.194726262415447593e+01
6.111180534426274846e+01
6.319487877386959696e+01
6.167172504646434561e+01
6.373864925453511177e+01
6.234618447867038782e+01
6.329887058916518328e+01
6.367337776184156439e+01
6.143612383579006320e+01
6.358650640155516243e+01
