1.213064514809084073e+02
1.230557745961014859e+02
1.233276165609825483e+02
1.240546084642305260e+02
1.240769494004777016e+02
1.254465164814780280e+02
1.246723080232563490e+02
1.280243521582332562e+02
1.301573391427362480e+02
1.307565899553858628e+02
1.294472805514722324e+02
1.301882173304912556e+02
1.301619296894797344e+02
1.325172921356773656e+02
1.318569510744519846e+02
1.340528146332914048e+02
1.326582974834962556e+02
1.341749118811565893e+02
1.331021652907322732e+02
1.334519330216414517e+02
1.346742458095792756e+02
1.341554543580385541e+02
1.361309323817630457e+02
1.343361824673211231e+02
