6.041107712017566200e+01
5.987831782378293610e+01
5.870803023565216705e+01
5.882002949337960729e+01
6.013780655901586414e+01
5.827611718837929544e+01
6.039196767727118953e+01
6.083707302718772070e+01
5.915094949284650028e+01
5.917185433883462764e+01
6.098087472977471890e+01
6.141524332803705022e+01
6.200685850405650967e+01
6.110536799208835390e+01
6.085687863243012430e+01
6.010256838845911886e+01
6.208774130170202454e+01
6.060837743662364829e+01
6.263397582015813470e+01
6.127700262468948011e+01
6.223761926556261415e+01
6.262610138683572814e+01
6.045175992063155235e+01
6.250500423591252286e+01
