1.188099192876293415e+02
1.209543431969181029e+02
1.214455651152232463e+02
1.222604223000899708e+02
1.222204057210094987e+02
1.235682392446928617e+02
1.227262292361976677e+02
1.260213599400300239e+02
1.281455698061819248e+02
1.286747911685320105e+02
1.273141488380530149e+02
1.280215316208894194e+02
1.279807346181927841e+02
1.303422915242187798e+02
1.295095352940920463e+02
1.318660943529113183e+02
1.303470835631493117e+02
1.318815298853319575e+02
1.307782968354347872e+02
1.311562789747414399e+02
1.324468720795402419e+02
1.319439394861760775e+02
1.339480368335123615e+02
1.320453546215312883e+02
