5.031848264306049145e+01
4.902597878995995018e+01
4.813055789469230206e+01
4.803924174441809214e+01
4.782423442826004134e+01
4.680165415272553275e+01
4.803237018122195678e+01
4.646665119877959427e+01
4.567172243336079163e+01
4.539396940718913953e+01
4.604012371238666645e+01
4.597805193153891423e+01
4.589432439046974821e+01
4.512253991613451376e+01
4.546807236561374310e+01
4.380441709643315562e+01
4.465225635438683582e+01
4.378676079142049815e+01
4.474904194308406602e+01
4.430790378288578779e+01
4.369667015338400518e+01
4.436371296242612772e+01
4.292693953886723790e+01
4.349390259959907468e+01
