4.984610810731370520e+02
4.982448268285522772e+02
4.980774187689764290e+02
4.981154161149742663e+02
4.981182495508173247e+02
4.978594014323819579e+02
4.982077720531997898e+02
4.978969281003048195e+02
4.977272772470432756e+02
4.977198652005917552e+02
4.979791444714016961e+02
4.979489739220039723e+02
4.980265051962729785e+02
4.979107334011097805e+02
4.979337697648556400e+02
4.975093016675630224e+02
4.977669771221797532e+02
4.975689887508400489e+02
4.978878058535141804e+02
4.977275739335021854e+02
4.977462783726950306e+02
4.978989756286339343e+02
4.975385006730637656e+02
4.977896618999089355e+02
