5.638540541867419051e+02
5.636136728033612826e+02
5.632128075406253629e+02
5.633102855868519327e+02
5.635729653702368296e+02
5.631254560613723470e+02
5.638829017551846619e+02
5.638176704342446328e+02
5.633739024536585021e+02
5.633267910840936565e+02
5.639173679881619137e+02
5.641398825633232263e+02
5.642710106781106560e+02
5.640038740409979710e+02
5.640739050498298184e+02
5.637384921485827363e+02
5.642213779079041842e+02
5.637605754505004825e+02
5.644183087277298227e+02
5.640932579633707746e+02
5.643686425496232459e+02
5.645078775100686244e+02
5.638261038660378972e+02
5.643997850317899747e+02
