5.307839619109344085e+02
5.304134664517894180e+02
5.300885682676649822e+02
5.300573684456386445e+02
5.302344269283685207e+02
5.297195293772012974e+02
5.304435886855679883e+02
5.301000963779656558e+02
5.296626957768412467e+02
5.296397044419395570e+02
5.301901545769839004e+02
5.303528230428839834e+02
5.304211229647009986e+02
5.301809367099029942e+02
5.301951585286124100e+02
5.296421960577033587e+02
5.302250646947994710e+02
5.297329996370496019e+02
5.303473386556204332e+02
5.300325840274845177e+02
5.301296996680896427e+02
5.303601926794208339e+02
5.296493480426632914e+02
5.302328072932568830e+02
