1.440845016002168109e+02
1.431581877371198743e+02
1.418476525081013051e+02
1.419709419444375555e+02
1.427595118828663203e+02
1.412313176189386752e+02
1.430379206959339911e+02
1.435572399363803129e+02
1.426020948602103715e+02
1.428160047711609479e+02
1.439227864000509953e+02
1.441434525888145117e+02
1.448400372860491530e+02
1.443580549878176669e+02
1.442266151948883532e+02
1.432351133922494739e+02
1.447441998519543063e+02
1.435636522736276390e+02
1.453359703578412052e+02
1.441026791340734974e+02
1.447137295219946509e+02
1.450860809822928275e+02
1.434900632386532493e+02
1.446424964382347582e+02
