8.140112014956211794e+01
8.046138836440971431e+01
7.917556278158171779e+01
7.931392747656389020e+01
8.005596589453428180e+01
7.855193240378335418e+01
8.034311836132125961e+01
8.042522838297927024e+01
7.942069048826888888e+01
7.945889235236948878e+01
8.067852617605083765e+01
8.092278112893502851e+01
8.125561866361319119e+01
8.084181122298494415e+01
8.071261675460095830e+01
7.966939126820969364e+01
8.115671725492329358e+01
8.021032417793040281e+01
8.162915707205146987e+01
8.061488850226389502e+01
8.105950519812910215e+01
8.157721568171399440e+01
7.993394755412028019e+01
8.115422750138976937e+01
