6.727300476800104434e+01
6.639293940576654052e+01
6.541565995993886418e+01
6.549451017160278354e+01
6.561612924436154515e+01
6.497969792687820245e+01
6.601488884706247973e+01
6.579417428064692785e+01
6.545702649706399257e+01
6.553599929668949642e+01
6.575989185092420541e+01
6.605695560483374607e+01
6.595538072197126667e+01
6.581706789227337140e+01
6.579438481183295551e+01
6.526073928389212142e+01
6.576573509314218313e+01
6.554935165657265372e+01
6.619931057180696143e+01
6.576806097175119703e+01
6.577756290232318293e+01
6.616369382311782488e+01
6.521570111432937722e+01
6.550965167561503222e+01
