-1.646235054901994399e-01
-1.685158250787591461e-01
-1.680466537418593143e-01
-1.700667480753292604e-01
-1.713295667225178676e-01
-1.692488609290921653e-01
-1.723478210612595651e-01
-1.759197583457573488e-01
-1.756228914715464717e-01
-1.756870803743945109e-01
-1.770080443187447283e-01
-1.785507255262601400e-01
-1.793895223720761156e-01
-1.807621141684774835e-01
-1.785423248403395224e-01
-1.799398038427497681e-01
-1.808746273333395604e-01
-1.798893914242711833e-01
-1.826172452379020150e-01
-1.807622941595631305e-01
-1.841666718235507039e-01
-1.848980598124190244e-01
-1.830462220643164217e-01
-1.833749407403541531e-01
