5.307889850375704555e+02
5.304141005257482675e+02
5.300886740130938506e+02
5.300575854926951251e+02
5.302337844911160118e+02
5.297176346572122156e+02
5.304433520883901565e+02
5.300982350087505210e+02
5.296617822829081206e+02
5.296405675222207492e+02
5.301882087138861834e+02
5.303523934588959037e+02
5.304216460371843596e+02
5.301831780559618892e+02
5.301918021833397461e+02
5.296427471677412768e+02
5.302238494412546288e+02
5.297347201381913919e+02
5.303486920196122583e+02
5.300307607848732232e+02
5.301312802824396613e+02
5.303605866598510374e+02
5.296490295715966568e+02
5.302332361727817442e+02
