4.984633015035668677e+02
4.982450783819393791e+02
4.980776842701445162e+02
4.981155704263449593e+02
4.981179672211914067e+02
4.978582815068041896e+02
4.982076625600321336e+02
4.978959040831541074e+02
4.977268018448432372e+02
4.977202471753269037e+02
4.979780996659162042e+02
4.979487118067569895e+02
4.980267864858292910e+02
4.979119235002218602e+02
4.979322309068566028e+02
4.975094185613216382e+02
4.977662273069272487e+02
4.975697500542614193e+02
4.978885882062724590e+02
4.977267112601456347e+02
4.977470418675926567e+02
4.978992223365826248e+02
4.975384531233129337e+02
4.977899436240334126e+02
