5.638586590730774333e+02
5.636149042553020081e+02
5.632117967197067401e+02
5.633102309655656654e+02
5.635714877295968108e+02
5.631249509973413296e+02
5.638829958914127474e+02
5.638160053529077231e+02
5.633731051642024568e+02
5.633281761616323138e+02
5.639160355146370875e+02
5.641400849862013729e+02
5.642715077215259498e+02
5.640062690433846910e+02
5.640700164625118305e+02
5.637406535256778852e+02
5.642210231911932397e+02
5.637637447418661623e+02
5.644189311191845491e+02
5.640911887815068440e+02
5.643709370957172951e+02
5.645076624583791727e+02
5.638251949585077227e+02
5.643997527768042346e+02
