3.667621038452709320e-09
3.666818123447288707e-09
3.666202105996539417e-09
3.666341537724581864e-09
3.666350358426497553e-09
3.665394537720003878e-09
3.666680440612441934e-09
3.665533029923309926e-09
3.664910507751210978e-09
3.664886375680981226e-09
3.665835581307421810e-09
3.665727411240000150e-09
3.666014779463635859e-09
3.665591997299415123e-09
3.665666747375433275e-09
3.664110091453457525e-09
3.665055655579824180e-09
3.664332252604997505e-09
3.665506099909786120e-09
3.664910174250157432e-09
3.664985023647966509e-09
3.665545244471751953e-09
3.664217008303174328e-09
3.665142966230929016e-09
