3.784676916627473526e-09
3.783340163787341329e-09
3.782179383844152316e-09
3.782068474018374303e-09
3.782697029598454665e-09
3.780855470387581260e-09
3.783444485190114579e-09
3.782213492512549476e-09
3.780656142191078008e-09
3.780580427347072792e-09
3.782534456911689110e-09
3.783120085159546935e-09
3.783367074021174675e-09
3.782516511697363292e-09
3.782547275377635135e-09
3.780588206506393748e-09
3.782661591023299857e-09
3.780916443639294502e-09
3.783106883546899529e-09
3.781972772939711031e-09
3.782331378523102571e-09
3.783149306997486720e-09
3.780610628329046722e-09
3.782695073741687743e-09
