3.900793745286041707e-09
3.899950502004524267e-09
3.898555595107132865e-09
3.898896261457068449e-09
3.899800288125432093e-09
3.898255010201445404e-09
3.900877925854063193e-09
3.900646202538530649e-09
3.899113844171311289e-09
3.898958363915708081e-09
3.900992206343091081e-09
3.901767080961708800e-09
3.902221534611602830e-09
3.901304297319633604e-09
3.901524765660934282e-09
3.900385540694108754e-09
3.902046967736176782e-09
3.900465421152361175e-09
3.902731254825443934e-09
3.901597986670181332e-09
3.902565321555765778e-09
3.903038013637595217e-09
3.900677990616366765e-09
3.902664948977145026e-09
