6.727717085575014266e+01
6.639329589646018803e+01
6.541608070997162372e+01
6.549467848509659973e+01
6.561523733918029677e+01
6.497715358031223332e+01
6.601430743225868980e+01
6.579206582954959970e+01
6.545576483224938613e+01
6.553709077367663838e+01
6.575727778450833227e+01
6.605583107071714721e+01
6.595654903068809460e+01
6.582016390836123776e+01
6.579052814337514121e+01
6.526123418205541782e+01
6.576387692288800224e+01
6.555191670811080940e+01
6.620170493552721780e+01
6.576558616266518698e+01
6.577887860957791588e+01
6.616411050201938338e+01
6.521490047937464851e+01
6.551030440142059774e+01
