8.141304702443046892e+01
8.046475404986085778e+01
7.917157891762448685e+01
7.931430063183009338e+01
8.005510131913571570e+01
7.855613472878083314e+01
8.034593830923854796e+01
8.042372501891563275e+01
7.942151755719844175e+01
7.945999143920401764e+01
8.068002698460145439e+01
8.092715442891250177e+01
8.125354645852353030e+01
8.084065335914786488e+01
8.070772218144504961e+01
7.967316482019346324e+01
8.115949105290883381e+01
8.021175347815075440e+01
8.162477156369405407e+01
8.061459531257990818e+01
8.106615896416354872e+01
8.157692079235957294e+01
7.993518242705701482e+01
8.115323940519894563e+01
