1.440994111967380320e+02
1.431597406757127828e+02
1.418452304490664062e+02
1.419717115697171721e+02
1.427606530963826685e+02
1.412325854609916576e+02
1.430394880538491407e+02
1.435559345434612339e+02
1.426025363662918721e+02
1.428160104757031093e+02
1.439226280320487490e+02
1.441456413183688312e+02
1.448387719793625195e+02
1.443561271052987820e+02
1.442218698993965234e+02
1.432348258275736157e+02
1.447450660219386691e+02
1.435621156558860889e+02
1.453337738138945952e+02
1.441023706572164258e+02
1.447184237795687807e+02
1.450872746681660601e+02
1.434920198262706776e+02
1.446425926037809973e+02
