-1.892089745964242453e-01
-1.888470755348047592e-01
-1.860830734490183380e-01
-1.872099933224879720e-01
-1.890435844283011313e-01
-1.869921572622852690e-01
-1.909272266759881875e-01
-1.945305621331719637e-01
-1.940263546613499035e-01
-1.947177242049964452e-01
-1.966710883457890302e-01
-1.984885337754018486e-01
-1.994609915029593450e-01
-2.005033334353687746e-01
-1.997603742409780059e-01
-1.995515779896694375e-01
-2.017800112540856228e-01
-2.004731926274342935e-01
-2.036002531460830989e-01
-2.013354512415465869e-01
-2.041237940219851055e-01
-2.047117061196464249e-01
-2.022563840754819375e-01
-2.038601138675074920e-01
