3.463206903270025805e+01
3.344053154208392442e+01
3.261056727975951475e+01
3.170652226118452077e+01
3.053164495975782700e+01
2.960302019303965793e+01
2.886168155731368046e+01
2.827443850227756528e+01
2.720953329845689339e+01
2.620314731513107986e+01
2.523657229162718352e+01
2.435880026947503296e+01
2.355123364203081238e+01
2.273770278715883109e+01
2.188988506114371191e+01
2.111458822532648938e+01
2.045654810730790629e+01
1.979249283023240480e+01
1.931562526007002845e+01
1.868900967338633023e+01
1.818004396624179364e+01
1.755964318901224530e+01
1.715549218475755211e+01
1.671355327781287770e+01
