5.053611426246265523e+02
5.054510062207784813e+02
5.054429591620577753e+02
5.055088667678264756e+02
5.056167390921429501e+02
5.056960534711008677e+02
5.057529782935400817e+02
5.058733371616845602e+02
5.059432871367494613e+02
5.060143882660129293e+02
5.061282718681369488e+02
5.061997102522235537e+02
5.063146626029886761e+02
5.063844590115426172e+02
5.065194413945111478e+02
5.066494119791414619e+02
5.067779290214308503e+02
5.068397656264880311e+02
5.070052151501263893e+02
5.070711466200929181e+02
5.071811363239099819e+02
5.072550833451333006e+02
5.072552892400291853e+02
5.073281882878595184e+02
