4.695332607767253421e+02
4.699993713203031120e+02
4.699999877407590816e+02
4.699999999950072151e+02
4.699999999997630198e+02
4.600499999999988177e+02
4.698300992954665958e+02
4.698300992954661979e+02
4.698300992954655158e+02
4.699889785364420050e+02
4.699998267130123963e+02
4.699999981984353212e+02
4.699999981984317401e+02
4.699999999751251494e+02
4.699999999993677875e+02
4.699999999990982928e+02
4.699999999999973852e+02
4.699999999983578505e+02
4.699999999999726583e+02
4.699999999529919137e+02
4.699999999999795932e+02
4.699999999983626822e+02
4.699999999963295636e+02
4.691374112848260438e+02
