6.086714127578054771e-13
5.037100575936994839e-13
5.508168656215798552e-14
5.980400039053813811e-12
5.996438740530574257e-14
3.439075449109152655e-13
6.879299303396456687e-13
1.707760428864000302e-11
1.015543789388890984e-13
4.746067489286940298e-12
1.000591153984599857e-13
2.188855878930170226e-12
1.370317624457036559e-13
5.155495830018171973e-13
1.683246875468834183e-13
3.452857042273920230e-13
1.513682160075740765e-14
1.965773795676609298e-13
4.743468928707377984e-15
1.434978348852291668e-18
1.640177156965074563e-14
2.994132442193326748e-12
1.014186716632569161e-12
3.543666511839576647e-12
