9.999999999999988631e+01
9.999999999999613465e+01
9.999999999999964473e+01
9.999999999933156403e+01
9.999999999989734079e+01
9.999999999999717204e+01
9.999999999989240962e+01
9.999999999571473097e+01
9.999999999969047337e+01
9.999999999996822453e+01
9.999999999998533440e+01
9.999999999964670394e+01
9.999999999956229146e+01
9.999999999998644284e+01
9.999999999992893152e+01
9.999999999998081535e+01
9.999999999999921840e+01
9.999999999998955502e+01
9.999999999996616395e+01
9.999999999964114750e+01
9.999999999999982947e+01
9.999999999995957012e+01
9.999999999999748468e+01
9.999999999995013411e+01
