5.399999999999854481e+02
5.399999999997571649e+02
5.399999999999747615e+02
5.399999999995823146e+02
5.399999999999998863e+02
5.399999999998633484e+02
5.399999999999847660e+02
5.399999999999995453e+02
5.399999999999998863e+02
5.399999999993922302e+02
5.399999999999998863e+02
5.399999999987261390e+02
5.399999999999998863e+02
5.399999999999960210e+02
5.399999999999996589e+02
5.399999999999996589e+02
5.399999999999964757e+02
5.399999999999988631e+02
5.399999999999992042e+02
5.399999999999998863e+02
5.399999999999960210e+02
5.399999999975386800e+02
5.399999999995307007e+02
5.399999999968845259e+02
