5.976166466406701261e+01
1.000491830147559380e+00
5.992930853879065012e+01
5.999728835656824089e+01
1.294986441782839393e+00
5.976287527237524699e+01
5.999595098911503044e+01
5.999595098911503044e+01
5.999595098911503044e+01
5.999982316792676329e+01
5.999999721972508127e+01
5.999999984326667146e+01
5.999999984326667146e+01
5.999999998933330403e+01
5.999999999985652011e+01
5.999999999991398170e+01
5.999999999999944578e+01
5.999999999976885334e+01
8.193646885525119217e+00
8.193646885525119217e+00
1.911695508758221251e+00
1.095178623223402870e+00
5.856666030922973931e+01
5.869029856734485406e+01
