4.734483015124855143e+01
4.666107884294292774e+01
4.639792050957932901e+01
4.593085059812259630e+01
4.528652934678493125e+01
4.473119593566435270e+01
4.428860913469191729e+01
4.405790045400981114e+01
4.329546403787291808e+01
4.255255274118214004e+01
4.193252909571825882e+01
4.129774046237118768e+01
4.072552471171807298e+01
4.005885423538882151e+01
3.942928805225035660e+01
3.886025620626278254e+01
3.840448166488538106e+01
3.778104569370366050e+01
3.747262483462117189e+01
3.691053507859448501e+01
3.650726908816892546e+01
3.593809668317278039e+01
3.558669352345333436e+01
3.512942421989892949e+01
