7.926009292015415042e+01
7.936825892199543375e+01
7.938048477512049317e+01
7.938204988882839075e+01
7.924624524488746147e+01
7.918630711446860460e+01
7.917528703767408160e+01
7.924757259381576091e+01
7.910196281803261797e+01
7.893245426074859949e+01
7.883542097131824278e+01
7.873060288913038107e+01
7.868556565768393796e+01
7.858166049169297196e+01
7.851433346079336673e+01
7.846361175976110758e+01
7.848530361474931283e+01
7.842904365518360521e+01
7.847051987337087553e+01
7.841767594439183142e+01
7.840582585375868518e+01
7.836215499523221695e+01
7.827306908794697904e+01
7.821810469887557815e+01
