2.264003243816500865e-02
3.096076729985560924e-02
3.637469391487816589e-02
4.162009052955646660e-02
4.736851490612641047e-02
5.240906411117039060e-02
5.660351841039179543e-02
6.015159811756622815e-02
6.509747818550959408e-02
6.956074550030397208e-02
7.392370073727026758e-02
7.788415388034837517e-02
8.184098673961807957e-02
8.543413248647190039e-02
8.920688999816872577e-02
9.267636402944121055e-02
9.622707009780943899e-02
9.955849290850139754e-02
1.018631749184253921e-01
1.048358589217889131e-01
1.072390840561517761e-01
1.099685278763379154e-01
1.116524678961124534e-01
1.134576163681231958e-01
