4.244155465760085355e-36
2.076539573895398042e-27
4.040880192120150018e-31
4.785059080174720377e-25
9.964195737749410405e-24
2.099681243473492168e-12
2.351826575339518027e-23
5.437644125060963086e-20
1.818808558198183187e-12
7.445331824600651653e-23
9.075788173384975185e-30
1.508135752976454810e-21
6.262433418842048439e-13
4.403887213068289518e-23
7.545154493037635146e-28
5.746381530396536930e-31
4.017808438140622078e-29
1.556973754878815380e-12
8.189762551008960189e-21
8.565837777349276761e-19
5.486977361154799628e-15
8.482871437014120554e-14
2.796450132058867846e-14
6.722270654838312854e-16
