9.747738165228120977e+01
9.742720407940524296e+01
9.606668999247870033e+01
9.453265976670816428e+01
9.501149868214945116e+01
9.417148270638375607e+01
9.339105123132179642e+01
9.296283917561271437e+01
9.262160109813089548e+01
9.222102249455333833e+01
9.257339464699852272e+01
9.202798228397654157e+01
9.149206357789374522e+01
9.183746974374798810e+01
9.133470095793158805e+01
9.178100019614679184e+01
9.161035834782306608e+01
9.078734436112314654e+01
9.075791032235811429e+01
9.052654233683891505e+01
9.129936202946325352e+01
9.116640814522406799e+01
9.112558280745500383e+01
9.105117065816752131e+01
