1.813356567297153958e+02
1.806523228639660203e+02
1.801877701340342526e+02
1.798899477650023755e+02
1.797936318448322481e+02
1.800664945079869597e+02
1.799690876998727447e+02
1.799299320302893079e+02
1.802704145245185146e+02
1.799725764002001824e+02
1.800744794579187555e+02
1.800349088278444754e+02
1.802419915784847717e+02
1.803608561656645577e+02
1.807602649182537391e+02
1.805161423993584435e+02
1.804212642397891102e+02
1.806479316459822257e+02
1.805180495953483444e+02
1.802388546705187196e+02
1.799943753970303533e+02
1.801329650620495499e+02
1.799489782921098140e+02
1.803261952937081674e+02
