4.606948363957488368e+02
4.630752288237512175e+02
4.576145664916426767e+02
4.584401630896936695e+02
4.550341933582517981e+02
4.744623801436063104e+02
4.749766139760900501e+02
4.550272395068621449e+02
4.747083025350257799e+02
4.632819763407813412e+02
4.749991731293345651e+02
4.592294777327834936e+02
4.677446900504251630e+02
4.642153308029668892e+02
4.707328712736706962e+02
4.700941872218098183e+02
4.749151683574245340e+02
4.550771179658536312e+02
4.704877802255238066e+02
4.749598483206880246e+02
4.745974946591148864e+02
4.550115530530546266e+02
4.723729293842763468e+02
4.561283066153812342e+02
