5.754747205805495014e+02
5.756983802810784709e+02
5.755678743197925087e+02
5.754208316952215228e+02
5.756310543386690597e+02
5.756056318501857731e+02
5.755599642526690332e+02
5.755722937654469433e+02
5.755577504753122184e+02
5.755811309502781796e+02
5.757462595978429363e+02
5.757066169620297842e+02
5.756931741032070704e+02
5.758150347337746098e+02
5.757384328480882232e+02
5.759120298822608675e+02
5.759383866991970535e+02
5.757919973261119821e+02
5.757939232147058419e+02
5.758151905486708984e+02
5.759907947470633189e+02
5.759970937622779275e+02
5.760243056761247544e+02
5.760373613550049186e+02
