5.268456253789622679e+02
5.269184055051363202e+02
5.268286130332772927e+02
5.267313541522595415e+02
5.268505709983859333e+02
5.268283806144054324e+02
5.268010281701465374e+02
5.268221330365339554e+02
5.268132804940419192e+02
5.268336780614326926e+02
5.269213246684593059e+02
5.269192933241700985e+02
5.268830092397188309e+02
5.269886759212371317e+02
5.269855756870829282e+02
5.270677930674119125e+02
5.270864358610754152e+02
5.270050207086935643e+02
5.270395082233940229e+02
5.270458961198781935e+02
5.272038612696559312e+02
5.272007494969481058e+02
5.272470762099598005e+02
5.272409257401591276e+02
