1.452773691594562155e+00
5.970500000000006224e+01
5.968045443369786796e+01
5.970500000000000540e+01
2.430507223173620801e+01
5.970499999999999829e+01
1.009925743678316667e+00
1.814048021039778646e+01
1.295000000000001705e+00
5.970499999999998408e+01
4.442606233313993869e+01
5.970500000000000540e+01
5.970499999999999119e+01
5.970499999999999119e+01
1.294999999999876916e+00
5.970500000000003382e+01
5.999278814606937260e+01
5.976726786316911699e+01
1.295000000000007701e+00
2.464936502954142838e+01
1.025849416411375614e+00
1.000766262529909634e+00
1.294999999999994600e+00
1.183757030126614262e+00
