8.386024719110920955e+01
8.430939616703139450e+01
8.409685356188671790e+01
8.377419986674514973e+01
8.430585117289921016e+01
8.417660766520185689e+01
8.410381749322677081e+01
8.401921783255455978e+01
8.409283814624967590e+01
8.403387857336444711e+01
8.429329466402812443e+01
8.423432682064965604e+01
8.397916209046996983e+01
8.431129808224635269e+01
8.419060119110055496e+01
8.441023572482937709e+01
8.445207175760461382e+01
8.412860752333322978e+01
8.419031374225043862e+01
8.413080904052766584e+01
8.457234895140885556e+01
8.454538282486795708e+01
8.460080535098693133e+01
8.459479607206282026e+01
