1.588973850992299788e+02
1.594989477853644075e+02
1.592220298891801349e+02
1.587257331146237220e+02
1.594025659260221062e+02
1.591962348522156105e+02
1.591043386536394166e+02
1.589780396939811453e+02
1.589905959800051960e+02
1.588818997277721792e+02
1.593358522325106890e+02
1.590717304912311647e+02
1.588758669125861900e+02
1.593661988474684392e+02
1.591489382016395666e+02
1.594012830030403904e+02
1.595140067682522726e+02
1.590768963222027992e+02
1.590890226245738859e+02
1.589016015990985409e+02
1.595398910484530859e+02
1.594933744154400870e+02
1.595184540370290733e+02
1.595394924216526249e+02
