-2.900223281859951596e-01
-2.817830969616662018e-01
-2.728332135203356268e-01
-2.644650446832347290e-01
-2.616311111290372526e-01
-2.577533861560974970e-01
-2.526160195574139733e-01
-2.503171616726018733e-01
-2.483316981256065703e-01
-2.451272614126934479e-01
-2.446882588981135753e-01
-2.417891453537933111e-01
-2.406961691480322962e-01
-2.400216490917985168e-01
-2.393912663651279193e-01
-2.391930769573573645e-01
-2.370646528930223929e-01
-2.354195756929787497e-01
-2.345381515596481337e-01
-2.327049370593833877e-01
-2.329844995423381582e-01
-2.326040060252152764e-01
-2.314170402074003652e-01
-2.319244592476277511e-01
