8.530160278539713481e-01
5.071407040509675612e-01
4.271584539187804896e-01
6.576660408277420489e-01
6.229341500028826584e-01
5.337031571202666136e-01
3.990150518775448796e-01
4.130011776902332010e-01
3.581122239108950889e-01
3.437032539731047498e-01
3.152630180650107250e-01
2.582313704747016825e-01
2.443203651583964187e-01
2.390104038342173720e-01
1.979766118256600371e-01
1.857226947414972462e-01
2.037452056927755162e-01
1.964706860374054176e-01
1.705191474532619100e-01
1.698473013033379164e-01
1.419205370241710118e-01
1.400568086206581964e-01
1.621551063151602801e-01
1.265026127169783243e-01
1.390511862271218979e-01
1.361148373052955274e-01
1.050541613015037457e-01
1.191343657445095849e-01
1.258344866034719900e-01
9.394305456964381629e-02
1.413162871705905266e-01
1.077735147208692540e-01
7.723485435032832747e-02
5.458502202395627140e-02
2.359378883882880598e-02
4.802461473052185154e-02
4.545235957346644567e-02
1.033432046171824277e-02
1.560881244117033780e-02
2.986900260924261682e-02
1.171371607767760642e-02
1.324137086986275635e-01
1.024633309274483317e-01
9.730452725080079857e-02
1.344076924417435814e-01
1.063291940513003547e-01
1.119603344207373979e-01
8.874000489860997543e-02
7.437097960439656430e-02
7.118564217057393728e-02
8.731297616019537133e-02
1.012909805438418354e-01
8.030547806352325568e-02
9.355566652488597756e-02
8.036187515162408757e-02
6.694788979175264609e-02
4.141651713804440221e-02
5.048300390655059700e-02
5.894285418431845919e-02
7.154321889139263202e-02
5.500240685858723277e-02
6.402575282021485958e-02
3.219454568665543193e-02
2.248325504754791412e-02
4.208614108285737426e-03
1.180577644866977020e-02
1.039362096450244244e-02
1.641289585047172803e-02
5.058390461994002885e-02
5.721940835900120315e-02
2.849100431906926092e-02
4.534993935376859658e-02
2.858061373147874340e-02
4.294348910661810459e-02
2.123964640816348309e-02
5.156618997393774134e-02
3.113448073592988558e-02
2.164106704964107591e-02
1.562873760177468235e-02
2.450934685411532490e-02
2.160223087655868679e-02
1.241885008494131824e-02
3.811284847903637085e-02
2.206022122561853219e-02
