5.009329662390275928e+01
4.811616721960503185e+01
4.844664842106975300e+01
5.284453075510477049e+01
5.459385105484348344e+01
5.729708718849349935e+01
5.933518846254119694e+01
5.964577406907673662e+01
6.157755540972527797e+01
6.568949017526709611e+01
6.844941258606594658e+01
6.922154665630188219e+01
6.977085749961801753e+01
7.170224727832224687e+01
7.263023047056154269e+01
7.249668382190581895e+01
7.242723347909219456e+01
7.164339832400875707e+01
7.429662251102679704e+01
7.218442276114561196e+01
7.472819686727574151e+01
7.252416388485966081e+01
7.415831558891193254e+01
7.486358657890420432e+01
7.412087575591836242e+01
7.241864231698873766e+01
7.479320964400342575e+01
7.362105637384080126e+01
7.431055896422842011e+01
7.283614986067047425e+01
7.276821661251581475e+01
7.412036741660350003e+01
7.388621925331351292e+01
7.203149855463756523e+01
7.405890625103599234e+01
7.411786465698898496e+01
7.537437170205376447e+01
7.457399497273017630e+01
7.584424775461151569e+01
7.523905987900961634e+01
7.669600854221705788e+01
7.313839111283421346e+01
7.465542317696863961e+01
7.350091397494148282e+01
7.222111300206618978e+01
7.506564031466930942e+01
7.365030796798752988e+01
7.188306758698224996e+01
7.229952546299125515e+01
7.391450482692684432e+01
7.313673435378196075e+01
7.298470884641113798e+01
7.236856730199811238e+01
7.271078322588256526e+01
7.235649094610994325e+01
7.223955141533362223e+01
7.280815408521097254e+01
7.000968508956438541e+01
7.144746628581033576e+01
7.250863239882639277e+01
7.077969698288399059e+01
6.899119255810896334e+01
6.894690526121640062e+01
7.056571533168305166e+01
7.021275354076229291e+01
6.948141176340129732e+01
6.881577147560801677e+01
7.085193250526329223e+01
7.013663804161548398e+01
7.056312198276015124e+01
6.897109872589300039e+01
6.943205428845412541e+01
7.126225794071196162e+01
6.925883621176433280e+01
6.902949227743066274e+01
7.121921183619713247e+01
6.608842797423905324e+01
6.995135387149751693e+01
6.550058957175835417e+01
6.673107603692984924e+01
6.874159636706403376e+01
6.917717234381628089e+01
6.704953005401567623e+01
6.935970143563973522e+01
