1.131012678770051565e+02
1.174015671002594701e+02
1.164364880838437273e+02
1.087598796940305448e+02
1.065751418949758147e+02
1.030963821153508349e+02
9.999859841519813131e+01
9.928876308471213008e+01
9.707656238335701460e+01
9.173572073569596341e+01
8.748372688274368159e+01
8.721039650741737148e+01
8.551087996529493296e+01
8.316814920779259523e+01
8.110542488994927623e+01
8.001335272650418062e+01
7.945672246497683489e+01
7.874721253415742694e+01
7.528757004574994482e+01
7.693121658475020297e+01
7.455283563752536224e+01
7.567469880994916309e+01
7.486585437192302095e+01
7.323187558469506087e+01
7.277482686942160228e+01
7.470799570981819215e+01
6.929236402961112162e+01
7.269910564603995340e+01
7.132023987537296250e+01
7.277545587880607059e+01
7.240549485074483016e+01
7.055754685197724996e+01
6.937719438646728065e+01
7.235215877052455369e+01
6.965811632189226543e+01
7.133879528317376639e+01
6.960686321559768430e+01
7.026686522644567390e+01
6.974701486236702408e+01
7.010054657763370756e+01
6.600418195802188848e+01
7.192602354808089160e+01
7.015328773716835542e+01
7.156599482441008320e+01
7.210343843949843290e+01
7.066567529601690012e+01
6.996927170510630845e+01
7.272377322281852230e+01
7.185829043587071396e+01
7.105551024010163985e+01
7.172707280197330704e+01
7.057081275568093304e+01
7.299354701601150452e+01
7.121224878917804801e+01
7.293857670159842144e+01
7.335958289423589918e+01
7.196104869686620020e+01
7.382401481647828234e+01
7.347175101938456976e+01
7.138503353009417651e+01
7.263576407310927152e+01
7.381417013610632694e+01
7.616310799477354010e+01
7.401726130074166576e+01
7.405434071687538733e+01
7.621619312911786892e+01
7.478592280833615291e+01
7.346419498217467492e+01
7.334668368346119394e+01
7.252148084785883952e+01
7.533894629659094733e+01
7.391551494540694023e+01
7.245841741026208638e+01
7.489339639448243702e+01
7.434351370708404261e+01
7.293366369683067774e+01
7.787361889990329189e+01
7.516836195059451597e+01
7.903331521003011062e+01
7.672946091136589075e+01
7.538467913190066838e+01
7.407715120811661791e+01
7.625666874573853704e+01
7.361490100830258143e+01
