8.499818696585221822e-01
5.356619720075376234e-01
4.794798840114173344e-01
5.905613314525473001e-01
5.509152604510805240e-01
4.912147031086268045e-01
4.213666834777785586e-01
3.804514012289768599e-01
3.591846192022649098e-01
3.451474711965030195e-01
3.471368707599393755e-01
3.216566575107663861e-01
2.717215233720209899e-01
2.493920042629030331e-01
2.301598977015142100e-01
2.012784690176194768e-01
2.072943130388884003e-01
2.278791436618633759e-01
1.845557169266482389e-01
1.926211728880894425e-01
1.823125714604855174e-01
1.849513596975272400e-01
1.827086313630295056e-01
1.655850190128887456e-01
1.708139441330208397e-01
1.597394632257211622e-01
1.558089540993804478e-01
1.582308521128905077e-01
1.562163060399024139e-01
1.521338702342458771e-01
1.548100008285441809e-01
1.330432557025953422e-01
1.305205400006746730e-01
9.448592570351793674e-02
9.016567409862387417e-02
7.370178315346223585e-02
7.202767039428902007e-02
6.734539158463281883e-02
6.286795449960390358e-02
6.605606835915106556e-02
6.841252755059512580e-02
1.407228744859555791e-01
1.453220108560836499e-01
1.252717916577531232e-01
1.259154261414625608e-01
1.261276798606785765e-01
1.102373305610338944e-01
1.153157603775941814e-01
1.097843285936299235e-01
1.239139275163194248e-01
1.012547749412983089e-01
9.127393455343507656e-02
9.469628706822599828e-02
9.230135742782970276e-02
9.596755296829084791e-02
0.000000000000000000e+00
0.000000000000000000e+00
0.000000000000000000e+00
0.000000000000000000e+00
0.000000000000000000e+00
0.000000000000000000e+00
0.000000000000000000e+00
0.000000000000000000e+00
0.000000000000000000e+00
0.000000000000000000e+00
0.000000000000000000e+00
0.000000000000000000e+00
0.000000000000000000e+00
0.000000000000000000e+00
0.000000000000000000e+00
0.000000000000000000e+00
0.000000000000000000e+00
0.000000000000000000e+00
0.000000000000000000e+00
0.000000000000000000e+00
0.000000000000000000e+00
0.000000000000000000e+00
0.000000000000000000e+00
0.000000000000000000e+00
0.000000000000000000e+00
0.000000000000000000e+00
0.000000000000000000e+00
0.000000000000000000e+00
0.000000000000000000e+00
