1.126990568360341456e+02
1.185460058788303428e+02
1.198649259260142230e+02
1.182250480115413893e+02
1.176970467004014438e+02
1.171811601122916073e+02
1.160174000259976452e+02
1.154334969158807951e+02
1.125359697916012180e+02
1.102600068902761876e+02
1.080467609555931432e+02
1.054010915652181808e+02
1.025424852250243504e+02
1.013285363288609346e+02
9.820777427579382390e+01
9.778296139212380922e+01
9.635844996628236458e+01
9.480565845714372131e+01
9.316087051846375289e+01
9.294336064142483167e+01
8.983085916787571534e+01
8.872316075462472895e+01
8.816163754273271991e+01
8.533172669762140572e+01
8.384892018290483406e+01
8.222714318544508671e+01
8.089288466453425031e+01
8.082493336131855699e+01
7.885523337073001926e+01
7.915529939667516146e+01
7.760507814614528854e+01
7.657689379656821416e+01
7.492854667227626919e+01
7.176461951932708416e+01
6.918437026482003205e+01
6.556188091282565722e+01
6.605460327309728541e+01
6.346253142913676726e+01
6.357699333057489355e+01
6.322402470360400883e+01
6.249551838717863461e+01
6.616683765169109677e+01
6.453495846357712651e+01
6.410922185449190636e+01
6.304995810707448101e+01
6.179873933894560878e+01
6.160430562780247499e+01
6.176051925391771391e+01
6.037412590395679501e+01
6.077940039309726927e+01
6.086528842427570396e+01
5.989627131476483868e+01
5.907325406439246507e+01
5.950540994702009101e+01
6.003408884614873386e+01
5.700479241764953997e+01
5.629211804035482203e+01
5.678026015061497844e+01
5.637980158304495149e+01
5.609781550172333908e+01
5.618541931395466094e+01
5.629831704923572033e+01
5.581180838537962074e+01
5.574698782065750891e+01
5.576487152194911090e+01
5.501960804571704955e+01
5.476927098019571361e+01
5.449188530474381764e+01
5.407139099845160501e+01
5.332383526635577198e+01
5.285282518401332652e+01
5.279239492045803672e+01
5.209165551456742804e+01
5.201897193701314137e+01
5.114676065946369476e+01
5.103812125917086462e+01
4.999837191606275866e+01
5.013729735099872187e+01
4.990907056931176555e+01
4.898996140908348451e+01
4.878986229378040207e+01
4.847403359931083600e+01
4.835363035021217115e+01
4.736332858581525329e+01
