4.991516204388823041e+01
4.906670390368358170e+01
4.910510269912165882e+01
4.994019142324764005e+01
5.124747290060852123e+01
5.252543162078735861e+01
5.446278823327730834e+01
5.558668683921553821e+01
5.807168950086843040e+01
5.992752706140041141e+01
6.167883467486195315e+01
6.401540709116613925e+01
6.674261169380487502e+01
6.817581791738730601e+01
7.057279394964911035e+01
7.147259841147861437e+01
7.236792212383539891e+01
7.355882458389255873e+01
7.552213407140057200e+01
7.569181466372313594e+01
7.789260778615097536e+01
7.892867171243891278e+01
7.949747360922643225e+01
8.171022498683862523e+01
8.288520242820771955e+01
8.397343428545966049e+01
8.504240764707037670e+01
8.488634978422508937e+01
8.644237556009903756e+01
8.617630529239498571e+01
8.717915415148870295e+01
8.792582482075378891e+01
8.960615210983871748e+01
9.374720176636206759e+01
9.593241159239293836e+01
9.918375034486490449e+01
9.844918063274086251e+01
9.999999999999866418e+01
9.999999999999998579e+01
9.999999999999998579e+01
9.999999999999998579e+01
9.009872160852243894e+01
9.154081893033401229e+01
9.227232700634928619e+01
9.266516121084131896e+01
9.423469743462207759e+01
9.421359407054850976e+01
9.423435496350441554e+01
9.552814551133495513e+01
9.472237219328985702e+01
9.516485204975474232e+01
9.624900432230346325e+01
9.663641825569460764e+01
9.633180505074042799e+01
9.631006489910399182e+01
9.937999716177456833e+01
9.999999999996394706e+01
9.999999999999997158e+01
9.999999999999957367e+01
9.999999999999970157e+01
9.999999999979543475e+01
9.999999999876123979e+01
9.999999999998378541e+01
9.999999999999772626e+01
9.999999999997643840e+01
9.999999999903840830e+01
9.999999999999457145e+01
9.999999999948310858e+01
9.999999999999646150e+01
9.999999999999988631e+01
9.999999999999666045e+01
9.999999999999953104e+01
9.999999999999998579e+01
9.999999999999977263e+01
9.999999999999988631e+01
9.999999999999998579e+01
9.999999999999998579e+01
9.999999999999994316e+01
9.999999999999990052e+01
9.999999999999998579e+01
9.999999999999998579e+01
9.999999999999998579e+01
9.999999999995416999e+01
9.999999999999617728e+01
