5.015527378829703480e+02
5.020802136219265321e+02
5.023408245778998662e+02
5.021711151302344547e+02
5.024317535750929551e+02
5.027638498667683393e+02
5.031789555635518809e+02
5.034803316626075116e+02
5.038723523845812906e+02
5.041700363217209997e+02
5.044879113951300269e+02
5.048293474888207584e+02
5.053240091804958070e+02
5.056073958075701285e+02
5.059478093766355755e+02
5.061789280768847448e+02
5.063458181007155190e+02
5.064926893591039061e+02
5.067820493809268214e+02
5.068875283992763343e+02
5.072296548348565466e+02
5.073719738826521848e+02
5.075133905159077017e+02
5.078559949625192758e+02
5.080602972715063288e+02
5.082267557687024464e+02
5.083671058393698559e+02
5.083866097477418293e+02
5.086374111214926188e+02
5.086413421700526669e+02
5.087928339571571996e+02
5.089454877718209787e+02
5.091950191733668021e+02
5.098026745364704198e+02
5.101193874642166293e+02
5.105821798057220349e+02
5.105248051341641826e+02
5.107968949320254524e+02
5.108046685478012705e+02
5.108707000153513604e+02
5.108909015810339724e+02
5.102797675341691388e+02
5.105092271586329389e+02
5.106251156580246970e+02
5.107156841950128410e+02
5.109981526583874256e+02
5.110665449461995422e+02
5.110158593938590457e+02
5.111958362251561425e+02
5.111575798940552886e+02
5.112173479363462434e+02
5.114378968601340034e+02
5.115112137167967603e+02
5.114884712371572846e+02
5.114398991090126856e+02
5.119070181833532729e+02
5.120240152547474963e+02
5.119726393607946875e+02
5.120475390687516892e+02
5.120856801180061666e+02
5.120879144208569187e+02
5.120788883910535105e+02
5.120977647329131059e+02
5.120963276999656273e+02
5.121184322449072397e+02
5.121732521416327018e+02
5.122077450228998714e+02
5.121740706086628734e+02
5.122054961619654705e+02
5.123209332967064711e+02
5.122953657291685658e+02
5.123574482279406084e+02
5.124630498652364849e+02
5.124384428244227365e+02
5.125105521248652849e+02
5.125255547781339374e+02
5.126532729509426645e+02
5.126365271640586343e+02
5.126697840177419039e+02
5.127559994817742108e+02
5.127920564655479438e+02
5.128306183869866572e+02
5.127736112355405567e+02
5.129359653454531554e+02
