4.653240493438174781e+02
4.648949567052720226e+02
4.646799804131815108e+02
4.646203713517347751e+02
4.644495280072412129e+02
4.642480895974013038e+02
4.638854082259643405e+02
4.637399436016614231e+02
4.635605241316035290e+02
4.633774064493425726e+02
4.634573088764453814e+02
4.632644198818824179e+02
4.629162694490704553e+02
4.627847657238427246e+02
4.626824317122828347e+02
4.626303536461350063e+02
4.625298757369517944e+02
4.628504952229456535e+02
4.622516463948164187e+02
4.624422262044901686e+02
4.624460900870805631e+02
4.623103235607223382e+02
4.623524507238296906e+02
4.623627199553286573e+02
4.621908186961109664e+02
4.623204199591405654e+02
4.622345428545418144e+02
4.623281142799162922e+02
4.621576726373597239e+02
4.621293212241502033e+02
4.621489851853330038e+02
4.620677885930434741e+02
4.620009871898162714e+02
4.621295399796447327e+02
4.623431058328193899e+02
4.616617503723197160e+02
4.621705337184175733e+02
4.615324279411624389e+02
4.617755407762129494e+02
4.620853135461540546e+02
4.619905694087877919e+02
4.622618418266342246e+02
4.622128958626132658e+02
4.620965183405115795e+02
4.623721754243658779e+02
4.619275931277218206e+02
4.622552989133350820e+02
4.622481022411586764e+02
4.620656834708029805e+02
4.619545229092375962e+02
4.621956043204330626e+02
4.621402421821243820e+02
4.621118118798278260e+02
4.617281650689427579e+02
4.620077400121195410e+02
0.000000000000000000e+00
0.000000000000000000e+00
0.000000000000000000e+00
0.000000000000000000e+00
0.000000000000000000e+00
0.000000000000000000e+00
0.000000000000000000e+00
0.000000000000000000e+00
0.000000000000000000e+00
0.000000000000000000e+00
0.000000000000000000e+00
0.000000000000000000e+00
0.000000000000000000e+00
0.000000000000000000e+00
0.000000000000000000e+00
0.000000000000000000e+00
0.000000000000000000e+00
0.000000000000000000e+00
0.000000000000000000e+00
0.000000000000000000e+00
0.000000000000000000e+00
0.000000000000000000e+00
0.000000000000000000e+00
0.000000000000000000e+00
0.000000000000000000e+00
0.000000000000000000e+00
0.000000000000000000e+00
0.000000000000000000e+00
0.000000000000000000e+00
