5.329747145713690770e+02
5.335537775693925369e+02
5.338485686762165869e+02
5.335699529741572178e+02
5.340449943448867316e+02
5.345970898730702174e+02
5.354159977328906734e+02
5.358722196665448791e+02
5.365825554284210739e+02
5.371695339618701155e+02
5.376949154602772296e+02
5.383559315576366089e+02
5.391776517721143591e+02
5.395892240061641587e+02
5.402943801425498123e+02
5.406054146443558466e+02
5.409317227423383656e+02
5.411708424553448822e+02
5.416933186960445710e+02
5.418043422091078583e+02
5.424472703442058901e+02
5.427500084097970330e+02
5.428901128187001177e+02
5.435253067485796237e+02
5.438134673786308895e+02
5.441801708749906084e+02
5.443911667908649861e+02
5.444106117096328035e+02
5.448665710903671879e+02
5.448074292556723321e+02
5.451045316076439349e+02
5.452920587206092478e+02
5.456822493904834346e+02
5.468855727278928498e+02
5.474495644996087549e+02
5.482743385313513045e+02
5.481358871922653861e+02
5.486796983456594035e+02
5.486207126400497600e+02
5.486468982620009456e+02
5.487571631560359720e+02
5.462626076224721601e+02
5.466706741581260758e+02
5.468474372167165711e+02
5.471356569879719700e+02
5.475123238560552181e+02
5.475804664042283321e+02
5.475042290594492442e+02
5.478886487179328242e+02
5.478631054363646626e+02
5.478808580155259733e+02
5.481620147839512356e+02
5.483835718926800382e+02
5.482943480075259686e+02
5.482811304313078153e+02
5.489967411748974655e+02
5.491448087389483135e+02
5.490930537718470532e+02
5.492138931275169398e+02
5.492770993778415232e+02
5.492951376100012340e+02
5.493275934284874893e+02
5.493739727575701863e+02
5.493538378460316380e+02
5.492545924168111924e+02
5.494366284578792374e+02
5.494012892008480549e+02
5.493677999868333472e+02
5.493860041833552259e+02
5.494153812223207751e+02
5.494179874514898074e+02
5.493670846476701399e+02
5.495674505931073099e+02
5.494458459013416132e+02
5.495659464415421098e+02
5.494737815570730390e+02
5.497540970578875204e+02
5.496734386471770222e+02
5.495884571735616646e+02
5.496789069826671721e+02
5.497978354938707071e+02
5.497718212000493168e+02
5.496660358713186270e+02
5.499143404992170190e+02
