9.063787554958051373e+01
9.232297702304502707e+01
9.275589148731614841e+01
9.313190794540763306e+01
9.319322206151417731e+01
9.317543836751907804e+01
9.295586321786890949e+01
9.292717115616416379e+01
9.244605727598079170e+01
9.188300358319264660e+01
9.135870493625034783e+01
9.079738503572843911e+01
9.026321146892937008e+01
9.012355998829781356e+01
8.925773240585347423e+01
8.929266511906836001e+01
8.874146713590118907e+01
8.866756920966652444e+01
8.840906973202065444e+01
8.824776748593431819e+01
8.737171673950359718e+01
8.703894925155799456e+01
8.690076853364314502e+01
8.617493592232331423e+01
8.574595130793051112e+01
8.509427327970229271e+01
8.495557797050238946e+01
8.470316311110133256e+01
8.411481160310205496e+01
8.407083625330734833e+01
8.348901701127915942e+01
8.307862787869633792e+01
8.288388919638090613e+01
8.190598151423670004e+01
8.111587436988517652e+01
7.987136600942334042e+01
7.970361943130723148e+01
7.848474940608305417e+01
7.842297975894977924e+01
7.806329228402182707e+01
7.749924918356964554e+01
7.718185904436892031e+01
7.678893026805594957e+01
7.667653272621839733e+01
7.598081434382957866e+01
7.567023590698092050e+01
7.549249193582959094e+01
7.560173540875396725e+01
7.501560931434480040e+01
7.495269862554881968e+01
7.503715288611421386e+01
7.488209811780110670e+01
7.441647745418892157e+01
7.447025585672987802e+01
7.460782141333832840e+01
7.379700429361506053e+01
7.344949994447878794e+01
7.377508761017784877e+01
7.347221749175325556e+01
7.328466011649122436e+01
7.334427376334950566e+01
7.312713853452237345e+01
7.279730369766099329e+01
7.262859138726908270e+01
7.270130391396213554e+01
7.216693672177002838e+01
7.208663380896480533e+01
7.161068024340312377e+01
7.134624339467542598e+01
7.100041973011205698e+01
7.030920400271966741e+01
7.042018342706334977e+01
6.997425786763754729e+01
6.981451207014042382e+01
6.890510011639406684e+01
6.904242094893662340e+01
6.812602032378369188e+01
6.822685651500493975e+01
6.784719397381964257e+01
6.711214779180757262e+01
6.694145447226422618e+01
6.666698508974873505e+01
6.623931265860284157e+01
6.559352937798000482e+01
