5.235509444759106401e+01
5.315255009316413037e+01
5.361639660836946319e+01
5.397689157080943545e+01
5.491871113021770157e+01
5.587767543675949611e+01
5.703405160916641847e+01
5.780210821608660154e+01
5.890378727079833965e+01
5.970150781210976021e+01
6.041302577422997189e+01
6.135264808576101103e+01
6.250827902947531101e+01
6.314328041831716831e+01
6.387920540096764199e+01
6.439806729835137844e+01
6.461185652472245522e+01
6.493325414463900813e+01
6.575691685122875185e+01
6.585079849468559132e+01
6.638194476091538831e+01
6.677597779465322958e+01
6.706145025615185773e+01
6.761186245894317892e+01
6.802061817414725908e+01
6.826429038954351824e+01
6.855356898569355906e+01
6.846984112649950305e+01
6.885598005371552688e+01
6.886010944501423126e+01
6.908454656746539513e+01
6.931350071703889171e+01
6.987694574650774371e+01
7.145804124248986966e+01
7.208344273545111491e+01
7.307662248105845038e+01
7.288382080659508233e+01
7.325505136714970433e+01
7.331779206507673052e+01
7.331147516069657399e+01
7.343430317396152418e+01
6.852160355797872171e+01
6.890631353205826315e+01
6.925121775037969485e+01
6.915102396064618517e+01
6.972596098926524633e+01
6.968948158016630146e+01
6.975954650856685646e+01
7.014978743706073772e+01
6.974469890137648065e+01
7.006127458484765214e+01
7.043944862693928144e+01
7.042976344770286801e+01
7.039647150278362631e+01
7.049343201245523005e+01
7.140618544320784622e+01
7.167629811820540908e+01
7.185151418699379633e+01
7.172592977562648286e+01
7.175944230723698070e+01
7.183862682516136999e+01
7.184294375007233668e+01
7.184583874764332734e+01
7.188729060225213630e+01
7.194391560702476340e+01
7.187636298326266626e+01
7.200183677762960599e+01
7.186541747454525364e+01
7.189446774429089260e+01
7.188789004011924533e+01
7.183030127202350457e+01
7.187957483784222745e+01
7.172049173627958396e+01
7.187410893349937169e+01
7.166905801506493390e+01
7.185301503814945079e+01
7.164862630487570527e+01
7.163191699143256130e+01
7.171896958278449574e+01
7.165982749160973242e+01
7.158588513351787697e+01
7.157236419910469749e+01
7.160045013450250906e+01
7.144339160911793840e+01
