1.251538683369864202e+01
1.056982243377585995e+01
1.008317881279424455e+01
1.099655022809713856e+01
1.082734551454660910e+01
1.017669943394145982e+01
9.523518092753059605e+00
9.182228652555991744e+00
8.872554509608210793e+00
8.621407816841076155e+00
8.901340985901891045e+00
8.432399321342531451e+00
7.679972963569692723e+00
7.448132535573700252e+00
6.926722945788977626e+00
6.519472544955799087e+00
6.462785427581526854e+00
6.993616163927282692e+00
6.195732818117287266e+00
6.304187133787796604e+00
6.047889804152347892e+00
6.128150251594725262e+00
6.178298225994333315e+00
5.973121121106000686e+00
6.010664452941824720e+00
5.674032057909874638e+00
5.380153097243789873e+00
5.447923389518056325e+00
5.442856248849094136e+00
5.720706840763781109e+00
5.527344654429310111e+00
5.404465749486186965e+00
5.026459357765645564e+00
4.206669962758108561e+00
4.257895128225241521e+00
3.171574390955541389e+00
3.511402280555065314e+00
3.697289526191312348e+00
2.958684757470349869e+00
2.991600127635387629e+00
3.026753130067238562e+00
5.352373358445803753e+00
5.406851428428620210e+00
5.585815406705389563e+00
5.027995356040180219e+00
4.514609556851925554e+00
4.793407415082687528e+00
4.506680542741705153e+00
4.802766565108152363e+00
4.891113390464323807e+00
4.176619712506170146e+00
4.077615881977993517e+00
3.757925196139168200e+00
4.086029720547246669e+00
3.920875249696561315e+00
0.000000000000000000e+00
0.000000000000000000e+00
0.000000000000000000e+00
0.000000000000000000e+00
0.000000000000000000e+00
0.000000000000000000e+00
0.000000000000000000e+00
0.000000000000000000e+00
0.000000000000000000e+00
0.000000000000000000e+00
0.000000000000000000e+00
0.000000000000000000e+00
0.000000000000000000e+00
0.000000000000000000e+00
0.000000000000000000e+00
0.000000000000000000e+00
0.000000000000000000e+00
0.000000000000000000e+00
0.000000000000000000e+00
0.000000000000000000e+00
0.000000000000000000e+00
0.000000000000000000e+00
0.000000000000000000e+00
0.000000000000000000e+00
0.000000000000000000e+00
0.000000000000000000e+00
0.000000000000000000e+00
0.000000000000000000e+00
0.000000000000000000e+00
