-1.896933612652773604e-01
-1.987086239776981733e-01
-2.008043500244051094e-01
-1.977648281703263400e-01
-1.989722570143321323e-01
-1.997395395435897225e-01
-2.005872835361733053e-01
-2.017079900524053337e-01
-2.001752129457933238e-01
-1.989340684862103414e-01
-1.979868525275707003e-01
-1.971271830183401741e-01
-1.963309542785921236e-01
-1.966938617929070432e-01
-1.950438729939168170e-01
-1.953443073110091022e-01
-1.938378412889679714e-01
-1.932618957641497326e-01
-1.927852263581803782e-01
-1.929798001894005577e-01
-1.907367174374982877e-01
-1.900360681644318872e-01
-1.898011100645051463e-01
-1.879053816637248353e-01
-1.868569523408951660e-01
-1.853681474251733796e-01
-1.848633244480673288e-01
-1.837940854417999814e-01
-1.827369938695175555e-01
-1.825441672750756639e-01
-1.804148693336833087e-01
-1.794328786731008984e-01
-1.798608882061918657e-01
-1.798521251108750885e-01
-1.775531243672325288e-01
-1.760736002432498337e-01
-1.744659918093979523e-01
-1.725211086150836848e-01
-1.721712795441674715e-01
-1.698187529472022783e-01
-1.666769462454783801e-01
-1.627407411820576133e-01
-1.619567428567920686e-01
-1.620857283836986684e-01
-1.600780685328250241e-01
-1.608524180215903654e-01
-1.606547495555871452e-01
-1.599069408862477115e-01
-1.594060486032776724e-01
-1.587459049159627433e-01
-1.598612702657951634e-01
-1.598481063010147585e-01
-1.579925001613128044e-01
-1.578480528861675725e-01
-1.592593975421905672e-01
-1.586607621172222982e-01
-1.581534145365182664e-01
-1.588014958744712879e-01
-1.583245692327369947e-01
-1.566086408428367938e-01
-1.568290062182717548e-01
-1.557600149021881042e-01
-1.545702519657411733e-01
-1.536792001178544920e-01
-1.536660554511908028e-01
-1.506262505657569029e-01
-1.496191787914268323e-01
-1.490062943823778630e-01
-1.468383371363340961e-01
-1.450583082714908822e-01
-1.429612060855098843e-01
-1.430872890649221574e-01
-1.415836902098816241e-01
-1.402075706137201894e-01
-1.375478961705246528e-01
-1.367825355395028419e-01
-1.331171639997660028e-01
-1.336907651766318372e-01
-1.328866415124652089e-01
-1.301476430368695425e-01
-1.289216255718358684e-01
-1.275653934855211225e-01
-1.253727847055157441e-01
-1.238950654229109549e-01
