5.015527376943942954e+02
5.024004276961838400e+02
5.029127200753183615e+02
5.026881653632002553e+02
5.031407462331362126e+02
5.039166334729492860e+02
5.047101627863984277e+02
5.050408436828919321e+02
5.055179511350332859e+02
5.062861629209301668e+02
5.069362079891402573e+02
5.074275161550723965e+02
5.078587895381655812e+02
5.083499535357680088e+02
5.087514725221538470e+02
5.090967877633564171e+02
5.090151167312397433e+02
5.092810916537670209e+02
5.097519933936975463e+02
5.097152189667457378e+02
5.102301428142544069e+02
5.100640217066730315e+02
5.102806463832607733e+02
5.105800436708864254e+02
5.105875147353135048e+02
5.104502976333930633e+02
5.108776400926896599e+02
5.105442278762457136e+02
5.108589973889489215e+02
5.106724294931302097e+02
5.107884320729913270e+02
5.109582608445842311e+02
5.111672607019758061e+02
5.117992318116966430e+02
5.123847844822062143e+02
5.124248368932677522e+02
5.127608139395869102e+02
5.128424268280828073e+02
5.130218589388887267e+02
5.131310535750646977e+02
5.136085934934992565e+02
5.113035271846980550e+02
5.115222153220864243e+02
5.114109760455967830e+02
5.114224599794573010e+02
5.117668380933062053e+02
5.116381237853723860e+02
5.114099297747392256e+02
5.114844394755258463e+02
5.117926231671593200e+02
5.117987849677066947e+02
5.119186169000194013e+02
5.117049024546761871e+02
5.118949240623535388e+02
5.118233862421623144e+02
5.117780920111973160e+02
5.119700791830937874e+02
5.116404473788721248e+02
5.118738321955985953e+02
5.121462231414524240e+02
5.119707467108563037e+02
5.117802293384264090e+02
5.116604017332660419e+02
5.119789689751426636e+02
5.119625865966328320e+02
5.118046303240918178e+02
5.118206641572204489e+02
5.120628830243343828e+02
5.120339112763572302e+02
5.122101998414422042e+02
5.118182682179740368e+02
5.119265822680120550e+02
5.122165766063454839e+02
5.118520359154075550e+02
5.119735070654821811e+02
5.122145324869665046e+02
5.115448526973935373e+02
5.120810209939193101e+02
5.115614731585470167e+02
5.118073857435647938e+02
5.121397963137719671e+02
5.121775024253061019e+02
5.119101137767515866e+02
5.123418514726095054e+02
