5.329747138047869157e+02
5.335687929728817380e+02
5.341192188513198289e+02
5.341598514399527176e+02
5.348304770528121708e+02
5.360246969885149610e+02
5.370031606428220812e+02
5.373816022263257537e+02
5.380064515816375206e+02
5.392270211455612525e+02
5.400761083869020922e+02
5.405448356582402312e+02
5.409898438298766905e+02
5.417058999421328735e+02
5.421473152565961300e+02
5.424529866621700194e+02
5.423814538561102836e+02
5.424324412575738279e+02
5.432456343055516754e+02
5.428002754648040309e+02
5.435123510057879912e+02
5.432735477462739482e+02
5.436695195569059251e+02
5.439030243997473235e+02
5.440339418941524627e+02
5.435984943324314145e+02
5.443422879617859280e+02
5.439639093199753006e+02
5.440831763482873384e+02
5.437443912574980232e+02
5.439100256698164912e+02
5.444104497011678632e+02
5.446741701021915105e+02
5.450083511946469343e+02
5.457710627028183126e+02
5.457805979995896450e+02
5.464990491497072753e+02
5.463319552944482211e+02
5.468028652245269541e+02
5.467878563464037143e+02
5.476125479567236880e+02
5.447490783011459143e+02
5.451337625067691306e+02
5.448794904963274348e+02
5.447793680359648079e+02
5.454873837881932559e+02
5.453827495590014678e+02
5.449378529655811008e+02
5.451421136549903395e+02
5.455099457447222449e+02
5.453205955467336707e+02
5.455659103368100205e+02
5.453209869671294427e+02
5.455503430029854144e+02
5.455035519663200603e+02
5.454358926386196345e+02
5.457377068235988418e+02
5.452105565103793197e+02
5.455353633666984479e+02
5.459843089744448434e+02
5.455870290262174649e+02
5.453392355394348670e+02
5.452373742064007729e+02
5.456134678052874278e+02
5.455977348001379141e+02
5.454113207439977487e+02
5.454803271242968776e+02
5.457105617601220047e+02
5.457312592417650876e+02
5.459828860108251547e+02
5.455142748484771573e+02
5.457458443048554955e+02
5.462810041630167461e+02
5.457847982459463765e+02
5.458413528362910938e+02
5.464224101228393238e+02
5.452674609671777262e+02
5.459223058871642706e+02
5.451251506292529712e+02
5.455766165979681546e+02
5.459255224646784654e+02
5.462825303413023903e+02
5.458440600461954091e+02
5.464843487994113502e+02
