4.653240503639397048e+02
4.651599322886168579e+02
4.649756379445169614e+02
4.646130260307974140e+02
4.643406706006262539e+02
4.641091496349705494e+02
4.638612172467808819e+02
4.637219554165613999e+02
4.634371447774606736e+02
4.632684529277549359e+02
4.634791535971133953e+02
4.631742033843435138e+02
4.628161468579534699e+02
4.631174525187616950e+02
4.626812498982990292e+02
4.629791204366181887e+02
4.624068472984784535e+02
4.630841953584630915e+02
4.626674617432906302e+02
4.634657790527280667e+02
4.625068607599976644e+02
4.633979774697288576e+02
4.636721056958971303e+02
4.626452295542173374e+02
4.627836364883971214e+02
4.622708526539997251e+02
4.626394844283908583e+02
4.629160079416396911e+02
4.625389572718843283e+02
4.626350942819642000e+02
4.623278297685368443e+02
4.631413909965455673e+02
4.625411115863051350e+02
4.628201394732023459e+02
4.603813974293444744e+02
4.646560859492113309e+02
4.627208740966021310e+02
4.623605791276656873e+02
4.616720060028229682e+02
4.633181953173155989e+02
4.630651376916853792e+02
4.629720304150230277e+02
4.623649964086072259e+02
4.616000182872770097e+02
4.629136648086957280e+02
4.627780217077689713e+02
4.630326618872742870e+02
4.617198027604744652e+02
4.624462387580874179e+02
4.625146988941637005e+02
4.622973328951326835e+02
4.624654955333817270e+02
4.624300635168185636e+02
4.620129474097908542e+02
4.624014694846364364e+02
4.624844782051117704e+02
4.636429442249803401e+02
4.621614165781448378e+02
4.623872587748824685e+02
4.616565104816586995e+02
4.622445383283857154e+02
4.621179656729754015e+02
4.625759592603545798e+02
4.580008743578320605e+02
4.582927591009079151e+02
4.581374935882478781e+02
4.579530691947413743e+02
4.584312541581857658e+02
4.626668821116946333e+02
4.613957518431362814e+02
4.630260485643329389e+02
4.629614653980838739e+02
4.618188591726054142e+02
4.583354168104970654e+02
4.582946647546705776e+02
4.624041945301059968e+02
4.626243427273317934e+02
4.633444309125621885e+02
4.634226776149131410e+02
4.623671041876642676e+02
4.629000723198476521e+02
4.622636181216987552e+02
4.624030887189794612e+02
4.623468616798795097e+02
