5.351305530486741873e+02
5.369180870847598044e+02
5.374932640999423938e+02
5.369759236848209412e+02
5.374191552617605794e+02
5.379640865568555910e+02
5.386154862518781101e+02
5.389863760089668858e+02
5.392482710236242838e+02
5.394061494354992874e+02
5.396295878841327749e+02
5.397674839794883610e+02
5.399999999999998863e+02
5.399999999999998863e+02
5.399999999999998863e+02
5.399999999999998863e+02
5.399999999999998863e+02
5.399999999999998863e+02
5.399999999999998863e+02
5.399999999999998863e+02
5.399999999999998863e+02
5.399999999999998863e+02
5.399999999999998863e+02
5.399999999999998863e+02
5.399999999999998863e+02
5.399999999999998863e+02
5.399999999999998863e+02
5.399999999999998863e+02
5.399999999999998863e+02
5.399999999999998863e+02
5.399999999999998863e+02
5.399999999999998863e+02
5.399999999999998863e+02
5.399999999999998863e+02
5.399999999999998863e+02
5.399999999999998863e+02
5.399999999999998863e+02
5.399999999999998863e+02
5.399999999999998863e+02
5.399999999999998863e+02
5.399999999999998863e+02
5.399999999999998863e+02
5.399999999999998863e+02
5.399999999999998863e+02
5.399999999999998863e+02
5.399999999999998863e+02
5.399999999999998863e+02
5.399999999999998863e+02
5.399999999999998863e+02
5.399999999999998863e+02
5.399999999999998863e+02
5.399999999999998863e+02
5.399999999999998863e+02
5.399999999999998863e+02
5.399999999999998863e+02
5.399999999999998863e+02
5.399999999999998863e+02
5.399999999999998863e+02
5.399999999999998863e+02
5.399999999999998863e+02
5.399999999999998863e+02
5.399999999999998863e+02
5.399999999999998863e+02
5.399999999999998863e+02
5.399999999999998863e+02
5.399999999999998863e+02
5.399999999999998863e+02
5.399999999999998863e+02
5.399999999999998863e+02
5.399999999999998863e+02
5.399999999999998863e+02
5.399999999999998863e+02
5.399999999999998863e+02
5.399999999999998863e+02
5.399999999999998863e+02
5.399999999999998863e+02
5.399999999999998863e+02
5.399999999999998863e+02
5.399999999999998863e+02
5.399999999999998863e+02
5.399999999999998863e+02
5.399999999999998863e+02
5.399999999999998863e+02
5.399999999999998863e+02
