8.819051832845660499e+01
8.860981300119871662e+01
8.882205330133101029e+01
8.956837657363362837e+01
8.985025829857683277e+01
9.000308791227777760e+01
9.017982387148248336e+01
9.036546620900097082e+01
9.058261028610978371e+01
9.071756159749146775e+01
9.059417679091964715e+01
9.078633625920544148e+01
9.070686562819051346e+01
9.063884772563328340e+01
9.020336097149947818e+01
8.979371452129927889e+01
8.958126351501358897e+01
9.009684494792253417e+01
8.997865716126879931e+01
8.963224716638170264e+01
8.941519590984930232e+01
8.937706753055246622e+01
8.975752688910418442e+01
8.932260239272564206e+01
8.934354982803650103e+01
8.928571568687003435e+01
8.949228955711491551e+01
8.930479264919770799e+01
8.936565334441934283e+01
8.916144053854954166e+01
8.926128503450564722e+01
8.900226638408177848e+01
8.974161243388864762e+01
8.872815141493076396e+01
8.875165741755706961e+01
8.906724932960455021e+01
8.871388162442109149e+01
8.881375476848566564e+01
8.866731232599083512e+01
8.862826003528580543e+01
8.859990878820603655e+01
8.768431281833090907e+01
8.761635061488902920e+01
8.753243661218061789e+01
8.760519528978376513e+01
8.731092938904200196e+01
8.729236461121327295e+01
8.718429523450423346e+01
8.720323272658373526e+01
8.704582446333978396e+01
8.679473360469687293e+01
8.701320381083961308e+01
8.694293738830909035e+01
8.668801300393667475e+01
8.663056724399160657e+01
8.650339340832563551e+01
8.659266367969040346e+01
8.669970200588120690e+01
8.646526770839400911e+01
8.658636860448747541e+01
8.662357930261596550e+01
8.621158560995083064e+01
8.640175106679589589e+01
8.596638187692859390e+01
8.618600502110581374e+01
8.595846225243448657e+01
8.633506539332088892e+01
8.619158996517845139e+01
8.560334010435335017e+01
8.580412976306989492e+01
8.518306641975547677e+01
8.580480346787643953e+01
8.523113699091439344e+01
8.570931063872630773e+01
8.498930950325180333e+01
8.527736337025309865e+01
8.457586103565645885e+01
8.540392485278606216e+01
8.495933040665006786e+01
8.422325255619026052e+01
8.406742922710378707e+01
8.486432417907627723e+01
8.359026661752095322e+01
8.353312809791312077e+01
