5.517401279058256591e+01
5.749254536183137532e+01
5.830801777144390030e+01
5.830149055196433494e+01
5.915084567954956185e+01
6.005522283499322356e+01
6.096049998085023702e+01
6.161428040526374872e+01
6.211460349458434393e+01
6.240027051962502469e+01
6.273684350478475835e+01
6.306985114450689167e+01
6.353127735660985564e+01
6.366903328745699753e+01
6.359910978190762876e+01
6.371801582883446002e+01
6.357141425468724805e+01
6.367464421541267683e+01
6.394588286077398465e+01
6.389119973384682538e+01
6.380196199298845983e+01
6.387145682027017557e+01
6.405724929702718384e+01
6.402708967145551355e+01
6.419094953139706661e+01
6.410642980842010275e+01
6.426331930747281262e+01
6.412732138171546126e+01
6.411322219339118078e+01
6.417987189310011331e+01
6.410990805399333681e+01
6.417468774169535095e+01
6.456631081537184969e+01
6.517508348804976492e+01
6.542231277904198805e+01
6.607744834243091248e+01
6.580401456856419884e+01
6.621116890470989347e+01
6.627753090558357485e+01
6.605620981384909385e+01
6.659098893015691090e+01
6.146430438588086531e+01
6.167595902124482166e+01
6.179016673796029124e+01
6.089802201223636757e+01
6.157603896968900159e+01
6.125109297143298193e+01
6.135192408038167144e+01
6.151268751315579664e+01
6.098408516737463714e+01
6.166049993709530241e+01
6.174934355537697428e+01
6.126726041293421332e+01
6.121956515586084890e+01
6.133493303537782992e+01
6.152185619483036305e+01
6.157703942171184508e+01
6.217018713115243855e+01
6.183481598535431800e+01
6.164264872710582210e+01
6.238142916483925404e+01
6.187406317742397022e+01
6.189884001644491462e+01
6.204331425067874761e+01
6.139634640533080301e+01
6.140108373534664565e+01
6.182992159243915609e+01
6.034176063719529282e+01
6.134868620090075098e+01
6.095682405313515062e+01
6.086852106194405110e+01
5.928790069635306281e+01
6.012199117978102691e+01
5.902997629411191838e+01
5.823353478604243350e+01
5.886335710500389951e+01
5.870077904465959762e+01
5.790479206549390057e+01
5.815746402305984475e+01
5.833603299503588602e+01
5.774026630553395023e+01
5.702477925905568412e+01
5.690817073407526294e+01
5.694285082079573357e+01
