-1.810598979236269224e-01
-1.883468730517118828e-01
-1.904758674687800080e-01
-1.886935950415709884e-01
-1.913339922243255942e-01
-1.936982655341222825e-01
-1.963355291829572136e-01
-1.983914015237928929e-01
-1.995000059491301436e-01
-1.999304314848978081e-01
-2.011352077391250770e-01
-2.017282990200213733e-01
-2.018219341749774298e-01
-2.007012236537408234e-01
-1.991941894871641083e-01
-1.966925507092610048e-01
-1.954149228644389558e-01
-1.965230718817202182e-01
-1.945212114512444301e-01
-1.937793506326703219e-01
-1.926142624824752903e-01
-1.916751786590929207e-01
-1.920374261124758453e-01
-1.901692726782255594e-01
-1.900680606694905850e-01
-1.892708743410194960e-01
-1.900804577344113178e-01
-1.890187239091586091e-01
-1.886235308353113593e-01
-1.880524289024460005e-01
-1.873265416076397016e-01
-1.867980417492481893e-01
-1.885109318168778636e-01
-1.829582909216764530e-01
-1.819671380026689489e-01
-1.828115261401924152e-01
-1.808957426864530038e-01
-1.821353278360985928e-01
-1.816090549501881146e-01
-1.799232170444562129e-01
-1.793215039124267940e-01
-1.883252696098975942e-01
-1.877827895114465018e-01
-1.868928372075495670e-01
-1.852574306529266024e-01
-1.851261002127365385e-01
-1.847332031913740957e-01
-1.838548268211443459e-01
-1.836088126723242064e-01
-1.823414573395076010e-01
-1.825553166649490633e-01
-1.823523745560487463e-01
-1.806685373851542875e-01
-1.796889282914468644e-01
-1.796332628422331879e-01
-1.788168083614309622e-01
-1.788172121444061846e-01
-1.789857664981882035e-01
-1.783136709435402256e-01
-1.772452587265750112e-01
-1.778790173193633972e-01
-1.750593179842076519e-01
-1.757623227021453405e-01
-1.746242283576049936e-01
-1.747340770194865389e-01
-1.728496421118466686e-01
-1.741025841623702886e-01
-1.733743449432917916e-01
-1.722612436552390935e-01
-1.727380604383887130e-01
-1.711539538401191940e-01
-1.718488315276683609e-01
-1.708645609300673551e-01
-1.711082423538978770e-01
-1.691975443010814983e-01
-1.702623941971216914e-01
-1.671153210770953135e-01
-1.691846922874714054e-01
-1.691666406987508142e-01
-1.675531204335670987e-01
-1.656214060609376426e-01
-1.671995771551822163e-01
-1.634432704835339090e-01
-1.638846164985647835e-01
