1.188179762225325042e+01
9.687717340823036594e+00
9.206408982403415209e+00
1.022756090321162326e+01
1.015825193373527036e+01
9.624529291027373645e+00
9.132901007822736617e+00
8.876861791606319940e+00
8.865448957610876590e+00
8.905384679009364035e+00
9.342072192498141803e+00
9.247816596280436841e+00
8.708140377209630856e+00
8.523745991690315549e+00
8.144918714774528112e+00
7.472029903771506554e+00
7.577033398306103784e+00
8.359454490577794772e+00
7.719799920678394933e+00
7.573130878941506161e+00
7.592127376323947630e+00
7.799927544762820020e+00
8.173637285934690411e+00
7.945320835631444645e+00
8.152424251388653786e+00
8.240797985390294400e+00
8.234801244440413726e+00
8.269284272689873205e+00
8.626305717750183177e+00
8.739005893094043742e+00
9.211185539415529533e+00
9.432114754032456361e+00
9.212088132484735681e+00
7.715603063108793513e+00
7.798668794026581530e+00
7.357183507881330797e+00
7.911618540211876827e+00
8.581860874594209321e+00
8.016618006759074433e+00
8.809883123760647194e+00
8.758869232639938218e+00
2.448904225976301419e+01
2.223996549366543363e+01
2.347899208566333584e+01
2.759557141093990751e+01
2.309360251645330209e+01
2.601766326172974786e+01
2.643966688377085461e+01
2.484455120617299784e+01
2.542519826756004164e+01
2.264993358505565269e+01
2.444691766065838934e+01
2.572487766475633109e+01
2.507280514085701029e+01
2.422766117518805729e+01
2.229850947078945822e+01
2.482192995968639337e+01
2.268397261112339791e+01
2.367301643071610329e+01
2.469333255845154085e+01
2.102700156182501345e+01
2.209948656928044386e+01
2.198540036802086917e+01
2.440026720475469801e+01
2.680230089008464134e+01
2.903707609650235355e+01
2.739529073174387008e+01
3.805614646419687119e+01
3.009169998475852381e+01
3.688547383242195110e+01
3.357899005417493754e+01
4.789223555147869149e+01
4.011490339229047919e+01
4.963906891428734269e+01
5.999999999999983658e+01
5.999999999999994316e+01
5.999999999999999289e+01
5.999999999999999289e+01
5.999999999999999289e+01
5.999999999999999289e+01
5.999999999999960920e+01
5.999999999999803890e+01
5.999999999999959499e+01
5.999999999999999289e+01
