4.651221854668602305e+02
4.646030705436866128e+02
4.643877933022068305e+02
4.643476206184766966e+02
4.641779477238449658e+02
4.640052786868774319e+02
4.636516092954736905e+02
4.635100678673851462e+02
4.633597506291553714e+02
4.631889111814837747e+02
4.632586614966023149e+02
4.630835041440545865e+02
4.628020949901191443e+02
4.627379454748619878e+02
4.626921107376291502e+02
4.627174955808187065e+02
4.626234924153633301e+02
4.628818841778441993e+02
4.624042634051583605e+02
4.625760441058232004e+02
4.625278279514772635e+02
4.624822469812569352e+02
4.624841175533194928e+02
4.624208464357275261e+02
4.622924772560565430e+02
4.623820313938331310e+02
4.623243073835060954e+02
4.623343465389093012e+02
4.620960848633737896e+02
4.620638027071622105e+02
4.619878077971836206e+02
4.619549461044479699e+02
4.617303854712457678e+02
4.620010149003658739e+02
4.622128597178035534e+02
4.615150894863096482e+02
4.618450306878101514e+02
4.611864317449926034e+02
4.614212990466756992e+02
4.614980756791231329e+02
4.610495314307480612e+02
4.600125473843227155e+02
4.602303321962912150e+02
4.600000000000704858e+02
4.600000000000000568e+02
4.600000000000000568e+02
4.600000000000000568e+02
4.600000000000000568e+02
4.600000000000000568e+02
4.600000000000000568e+02
4.600000000000000568e+02
4.600000000000000568e+02
4.600000000000000568e+02
4.600000000000000568e+02
4.600000000000000568e+02
4.600000000000000568e+02
4.600000000000000568e+02
4.600000000000000568e+02
4.600000000000000568e+02
4.600000000000000568e+02
4.600000000000000568e+02
4.600000000000000568e+02
4.600000000000000568e+02
4.600000000000000568e+02
4.600000000000000568e+02
4.600000000000000568e+02
4.600000000000000568e+02
4.600000000000000568e+02
4.600000000000000568e+02
4.600000000000000568e+02
4.600000000000000568e+02
4.600000000000000568e+02
4.600000000000000568e+02
4.600000000000000568e+02
4.600000000000000568e+02
4.600000000000000568e+02
4.600000000000000568e+02
4.600000000000000568e+02
4.600000000000000568e+02
4.600000000000000568e+02
4.600000000000000568e+02
4.600000000000000568e+02
4.600000000000000568e+02
4.600000000000000568e+02
