7.661323746569818072e-01
1.361763625142275114e+00
1.312171065628912503e+00
1.423672467141485098e+00
1.396116080426605066e+00
1.349791350083125563e+00
1.295967412200813573e+00
1.262049067155616822e+00
1.260694658793004796e+00
1.264893592082389384e+00
1.278625615284825878e+00
1.273363651054850276e+00
1.234411822565542494e+00
1.210206593065710878e+00
1.199232094517242109e+00
1.152878640456750592e+00
1.168236432707451922e+00
1.207583576361570543e+00
1.159209697969959763e+00
1.160479682573416049e+00
1.162600159094015595e+00
1.174350153074892100e+00
1.186474061990509199e+00
1.165656908918538237e+00
1.184104577458363838e+00
1.187881800493287621e+00
1.193608853879940535e+00
1.199019271142297116e+00
1.215674019001132145e+00
1.203967016963972458e+00
1.239750456592476180e+00
1.222519786702855882e+00
1.227813924709493687e+00
1.135034618560475383e+00
1.142247765959381711e+00
1.134032537748707714e+00
1.145567695166239686e+00
1.156192030544434202e+00
1.145190924719005299e+00
1.184015419330840757e+00
1.180655923596227286e+00
2.043132363654992734e+00
1.059353333895843408e+00
1.070099034400622928e+00
1.363445301507695051e+00
1.118211852089089353e+00
1.230978602295970781e+00
1.256029209674856650e+00
1.195532504661181550e+00
1.252321119173480213e+00
1.023321849229810843e+00
1.080452160858922150e+00
1.208936634250596720e+00
1.177562374136840395e+00
1.123232447572229065e+00
1.016823937668877909e+00
1.128904534141146998e+00
9.821715410384445066e-01
1.032325482726971444e+00
1.135254865368441779e+00
9.126673150908786170e-01
1.008811125910906492e+00
1.049356989721176525e+00
1.074275415150344859e+00
1.336532602831106420e+00
1.410279569957844092e+00
1.389497757423718838e+00
2.129851099743445886e+00
1.599164232359149507e+00
2.062827809140671320e+00
1.924234688206591937e+00
3.252816187323696262e+00
2.484260738781925770e+00
3.594628993404384687e+00
4.535065326694831533e+00
4.482208538929832287e+00
4.507907767201032811e+00
4.866391906917709065e+00
4.832095528672933682e+00
4.862677497746816790e+00
5.071546942830954308e+00
5.472996379363314290e+00
5.523537640393270998e+00
5.590530592020726885e+00
