5.022921393951880304e+02
5.033070653137399972e+02
5.036963430950025895e+02
5.033903130133055015e+02
5.036697120980023215e+02
5.040364455127771635e+02
5.044331541292835368e+02
5.047277293189137026e+02
5.049582431238501385e+02
5.051022711607510018e+02
5.053071584342530969e+02
5.054423397208610709e+02
5.056953563352691958e+02
5.058035439056791915e+02
5.058394057379371134e+02
5.059367396762155522e+02
5.059583537963140998e+02
5.060061860802591696e+02
5.060686646125424772e+02
5.061228507379471466e+02
5.061855754728675834e+02
5.061866688433573813e+02
5.062592796947660645e+02
5.063344633459915940e+02
5.064056858539163386e+02
5.064006999870824188e+02
5.064646341364826867e+02
5.064582537679491452e+02
5.065024772124391461e+02
5.065242725061521014e+02
5.065269498592023751e+02
5.065843304627746306e+02
5.066735738593058045e+02
5.067391154656826870e+02
5.068016027505397005e+02
5.068955095223962530e+02
5.068382746026651375e+02
5.069314187346413405e+02
5.069219642912776180e+02
5.069037797308614017e+02
5.069449197777219638e+02
5.072558178975517649e+02
5.073109352750199150e+02
5.073248255923229522e+02
5.072566650152372176e+02
5.073545380207782500e+02
5.073802978415281473e+02
5.073662581503043043e+02
5.073400207744186901e+02
5.073209760601391167e+02
5.073539526744921773e+02
5.074523293940985695e+02
5.074088556273786708e+02
5.073877056427733692e+02
5.073182292072654036e+02
5.074276496809980017e+02
5.074523860144872742e+02
5.074558176066223041e+02
5.074786364583132467e+02
5.074803200537031103e+02
5.075383958385536403e+02
5.074361656113561594e+02
5.074365873184544284e+02
5.074491980358531009e+02
5.074207719567967274e+02
5.074676976785291913e+02
5.075404808247323558e+02
5.073996713888834620e+02
5.074797419612198155e+02
5.076137713555156665e+02
5.074870244147757035e+02
5.075589069577398504e+02
5.076419780589703237e+02
5.076156943732832474e+02
5.076236034239781816e+02
5.077261993535979627e+02
5.077798273478759938e+02
5.076946515604382171e+02
5.076960960414920123e+02
5.077831993034450306e+02
5.077598272068954657e+02
5.077181707626298817e+02
5.076278824556746940e+02
5.077753460282532956e+02
