5.726881922086035814e+01
6.059034875658250030e+01
6.185686427479318894e+01
6.166983782740277320e+01
6.293455444172607116e+01
6.439382435593314824e+01
6.567930771900121556e+01
6.653783472930163612e+01
6.728340430404655592e+01
6.718178721867153058e+01
6.806657160653668370e+01
6.805561287104059431e+01
6.856548464762755657e+01
6.821508490165987837e+01
6.789804168366775627e+01
6.774629462003699132e+01
6.721136444774096219e+01
6.732322810103588040e+01
6.714636982825348355e+01
6.700306404573021268e+01
6.685929399200065859e+01
6.647500465287396310e+01
6.591900266369671613e+01
6.628261446567159965e+01
6.627680779953618639e+01
6.575675082755644496e+01
6.628168961008744020e+01
6.590393601721764583e+01
6.555644839378659583e+01
6.556917341254764153e+01
6.512800860449229390e+01
6.534946933122662927e+01
6.512457943990135334e+01
6.527636134738736473e+01
6.554450457762433757e+01
6.581344815745815424e+01
6.520510094349977237e+01
6.554114030598137219e+01
6.555383406017271852e+01
6.473626118176574096e+01
6.533525379185633142e+01
6.159858723311438666e+01
6.306890734904349216e+01
6.287268344143181054e+01
6.075621172540500226e+01
6.197725313344457021e+01
6.109289147775066908e+01
6.153097983397545079e+01
6.138573260893158334e+01
6.049993002232118045e+01
6.166733909064020480e+01
6.134695762418880349e+01
6.043293057924854850e+01
6.034206195549514717e+01
6.016321457075038381e+01
6.076068145805955822e+01
6.032365035964670597e+01
6.111960464459144760e+01
6.071512956994703103e+01
5.998130864288086173e+01
6.121607682285365115e+01
6.026498120723621099e+01
6.000598204517944367e+01
6.060806735926200162e+01
5.907411194555108125e+01
5.924674189900471788e+01
5.946579702408105561e+01
5.665415806467327542e+01
5.939668705917105029e+01
5.838965721799447550e+01
5.872439097078122927e+01
5.482084284230611360e+01
5.725132263240968200e+01
5.419264865000953790e+01
5.323556188258097421e+01
5.403948405844276692e+01
5.436464475091278103e+01
5.197381800766650173e+01
5.249947721868515060e+01
5.361407440996701013e+01
5.270066968962169085e+01
5.037303500686695656e+01
5.144176681986733257e+01
5.153342810792213413e+01
