3.543607484759475516e-09
3.542982521007773329e-09
3.542280594335350200e-09
3.540899098658317768e-09
3.539861111758926779e-09
3.538978511657611523e-09
3.538033104085844769e-09
3.537501964669968792e-09
3.536415459134118621e-09
3.535771770157807768e-09
3.536575736827061573e-09
3.535412084727260745e-09
3.534045296484092756e-09
3.535195488206190520e-09
3.533530225097401724e-09
3.534667471529688001e-09
3.532482253426921266e-09
3.535068552076700856e-09
3.533477574135790374e-09
3.536524709256527788e-09
3.532864251096897998e-09
3.536266016215249876e-09
3.537311820314954705e-09
3.533392677431633441e-09
3.533921170373621533e-09
3.531962760692653089e-09
3.533370738538448122e-09
3.534426543509132243e-09
3.532986833767389509e-09
3.533353973808843819e-09
3.532180419717661240e-09
3.535286853911188209e-09
3.532995061350712753e-09
3.534060540175141455e-09
3.524737214656727978e-09
3.541063178532542997e-09
3.533681528294591944e-09
3.532305519905434722e-09
3.529674286842651349e-09
3.535961587762280100e-09
3.534995810605143873e-09
3.534640406632434065e-09
3.532322393260658041e-09
3.529399088118148919e-09
3.534417598428804281e-09
3.533899732437241150e-09
3.534871849809897750e-09
3.529856995148509528e-09
3.532632712562073564e-09
3.532894186811392488e-09
3.532063919878548783e-09
3.532706263172366463e-09
3.532570930584705582e-09
3.530977365658438962e-09
3.532461711898065578e-09
3.532778765354501956e-09
3.537200583477063058e-09
3.531544664871649678e-09
3.532407430957037767e-09
3.529615051497158995e-09
3.531862232463052748e-09
3.531378648828673214e-09
3.533128146106239181e-09
3.515612613788018056e-09
3.516732688335548312e-09
3.516136918985025968e-09
3.515429132893595015e-09
3.517264022613283203e-09
3.533475360757871658e-09
3.528618089907784388e-09
3.534846606091154339e-09
3.534600076173611503e-09
3.530235618954151227e-09
3.516896352574240039e-09
3.516739999893259370e-09
3.532472120715119391e-09
3.533312916321559097e-09
3.536061699030023211e-09
3.536360260390182230e-09
3.532330444634286658e-09
3.534365707668055621e-09
3.531935123000914360e-09
3.532467896867934435e-09
3.532253120784364007e-09
