3.678969294541067403e-09
3.682076952663839651e-09
3.683953761722187224e-09
3.683131211896516789e-09
3.684788839648554794e-09
3.687628879252454120e-09
3.690531234840042185e-09
3.691740035886921420e-09
3.693483400722175614e-09
3.696288741595021391e-09
3.698660901536332481e-09
3.700452785996522553e-09
3.702024998565297355e-09
3.703814730293181379e-09
3.705277166146668717e-09
3.706534431931387017e-09
3.706237112598812436e-09
3.707205293461613934e-09
3.708918812866867302e-09
3.708785026412153267e-09
3.710657895529624221e-09
3.710053786981924573e-09
3.710841535042709291e-09
3.711930007610991409e-09
3.711957164926610217e-09
3.711458349135730484e-09
3.713011616835507617e-09
3.711799814455140314e-09
3.712943869490909495e-09
3.712265816069279951e-09
3.712687424848665998e-09
3.713304577376317638e-09
3.714063935666235819e-09
3.716359129689069661e-09
3.718484476704372094e-09
3.718629808262719079e-09
3.719848689008707051e-09
3.720144709598577965e-09
3.720795450455841049e-09
3.721191407549455850e-09
3.722922548337536322e-09
3.714558948496128693e-09
3.715353235150954293e-09
3.714949229552303756e-09
3.714990939638466092e-09
3.716241516581629103e-09
3.715774151856651098e-09
3.714945429433332052e-09
3.715216043450536008e-09
3.716335135733805105e-09
3.716357507340890246e-09
3.716792553544262057e-09
3.716016634136314416e-09
3.716706541453034949e-09
3.716446825677547925e-09
3.716282377031993830e-09
3.716979370176165075e-09
3.715782589401140182e-09
3.716629969989849550e-09
3.717618730932871711e-09
3.716981793351086952e-09
3.716290137136760217e-09
3.715855047823940617e-09
3.717011640646213796e-09
3.716952171427320020e-09
3.716378729911845988e-09
3.716436942876503268e-09
3.717316239796774071e-09
3.717211078227560895e-09
3.717850923947521676e-09
3.716428244158209823e-09
3.716821469766783174e-09
3.717874066582622660e-09
3.716550839581650481e-09
3.716991813624827041e-09
3.717866648054643533e-09
3.715435445573648947e-09
3.717382075433443549e-09
3.715495803671849100e-09
3.716388733893768018e-09
3.717595405006757412e-09
3.717732255811928599e-09
3.716761684891080842e-09
3.718328686486844490e-09
