3.792461345900504432e-09
3.794574386858230278e-09
3.796531110706002894e-09
3.796675516624823992e-09
3.799058089165434610e-09
3.803297171748101773e-09
3.806766873196141093e-09
3.808108006045594034e-09
3.810321333153898290e-09
3.814641102404298379e-09
3.817643260046486834e-09
3.819299550141957113e-09
3.820871362260931237e-09
3.823399185649732834e-09
3.824956638948802249e-09
3.826034773143154621e-09
3.825782496878255076e-09
3.825962316931580017e-09
3.828829107826376835e-09
3.827259327588300733e-09
3.829768910455039504e-09
3.828927474398265347e-09
3.830322601389020364e-09
3.831145070582103654e-09
3.831606121277595190e-09
3.830072395704744862e-09
3.832691801076602535e-09
3.831359495235128794e-09
3.831779495357244522e-09
3.830586339637847440e-09
3.831169728281907355e-09
3.832931755575684597e-09
3.833860007334617764e-09
3.835035946214913308e-09
3.837718477045047095e-09
3.837752001747317843e-09
3.840277128655254271e-09
3.839689995183900119e-09
3.841344445985183011e-09
3.841291726193534987e-09
3.844187444738781150e-09
3.834123630699300796e-09
3.835477158926658542e-09
3.834582545250013967e-09
3.834230223788069532e-09
3.836720969673451367e-09
3.836352976199635237e-09
3.834787902321980664e-09
3.835506537510214084e-09
3.836800314346882676e-09
3.836134366861463234e-09
3.836997120527266716e-09
3.836135743612107480e-09
3.836942377149762299e-09
3.836777829218007138e-09
3.836539882226239936e-09
3.837601200371080288e-09
3.835747304801506435e-09
3.836889699705280801e-09
3.838468149653275367e-09
3.837071384300663184e-09
3.836199929125339165e-09
3.835841639585657504e-09
3.837164354118692902e-09
3.837109030556033516e-09
3.836453463165152877e-09
3.836696152841097201e-09
3.837505757796475685e-09
3.837578530762074223e-09
3.838463147674279726e-09
3.836815538518159675e-09
3.837629811452042250e-09
3.839510945515284388e-09
3.837766769103384149e-09
3.837965599948353300e-09
3.840007846008153745e-09
3.835947470975074585e-09
3.838250191344739120e-09
3.835446862885362414e-09
3.837034769224628072e-09
3.838261498824705391e-09
3.839516308848528497e-09
3.837975117517466571e-09
3.840225478246388899e-09
