1.251539739669157569e+01
1.024597436549570162e+01
9.497046948737583705e+00
1.128583291947468048e+01
1.096190371076650294e+01
1.047122794926317901e+01
9.172903907197488493e+00
9.414094858425633205e+00
8.478098378617373143e+00
8.490781820492195209e+00
8.370436783345033049e+00
7.491934280493371290e+00
6.964027538330071820e+00
7.221205488679067308e+00
6.289095968466768660e+00
6.633787479813658017e+00
5.823228258439193006e+00
6.861734075336904937e+00
5.782756864870271407e+00
5.965570913919703067e+00
4.817124273742360074e+00
5.750510771454868220e+00
6.024748701526728034e+00
4.760634590962061097e+00
5.447540435079385901e+00
5.553337485027341813e+00
4.317231281204152005e+00
4.510313635471256077e+00
5.479839113758165681e+00
4.453956478992635581e+00
5.071616180606612012e+00
5.381666727371456460e+00
3.957081907822482592e+00
2.335636587886838367e+00
1.000000000000000222e+00
3.250834270767357648e+00
1.501889493575300438e+00
1.000634526382124800e+00
1.000006082747495695e+00
1.535809227518377007e+00
1.000000088572868595e+00
5.932885657020810832e+00
4.434254855654890193e+00
4.807508888129055080e+00
5.422742597580376689e+00
4.568063402716660448e+00
5.261996292549155463e+00
3.311794150186142094e+00
3.923748195198786259e+00
2.744927466279211803e+00
3.242072117546571430e+00
3.800751895309016248e+00
3.852885485945567012e+00
4.285246929188843090e+00
4.046001216631806230e+00
3.156687810157532859e+00
3.357043455506371288e+00
2.486471232597132985e+00
2.582200337666002987e+00
3.795155753931366061e+00
2.533144965921928726e+00
4.017084441670512263e+00
1.322289046164655923e+00
1.000000000083985041e+00
1.000066616757616433e+00
1.000000000000000222e+00
1.000000000000000222e+00
1.000006108550776984e+00
2.536267947931273081e+00
3.826427556130662655e+00
1.297430046145104265e+00
1.936099754180364174e+00
1.244078035978158026e+00
2.111366019986011811e+00
1.000000000000000222e+00
1.938330672986719350e+00
1.481087123639105663e+00
1.000000006180316481e+00
1.000000000000000222e+00
1.000004255330031011e+00
1.199263975744773836e+00
1.000000052507065806e+00
1.768733525309672094e+00
1.000000000147310386e+00
