5.235509147860249612e+01
5.227859683611109887e+01
5.272725814027347724e+01
5.440915801545468611e+01
5.539393340420056688e+01
5.662821372623740501e+01
5.768261077463526476e+01
5.780294541673956132e+01
5.870039385760428985e+01
6.018644136883049356e+01
6.122283379482818333e+01
6.159437681904557849e+01
6.177251000628365318e+01
6.217537469504668479e+01
6.263964459493949732e+01
6.237946865785280437e+01
6.222318122083511582e+01
6.197022172885320401e+01
6.257653049841050574e+01
6.223125253263400936e+01
6.265359959465170192e+01
6.185069989835961479e+01
6.230780340839092446e+01
6.268525342494890396e+01
6.208002867627279642e+01
6.163905120097927437e+01
6.227962108217376880e+01
6.132441502906449671e+01
6.225093009439975589e+01
6.150079383362244556e+01
6.125554525858539279e+01
6.158680183137893493e+01
6.133244570276426799e+01
6.119582385326002338e+01
6.155400659290052090e+01
6.130048132855210241e+01
6.167177048183349797e+01
6.176637317894334700e+01
6.175001924539893139e+01
6.172887829901413426e+01
6.174331872171029545e+01
6.140352632476653838e+01
6.153785151609586279e+01
6.142955902757459086e+01
6.111977593053507718e+01
6.173260658440504045e+01
6.139777651739585451e+01
6.098490081700692400e+01
6.120732905420452141e+01
6.152734681910217773e+01
6.129254725389930059e+01
6.119940707552544978e+01
6.081906116608854518e+01
6.119669098995192513e+01
6.092579233911633452e+01
6.077848730054599002e+01
6.114052334468035355e+01
6.028453481529233926e+01
6.065109717168930814e+01
6.110275891508153734e+01
6.085467445323472191e+01
6.004288748637162598e+01
6.017052130270804611e+01
6.066998968063258246e+01
6.040343525810240521e+01
6.031359929569463674e+01
6.007644642004140678e+01
6.081375475899670136e+01
6.049632151976458516e+01
6.106619760441585498e+01
6.005789083718826049e+01
6.070163249301774755e+01
6.077643083435312832e+01
6.032092698169253708e+01
6.017248173815104906e+01
6.061209948540721371e+01
5.922751392631748502e+01
6.070755879620722339e+01
5.958252273851821457e+01
5.993204505766091472e+01
6.041328325247994258e+01
6.061103126841771882e+01
5.989285231237705176e+01
6.060944423258239766e+01
