9.063787582449646152e+01
9.076810245729070914e+01
9.003849906293254435e+01
8.881647226365689107e+01
8.825191221771257233e+01
8.697231751762518570e+01
8.585367717488536243e+01
8.507297266018923665e+01
8.449528497420016038e+01
8.325413722562451824e+01
8.240014739041683356e+01
8.205775901846845954e+01
8.119679394394063365e+01
8.032720145486636909e+01
7.985700749148080035e+01
7.909180964988713924e+01
7.871297123995920231e+01
7.835133795215720909e+01
7.731625275873462044e+01
7.777814099219746424e+01
7.700061288411041005e+01
7.700652349307222266e+01
7.669318210665639413e+01
7.637541814498928261e+01
7.577351470970526748e+01
7.601597285354904443e+01
7.470860728534339046e+01
7.497661084713226387e+01
7.536207239895624355e+01
7.501404584515904617e+01
7.486906041447421956e+01
7.424649852623861079e+01
7.380416421027145191e+01
7.281925032519313845e+01
7.152804262503755695e+01
7.100551469828296547e+01
7.011657805577574720e+01
6.988000516434192377e+01
6.892373781177583680e+01
6.887373198164577559e+01
6.542636716741736791e+01
7.504380963949601835e+01
7.421971630010939691e+01
7.436056511314836825e+01
7.463030520576567994e+01
7.400127454557261331e+01
7.384458277867884135e+01
7.474210444887650340e+01
7.427229843294030331e+01
7.414468829364760438e+01
7.424571509503816458e+01
7.375795136673221464e+01
7.420475542345354825e+01
7.394318027282950823e+01
7.440347406734491642e+01
7.412177011819065342e+01
7.391152534669194551e+01
7.401739898620533609e+01
7.423968806770974993e+01
7.383965286184852062e+01
7.425164406557684060e+01
7.410913299713668323e+01
7.504028528483291893e+01
7.448872820261524907e+01
7.391057119827337374e+01
7.492809790973015538e+01
7.414138006956704885e+01
7.410588447056187533e+01
7.380671355241003084e+01
7.441922553094157422e+01
7.429018804559731848e+01
7.430450580496244584e+01
7.370351857374663496e+01
7.395768477729829726e+01
7.383170016925652135e+01
7.343404541221261184e+01
7.439870538457826399e+01
7.389227114168843968e+01
7.531103217370370828e+01
7.452330506508508279e+01
7.421025111369735328e+01
7.389249958388252537e+01
7.439932110680200594e+01
7.355668736716937417e+01
