-1.903703495204942253e-01
-1.938309514673295930e-01
-1.933393529589305659e-01
-1.841176877201878559e-01
-1.807818517749990306e-01
-1.771370089501558553e-01
-1.781248831821241885e-01
-1.761633847712744949e-01
-1.732269235664834761e-01
-1.743758105985124263e-01
-1.680633491843104010e-01
-1.665656431318618125e-01
-1.643107133136609832e-01
-1.637093338896449812e-01
-1.651612669198404826e-01
-1.564196185544445838e-01
-1.596099074299504872e-01
-1.512913113193659898e-01
-1.558551261109188957e-01
-1.487093640420372176e-01
-1.534780107478556088e-01
-1.422328344776793152e-01
-1.443386996033936831e-01
-1.392316249795709504e-01
-1.401414286228835349e-01
-1.403765474123746249e-01
-1.419945112132481591e-01
-1.374586466172264820e-01
-1.276753615368305117e-01
-1.403918349736274218e-01
-1.319670007115455734e-01
-1.381103701586917087e-01
-1.341224980414666978e-01
-1.091522967528271160e-01
-1.195864564903940802e-01
-1.116424367341901369e-01
-1.048372008795857013e-01
-1.039160196689673799e-01
-1.011918659577279445e-01
-9.616290054298352874e-02
-8.858113581594566355e-02
-1.355424065119454902e-01
-1.357362928319633399e-01
-1.382501331787250876e-01
-1.392408023773605563e-01
-1.336395845349146738e-01
-1.320507638562284369e-01
-1.310215557902023042e-01
-1.309052073476315303e-01
-1.364717701627172763e-01
-1.257481455679532734e-01
-1.321654533172677559e-01
-1.339912236593649164e-01
-1.226732288879434779e-01
-1.321772190421109106e-01
-1.351552304911391167e-01
-1.308508929568743817e-01
-1.183172501025241546e-01
-1.240426130158681778e-01
-1.277303959412124934e-01
-1.342120216641845276e-01
-1.338531634171631346e-01
-1.227959873407678260e-01
-1.228805059193663757e-01
-1.262281939076927151e-01
-1.292133334512703680e-01
-1.105914463000015613e-01
-1.234994253879981851e-01
-1.204593334623103723e-01
-1.034863780974696473e-01
-1.176794870199102255e-01
-1.314036268876243863e-01
-1.109083620618304122e-01
-1.099566999300211484e-01
-1.206245296611211659e-01
-1.131224042033385918e-01
-1.076781339350179750e-01
-1.152545325161443007e-01
-1.236412727273441259e-01
-1.135099419723182568e-01
-1.214564700015352966e-01
-1.000920145706082204e-01
-9.781793838709944289e-02
-1.222055124567237999e-01
